Artist : BaconAkin
Song Name : Yeah Boy - Shooting Stars
Difficulty : 0.199054
BPM : 125
Background Image : charts\BaconAkin-Yeah Boy Shooting Stars\mania.jpg
Audio : charts\BaconAkin-Yeah Boy Shooting Stars\Yeah Boy - Shooting Stars.mp3

1 Column Hit Times:
613,
853,
1573,
1813,
2533,
3493,
4453,
5900,
6380,
6860,
7340,
7700,
8060,
8300,
8780,
9260,
9740,
10220,
11180,
11540,
11900,
12140,
13100,
13580,
14060,
14540,
15020,
15380,
15740,
15980,
16460,
16940,
19503,
19983,
20463,
20943,
21423,
22383,
24303,
24783,
25023,
25263,
25623,
26223,
27750,
27990,

1 Column Long Note Times:
4933,
12380,
17420,
21903,
22743,
23583,

1 Column Release Times:
5413,
12620,
19023,
22143,
23343,
23823,

2 Column Hit Times:
613,
1573,
2533,
2773,
3493,
3733,
4213,
6380,
7340,
8780,
9020,
9500,
10220,
11180,
12500,
12860,
13340,
14060,
15020,
16700,
17180,
20463,
22383,
22743,
23343,
23823,
24543,
24783,
25263,
25743,
27750,
27990,

2 Column Long Note Times:
7700,
10460,
11540,
14300,
15380,
16220,
19023,
19743,
20823,
21663,
25983,
26463,
29463,

2 Column Release Times:
8300,
10700,
12140,
14540,
15980,
16460,
19503,
19983,
21423,
21903,
26223,
26583,
30663,

3 Column Hit Times:
1093,
2053,
2293,
3013,
3253,
3973,
4693,
7580,
7820,
8300,
8660,
9260,
10700,
11420,
11660,
12140,
12620,
13100,
15260,
15500,
15980,
16340,
16940,
17300,
19023,
19503,
20223,
20703,
21183,
21423,
22623,
22863,
23343,
23823,
24303,
24663,
25263,
26223,
27870,

3 Column Long Note Times:
5900,
6620,
9620,
13460,
22143,
25503,
26943,
29223,

3 Column Release Times:
6380,
6860,
10220,
14060,
22383,
25743,
27423,
29463,

4 Column Hit Times:
133,
373,
1093,
1333,
2053,
3013,
3973,
4453,
6380,
6860,
7340,
7820,
8300,
9260,
9740,
10220,
10700,
11180,
11660,
12140,
12620,
13100,
13580,
14060,
14540,
15020,
15500,
15980,
16460,
16940,
19023,
19503,
19983,
20463,
20943,
21423,
21903,
22863,
23343,
24303,
25743,
26223,
27870,
27990,

4 Column Long Note Times:
4933,
8540,
22383,
24663,
26583,

4 Column Release Times:
5900,
8780,
22623,
25263,
26703,

