Artist : xi
Song Name : FREEDOM DiVE
Difficulty : 0
BPM : 190
Background Image : charts\xi-FREEDOM DiVE\background desuuu.jpg
Audio : charts\xi-FREEDOM DiVE\Freedom Dive.mp3

1 Column Hit Times:
2133,
3415,
3753,
4023,
5373,
6048,
6453,
7128,
8073,
9153,
9558,
10503,
10773,
11313,
12123,
12663,
13203,
14013,
15363,
15903,
16443,
17253,
17793,
18873,
19143,
19413,
20223,
20763,
21573,
22653,
22923,
23193,
23395,
23598,
23733,
24273,
25353,
25893,
26433,
26973,
27513,
28053,
28255,
28458,
31968,
32575,
33453,
33723,
34128,
34668,
35073,
36153,
36693,
38313,
38515,
39393,
40068,
40878,
42093,
42633,
43173,
43713,
44253,
45063,
45738,
46278,
46615,
46885,
47155,
47425,
47763,
48573,
49113,
49923,
51273,
51813,
52353,
53163,
53703,
54513,
55188,
55458,
55998,
56943,
57753,
58293,
58563,
59643,
60048,
60453,
61533,
62343,
63288,
63693,
63963,
64233,
64503,
64773,
65313,
65853,
66393,
66933,
67473,
68013,
69228,
69768,
70038,
70308,
70578,
70848,
71118,
71456,
71726,
71996,
72266,
72603,
73008,
73413,
74358,
75033,
75573,
76248,
77058,
78138,
78678,
79218,
80163,
80973,
82053,
82728,
82998,
84213,
85293,
86373,
87048,
87723,
88263,
88803,
89343,
89883,
90423,
92853,
95148,
95418,
95688,
95958,
96633,
97173,
97443,
97713,
97983,
102574,
103114,
103924,
105004,
105679,
106016,
106286,
106556,
106826,
107974,
108784,
109189,
109729,
110134,
110404,
110944,
111484,
111754,
112024,
112294,
112834,
113509,
114454,
114859,
115669,
115804,
116074,
116344,
117019,
117424,
117964,
118774,
119854,
120394,
120934,
121744,
122284,
122959,
123229,
123499,
123769,
124039,
124376,
124646,
124916,
125186,
125524,
126064,
126739,
127144,
127684,
127954,
128494,
128764,
129034,
129304,
129574,
130114,
130519,
131059,
131734,
132544,
133084,
133624,
134299,
134839,
135064,
136054,
136594,
137539,
138416,
139024,
139429,
139834,
140239,
140644,
141454,
141724,
141994,
142264,
142669,
143209,
143614,
144019,
144424,
144829,
145639,
145774,
146044,
146314,
146584,
149554,
150364,
150634,
150836,
151039,
151174,
152119,
152389,
152659,
153199,
153874,
154684,
155157,
155427,
156304,
156574,
157384,
157654,
157924,
158734,
159004,
159274,
159477,
159679,
159814,
160624,
161164,
161839,
164134,
164809,
165889,
166497,
166767,
167374,
167914,
168454,
168859,
169399,
169737,
170007,
170209,
170614,
170884,
171357,
171964,
172369,
172774,
172977,
173247,
173719,
174394,
174799,
175137,
175407,
176014,
176554,
176824,
177094,
177634,
177904,
178309,
178714,
178984,
179254,
179524,
179794,
180064,
180334,
180604,
180874,
181144,
181414,
181684,
182022,
182494,
183304,
183574,
183844,
184182,
184384,
185059,
185734,
186477,
186882,
187489,
187827,
188097,
188569,
189109,
189649,
190054,
190324,
190594,
191539,
191809,
192619,
192957,
193294,
193969,
194374,
194982,
195454,
195724,
195994,
196534,
196804,
197074,
197479,
197614,
197884,
198154,
198424,
198694,
198964,
199234,
199504,
199774,
200044,
200314,
200854,
210755,
211655,
213275,
213815,
214895,
215975,
216515,
216785,
217055,
217325,
217595,
218000,
218270,
218810,
219215,
219620,
220295,
220565,
220835,
221105,
221510,
221780,
222050,
222320,
222590,
222995,
223670,
224210,
224750,
225425,
225695,
226235,
226775,
227585,
228035,
228665,
229475,
230285,
231095,
231365,
232175,
232715,
233120,
233457,
233727,
234605,
235145,
235415,
235820,
236360,
236765,
237305,
237845,
238115,
238790,
239060,
239330,
239600,
240005,
241085,
241220,
242030,
242840,
243245,
243785,
244325,
244865,
245315,
245675,
246215,
246755,
247025,
248375,
248645,
249320,
249725,
250130,
250670,
251210,
251615,
252425,
252965,
253505,
254045,
254585,
254855,
255395,
255935,
256475,
256745,

1 Column Long Note Times:
98253,
146854,
203015,
206255,
257015,

1 Column Release Times:
99333,
149014,
204095,
206795,
261335,

2 Column Hit Times:
2808,
3078,
4293,
4968,
5238,
5778,
6318,
6655,
7398,
7735,
8343,
8613,
9018,
9288,
9963,
10233,
10773,
11583,
11853,
12663,
13473,
13743,
14283,
14553,
14755,
14958,
15093,
15633,
16713,
17118,
17523,
18063,
18940,
19210,
19683,
19953,
20223,
21033,
21303,
21843,
22113,
22653,
24003,
24543,
25083,
25623,
25893,
26433,
27243,
27783,
28660,
28863,
28998,
30213,
30415,
30618,
31833,
32238,
32913,
33183,
34263,
34533,
35478,
35815,
36018,
36423,
36963,
38043,
38718,
39258,
39798,
40473,
43983,
44523,
45063,
45333,
45603,
46008,
46548,
46818,
47088,
47358,
47493,
48033,
48303,
48573,
49383,
50328,
50463,
50733,
51003,
51408,
51543,
52623,
52893,
53433,
53703,
54108,
54378,
54918,
55323,
55593,
55863,
56133,
56403,
56673,
57213,
57483,
58023,
58833,
59103,
59913,
60723,
60993,
61263,
61533,
62073,
62343,
63018,
63761,
64031,
64301,
64571,
64908,
65583,
65853,
66123,
66393,
66798,
67203,
67473,
68013,
68283,
68553,
68823,
69093,
69498,
69768,
70038,
70308,
70578,
70848,
71118,
71388,
71658,
71928,
72198,
72333,
72603,
72873,
73278,
73548,
74088,
74583,
74898,
75438,
75708,
76113,
76518,
76788,
77193,
77598,
77868,
78273,
78813,
79353,
79623,
79893,
80433,
80973,
81243,
81783,
82188,
82593,
82863,
83268,
84078,
84348,
84753,
85023,
85428,
86238,
86508,
86778,
87453,
87993,
88533,
89208,
89748,
90153,
90558,
90828,
91098,
91368,
91638,
91908,
92178,
92448,
92718,
95013,
96228,
96498,
102574,
103654,
104194,
104464,
105139,
105409,
105949,
106219,
106489,
106759,
108109,
108379,
108649,
108919,
109324,
109594,
109864,
110404,
110809,
111079,
111484,
111754,
112024,
112294,
112564,
112969,
113374,
114049,
114319,
114994,
115264,
115534,
116614,
117289,
117694,
117874,
118234,
118639,
118909,
119044,
120124,
120529,
121204,
121609,
122149,
122554,
123094,
123364,
123634,
123904,
124309,
124579,
124849,
125119,
125254,
125524,
125929,
126469,
127009,
127279,
127549,
128089,
128359,
128764,
129034,
129304,
129574,
129979,
130249,
130789,
131329,
132004,
132274,
132679,
132949,
133354,
133894,
134164,
134569,
134974,
135154,
135514,
135784,
136459,
136999,
137404,
137944,
138079,
138416,
138619,
138889,
139699,
140036,
140509,
140914,
141319,
142534,
142939,
143344,
143749,
144154,
144694,
145099,
145369,
145909,
146179,
146449,
146719,
147124,
147664,
148204,
148744,
149284,
149824,
151309,
151714,
152929,
153334,
154144,
154684,
155089,
155359,
155764,
156844,
158194,
160084,
161569,
161974,
162244,
162514,
163054,
163324,
163594,
163864,
164404,
165079,
165687,
166092,
166429,
166699,
168117,
168724,
169129,
169669,
169939,
170479,
170749,
171154,
171559,
171964,
172572,
172909,
173179,
173449,
173989,
174664,
175069,
175339,
175609,
176284,
176622,
176892,
177229,
177499,
178039,
178444,
179119,
179322,
179592,
179862,
180132,
180469,
180739,
181009,
181279,
181482,
181954,
182224,
182764,
183169,
183709,
184047,
184654,
184924,
185329,
186139,
186477,
186679,
187084,
187287,
187759,
188029,
188299,
188839,
189379,
190122,
190392,
190729,
190999,
191337,
191607,
192079,
192484,
192957,
193159,
193429,
193834,
194442,
194914,
195049,
196129,
196399,
196669,
197209,
199369,
199639,
200179,
200584,
209495,
210305,
210665,
210845,
211385,
212195,
213005,
213545,
215435,
217932,
218067,
218405,
218675,
218945,
219485,
219890,
220160,
220565,
220970,
221240,
221645,
221915,
222185,
222455,
222725,
223130,
223535,
224075,
224885,
225155,
225830,
225965,
226505,
226910,
227315,
227945,
228125,
228395,
228800,
229070,
229340,
229610,
229880,
230150,
230420,
230690,
231162,
231432,
231635,
231905,
232310,
232715,
233120,
233390,
233660,
233795,
234065,
234335,
234875,
235212,
235550,
236090,
236630,
237035,
237305,
237710,
238250,
238520,
238925,
239195,
239465,
239735,
240140,
240815,
240950,
241625,
241760,
242300,
242570,
242975,
243515,
244055,
244460,
244865,
245225,
245405,
245810,
246080,
246485,
247025,
247295,
247430,
247565,
247970,
248105,
248442,
248712,
249050,
249590,
249860,
250265,
250535,
250805,
251075,
251345,
251615,
251885,
252425,
252830,
253235,
253640,
253910,
254315,
254720,
255125,
255395,
255665,
255935,
256340,
256880,

2 Column Long Note Times:
100413,
106894,
201934,
204635,
207335,

2 Column Release Times:
101493,
107704,
203015,
205175,
208415,

3 Column Hit Times:
2335,
2538,
2943,
3213,
4495,
4698,
5103,
5575,
6183,
7263,
7938,
8208,
8815,
9153,
9423,
9693,
10233,
10503,
11043,
11313,
11853,
12393,
12933,
13203,
13743,
14013,
15363,
16578,
16983,
17523,
18063,
18333,
18603,
19008,
19278,
19413,
19953,
20493,
20763,
21303,
21573,
22113,
22383,
24003,
24273,
25218,
25488,
26163,
26703,
26973,
27513,
29133,
29335,
29538,
31293,
31495,
31698,
32373,
33048,
33318,
33993,
34803,
35208,
36288,
36693,
37233,
37773,
37953,
38853,
39123,
39528,
39933,
40203,
40743,
41013,
41958,
43983,
44253,
44793,
45198,
45468,
45873,
46143,
46480,
46750,
47020,
47290,
48303,
48843,
49113,
49383,
49653,
49923,
50193,
50463,
50733,
51273,
51678,
51813,
52083,
52353,
52623,
53433,
53973,
54243,
54513,
54783,
55053,
55728,
56943,
57213,
57753,
58023,
58293,
58968,
59103,
59373,
59643,
60183,
60453,
60993,
61803,
62073,
62748,
63153,
63558,
63828,
64098,
64368,
64638,
64773,
65043,
65313,
65718,
66258,
66663,
66933,
67338,
67608,
67878,
68148,
68418,
68688,
68958,
69363,
69633,
69903,
70173,
70443,
70713,
70983,
71321,
71591,
71861,
72131,
72468,
72873,
73143,
73413,
73683,
73953,
74223,
74493,
74673,
75033,
75303,
75843,
76113,
76383,
76653,
76923,
77328,
77733,
78003,
78408,
78813,
79083,
79488,
79893,
80163,
80703,
81243,
81513,
82053,
82458,
83403,
83673,
83943,
84483,
85158,
85563,
85833,
86103,
86913,
87183,
87588,
88128,
88668,
88938,
89478,
90288,
90693,
92988,
93258,
93528,
93798,
94068,
94338,
94608,
94878,
96093,
96633,
97173,
97443,
97713,
97983,
98253,
102844,
103114,
103384,
103654,
103924,
104464,
104869,
105274,
105881,
106151,
106421,
106691,
107974,
108244,
108784,
109324,
109999,
110539,
110944,
111214,
111619,
111889,
112159,
113239,
113644,
113914,
114184,
114724,
115129,
115534,
116884,
117154,
117559,
117784,
118099,
118504,
119179,
119314,
119719,
119989,
120664,
121069,
121474,
121879,
122419,
122824,
123229,
123499,
123769,
124039,
124241,
124511,
124781,
125051,
125389,
125794,
126064,
126334,
126604,
126874,
127144,
127684,
128224,
128629,
128899,
129169,
129439,
129844,
130654,
131194,
131599,
131869,
132409,
132814,
133084,
133624,
134029,
134434,
134704,
135244,
135649,
135919,
136189,
136729,
137134,
137674,
137809,
138214,
138754,
139294,
139564,
140036,
140374,
140779,
141184,
142534,
142804,
143074,
143614,
144154,
144559,
144964,
145234,
145504,
145841,
146111,
146381,
146651,
147124,
147664,
148204,
148744,
149284,
149824,
150364,
150634,
150836,
151039,
151174,
151444,
153064,
153334,
154414,
155022,
155292,
155764,
156034,
156304,
157114,
157924,
158464,
160354,
160759,
161029,
161704,
161974,
162514,
162784,
163054,
163324,
163594,
163864,
164269,
164674,
164944,
165484,
166362,
166632,
166969,
167239,
167644,
168319,
168589,
168994,
169602,
169872,
170074,
170344,
170884,
171357,
171762,
172167,
172369,
172842,
173112,
173584,
173854,
174259,
174529,
175002,
175272,
175744,
176149,
176689,
176959,
177094,
177499,
177904,
178309,
178579,
179119,
179389,
179659,
179929,
180199,
180334,
180604,
180874,
181144,
181549,
181887,
182359,
182629,
183034,
183439,
183642,
184114,
184519,
185194,
185599,
185869,
186274,
186882,
187084,
187489,
187692,
187962,
188434,
188974,
189244,
189514,
189784,
190189,
190459,
190797,
191067,
191269,
191674,
191944,
192349,
192754,
193294,
193699,
194104,
194509,
194644,
194847,
195319,
195589,
195859,
196939,
197344,
197749,
198289,
198559,
198829,
199099,
199909,
200449,
200719,
209765,
210575,
211925,
212735,
215435,
217865,
218135,
218540,
219080,
219485,
219755,
220025,
220430,
221105,
221375,
221645,
221915,
222185,
222455,
222860,
223400,
223805,
224345,
224615,
225020,
225560,
225965,
226505,
226775,
227045,
227450,
227855,
228530,
228935,
230015,
230555,
230960,
231230,
231500,
231770,
232040,
232580,
232917,
233322,
233592,
233930,
234200,
234605,
235280,
235685,
235955,
236225,
236765,
237170,
237440,
237980,
238385,
239060,
239330,
239600,
239870,
240275,
240410,
241355,
241490,
242165,
242705,
243110,
243515,
244055,
244325,
244730,
245135,
245540,
245945,
246350,
246620,
246890,
247835,
248240,
248510,
248780,
248915,
249185,
249455,
249725,
249995,
250400,
250940,
251480,
252155,
252695,
253100,
253370,
253775,
254180,
254450,
254855,
255260,
255800,
256205,
256610,

3 Column Long Note Times:
35613,
47493,
56133,
99333,
106894,
204095,
206795,

3 Column Release Times:
36153,
47763,
56403,
100413,
107704,
204635,
207335,

4 Column Hit Times:
2133,
3618,
3888,
4293,
5913,
6453,
6858,
7533,
8613,
9693,
9963,
11043,
11583,
12123,
12393,
12933,
13473,
14283,
14553,
14755,
14958,
15093,
15633,
16038,
16308,
16848,
17253,
17793,
18333,
18603,
19075,
19345,
19683,
20493,
21033,
21843,
22383,
22923,
23193,
23395,
23598,
23733,
24678,
24948,
25758,
26163,
26703,
27243,
27783,
29740,
29943,
30078,
30820,
31023,
31158,
32103,
32778,
33588,
33858,
34398,
34938,
35343,
36558,
37503,
37863,
38988,
39663,
40338,
40608,
41013,
42093,
42633,
43173,
43713,
44523,
44793,
45333,
45873,
46413,
46683,
46953,
47223,
48033,
48843,
49248,
49653,
50193,
51003,
51543,
52083,
52893,
53163,
53973,
54648,
55053,
55593,
56673,
57483,
57888,
58563,
58833,
59373,
59913,
60183,
60723,
61263,
61803,
62613,
62883,
63423,
63896,
64166,
64436,
64706,
65178,
65448,
65988,
66528,
67068,
67743,
68283,
68553,
68823,
69093,
69633,
69903,
70173,
70443,
70713,
70983,
71253,
71523,
71793,
72063,
72333,
72738,
73143,
73818,
74763,
75168,
75573,
75978,
76653,
77193,
77463,
77733,
78273,
78543,
78948,
79353,
79758,
80433,
80703,
81513,
81783,
82323,
83133,
83538,
83808,
84618,
84888,
85698,
85968,
86643,
87318,
87858,
88398,
89073,
89613,
90018,
90693,
92853,
95013,
96093,
96768,
97038,
97308,
97578,
97848,
98118,
102844,
103384,
104194,
104734,
105544,
105814,
106084,
106354,
106624,
108244,
108514,
109054,
109459,
109864,
110269,
110674,
111214,
111619,
111889,
112159,
113104,
113779,
114589,
115399,
115804,
116074,
116344,
116749,
118369,
119449,
119584,
120259,
120799,
121339,
122014,
122689,
123094,
123364,
123634,
123904,
124174,
124444,
124714,
124984,
125254,
125659,
126199,
126604,
127414,
127819,
128224,
128899,
129169,
129439,
129709,
130384,
130924,
131464,
132139,
132814,
133354,
135379,
136324,
136864,
137269,
138214,
138619,
139159,
139834,
140239,
141049,
141454,
141724,
141994,
142264,
143074,
143479,
143884,
144289,
144694,
145234,
145774,
145976,
146246,
146516,
146786,
149014,
150094,
151984,
152524,
152794,
153604,
153874,
154414,
154954,
155224,
155494,
156844,
157384,
158464,
159004,
159274,
159477,
159679,
159814,
160084,
161434,
164539,
165282,
166294,
166564,
166834,
167104,
167509,
168454,
168859,
169264,
169534,
169804,
170614,
171154,
171762,
172167,
172572,
172774,
173044,
173314,
174124,
174934,
175204,
175474,
175879,
176419,
176757,
177027,
177364,
177769,
178174,
178444,
178714,
178984,
179457,
179727,
179997,
180267,
180469,
180739,
181009,
181279,
181617,
181819,
182089,
182899,
183777,
183979,
184249,
184789,
185464,
186004,
186679,
187287,
187624,
187894,
188164,
188704,
189919,
190257,
190527,
190864,
191134,
191404,
191742,
192214,
192754,
193159,
193564,
194239,
194577,
194779,
195184,
195454,
195994,
196264,
196534,
197074,
197614,
198019,
198154,
198694,
199234,
199774,
200314,
210035,
211115,
212465,
213815,
214895,
215975,
216515,
216785,
217055,
217325,
217595,
218405,
218945,
219350,
220025,
220700,
221780,
222050,
222320,
223265,
223940,
224480,
225290,
225695,
226235,
227180,
227720,
228260,
229205,
229745,
230825,
231297,
231567,
232445,
232917,
233255,
233525,
233795,
234335,
234875,
235347,
235685,
236225,
236495,
236900,
237575,
237845,
238655,
238925,
239195,
239465,
239735,
240545,
240680,
241895,
242435,
242975,
243245,
243785,
244190,
244595,
245000,
245405,
245945,
246485,
247160,
247565,
247700,
248105,
248577,
248847,
249455,
250265,
250805,
251345,
251885,
252155,
252695,
253235,
253775,
254315,
254990,
255530,
256070,
256475,

4 Column Long Note Times:
101493,
200854,
205175,
208415,
257015,

4 Column Release Times:
102574,
201934,
206255,
209495,
261335,

