Artist : xi
Song Name : FREEDOM DiVE
Difficulty : 0
BPM : 190
Background Image : charts\xi-FREEDOM DiVE\background desuuu.jpg
Audio : charts\xi-FREEDOM DiVE\Freedom Dive.mp3

1 Column Hit Times:
2133,
2538,
3618,
4293,
6453,
7128,
8613,
9153,
9693,
10233,
10773,
11583,
12393,
12663,
13203,
13743,
14283,
15363,
16713,
16983,
17253,
17793,
18333,
18873,
19413,
20223,
21033,
21573,
22383,
24003,
24543,
25353,
25893,
26433,
28053,
28255,
28458,
30213,
30415,
30618,
32373,
32778,
35613,
36153,
36693,
38313,
39123,
40473,
41013,
42093,
42633,
43173,
43713,
46413,
46683,
46953,
47223,
48843,
49653,
51543,
52893,
53973,
55323,
56133,
56673,
57483,
58293,
59643,
60993,
62343,
62613,
63153,
63963,
64233,
64503,
64773,
65583,
66393,
67203,
68013,
68553,
69093,
69903,
70983,
71523,
72333,
73413,
74223,
75033,
75843,
76653,
77463,
78003,
78813,
79623,
80163,
80973,
82053,
85293,
90153,
90693,
95013,
96633,
97173,
97443,
97713,
97983,
102574,
102844,
103114,
103384,
104734,
105814,
106354,
108244,
109054,
109864,
110674,
111484,
112159,
113104,
113914,
114724,
115534,
115804,
116074,
116344,
117154,
117874,
118774,
119314,
120124,
120934,
121744,
122824,
123634,
124444,
125254,
126064,
127414,
128494,
129439,
130114,
130924,
132274,
133084,
133354,
133624,
134434,
135064,
135784,
136594,
136864,
137674,
138484,
139294,
140104,
141184,
142264,
143344,
143614,
144154,
144694,
145774,
146584,
149284,
150364,
150634,
150836,
151444,
151984,
152794,
153334,
154414,
155359,
155764,
156574,
157654,
158464,
159274,
159814,
160624,
161434,
161974,
162514,
163054,
164134,
164674,
165282,
166092,
167374,
168319,
168859,
169264,
170344,
170884,
171357,
172369,
173179,
173719,
174394,
174934,
175474,
176149,
176689,
178984,
179524,
180064,
180334,
180604,
180874,
181144,
182224,
183844,
184384,
185734,
186274,
187084,
188974,
189244,
189514,
189784,
190054,
190594,
191134,
191404,
191674,
192214,
193159,
193564,
194104,
195454,
195994,
196534,
197344,
198154,
199234,
199774,
200314,
200854,
209495,
210665,
212465,
213275,
213815,
214895,
215435,
215975,
216515,
216785,
217460,
217865,
218405,
219485,
220295,
221105,
221915,
222725,
223265,
224075,
224885,
225965,
227315,
228125,
228935,
229745,
231095,
231905,
232445,
232985,
233795,
234875,
235685,
236225,
237035,
237305,
238385,
239195,
239735,
240545,
241355,
242165,
243245,
243785,
244595,
245315,
245945,
246755,
247025,
247565,
248375,
249185,
250265,
251075,
251615,
251885,
252155,
252425,
252695,
253235,
254045,
254315,
254855,
255530,
255935,
256475,

1 Column Long Note Times:
4968,
7735,
26973,
33453,
35073,
45063,
45873,
47493,
82593,
84213,
86373,
88533,
100413,
106894,
142534,
145234,
146854,
181414,
183304,
184654,
188434,
194779,
204635,
206255,
257015,

1 Column Release Times:
5103,
7938,
27243,
33588,
35208,
45198,
46143,
48033,
82863,
84483,
86643,
88803,
101493,
107704,
142804,
145504,
149014,
181684,
183574,
184924,
188704,
195049,
205175,
206795,
261335,

2 Column Hit Times:
3415,
3753,
4698,
5575,
6453,
6858,
7263,
8883,
9963,
10503,
11043,
11583,
12123,
12933,
13743,
14553,
14958,
15633,
16038,
16308,
17523,
18333,
19008,
19953,
20763,
21303,
21843,
22383,
22923,
23193,
24003,
24678,
25623,
25893,
26433,
28660,
28863,
28998,
30820,
31023,
31158,
35613,
36153,
36963,
37773,
37953,
38853,
40203,
40743,
43983,
46953,
47763,
48573,
49113,
49923,
51273,
51813,
53703,
54243,
55593,
55863,
56403,
56943,
58833,
59913,
60453,
61533,
62748,
63288,
63693,
65043,
65313,
65853,
66663,
67203,
67743,
68688,
69093,
69363,
69903,
70443,
70713,
71793,
72603,
72873,
73143,
73683,
74223,
74763,
75303,
75843,
76923,
77733,
78543,
79083,
79623,
80433,
81243,
85563,
89883,
90828,
91098,
91368,
91638,
91908,
92178,
92448,
92718,
92988,
93258,
93528,
93798,
94068,
94338,
94608,
94878,
96228,
96498,
101493,
105004,
105814,
106624,
107974,
108784,
109324,
110404,
110944,
111484,
112024,
112294,
112564,
113104,
113644,
114454,
114724,
115264,
116614,
117424,
117784,
117964,
118504,
119584,
120394,
121204,
121744,
122284,
122824,
123364,
123904,
124174,
124444,
124984,
125524,
126064,
126604,
126874,
127144,
127684,
128224,
128764,
129304,
129574,
129844,
130384,
131194,
131464,
132004,
132544,
133894,
134704,
134974,
135154,
135514,
136324,
137134,
137944,
138484,
139024,
139564,
140104,
140374,
140644,
141454,
141994,
142264,
143884,
145504,
147124,
147664,
148204,
148744,
149824,
151039,
151714,
152119,
152929,
153874,
154684,
155224,
155494,
156034,
156844,
157924,
158734,
159477,
160084,
160759,
161029,
161569,
161839,
163324,
164269,
164809,
165889,
166294,
166564,
166834,
167104,
168117,
169399,
170209,
170479,
170884,
171154,
171559,
172167,
172572,
173044,
173584,
174259,
174529,
175069,
175609,
176284,
178039,
178309,
179119,
179524,
180064,
181684,
182089,
182359,
184249,
185734,
186274,
186679,
187287,
187624,
188974,
190189,
190729,
191944,
192754,
193564,
194104,
195184,
196264,
197074,
197614,
198424,
198964,
199504,
200044,
209495,
210035,
210575,
210755,
211655,
213005,
217325,
218135,
218675,
218945,
219755,
220565,
221105,
221645,
222050,
222455,
223805,
224345,
225425,
225695,
226235,
226505,
226775,
227045,
227855,
228395,
229205,
229745,
230015,
230285,
230825,
231365,
231905,
232715,
233525,
234065,
234605,
234875,
235415,
236495,
237845,
238655,
239060,
239465,
240005,
241085,
241625,
242435,
242705,
243245,
243785,
244325,
244865,
245225,
245405,
246215,
247565,
248105,
248645,
249455,
249725,
249995,
250265,
250805,
251345,
252695,
252965,
253505,
253775,
254315,
254990,
255260,
255800,
256340,
256745,

2 Column Long Note Times:
2808,
27513,
32103,
33723,
34533,
44793,
83133,
87453,
98253,
143074,
144694,
146314,
183034,
185194,
187894,
203015,
205175,
206795,

2 Column Release Times:
2943,
27783,
32238,
33858,
34668,
44928,
83403,
87723,
99333,
143344,
144964,
146584,
183304,
185464,
188164,
204095,
206255,
207335,

3 Column Hit Times:
2335,
3888,
4495,
5778,
6655,
7398,
8343,
9423,
9693,
10233,
11313,
12123,
12933,
13473,
14283,
14755,
15093,
15903,
16443,
18063,
18603,
19143,
19683,
20223,
20493,
20763,
21573,
22113,
22923,
23395,
23733,
24273,
25083,
25488,
26163,
26703,
29133,
29335,
29538,
31293,
31495,
31698,
35883,
36423,
37233,
37863,
38043,
38583,
39393,
39933,
45603,
46143,
46683,
47223,
48303,
50193,
50463,
51003,
52083,
52623,
53433,
54513,
55323,
55863,
57213,
58023,
58563,
59373,
60183,
61263,
62073,
62883,
63423,
63693,
64773,
65583,
66123,
66933,
67473,
68283,
68823,
69633,
70443,
70983,
71523,
72063,
72603,
72873,
73143,
73953,
74493,
74673,
75573,
76113,
76383,
77193,
78543,
79353,
80703,
81513,
85833,
89613,
92853,
95148,
95418,
95688,
95958,
96768,
97038,
98253,
99333,
100413,
105274,
106084,
106354,
108244,
108514,
109324,
109864,
110404,
111214,
111889,
112834,
113374,
114184,
115264,
116884,
117694,
118234,
119044,
119584,
119854,
120664,
121474,
122554,
123094,
124174,
124714,
124984,
125794,
126334,
127684,
127954,
128764,
129169,
130384,
130924,
131734,
132004,
132814,
134164,
135244,
136054,
136864,
137404,
138214,
139024,
139834,
140914,
141724,
141994,
142804,
144424,
145234,
149284,
150364,
151174,
152524,
153064,
153334,
154414,
155089,
155764,
156304,
157384,
158194,
159004,
159679,
160354,
161164,
161704,
163594,
164404,
164944,
165687,
166429,
166699,
167914,
168454,
168859,
169534,
169804,
170074,
170614,
171357,
171964,
172909,
173449,
174124,
174664,
175204,
175744,
176419,
176824,
177094,
177499,
177904,
178444,
178714,
179254,
179794,
184519,
186004,
186477,
187489,
187759,
189244,
190324,
190864,
191809,
192484,
192957,
193294,
193834,
194644,
195049,
195724,
196534,
197074,
197884,
198694,
199234,
200584,
209765,
210305,
210845,
211385,
211925,
212735,
213545,
217190,
217730,
218135,
219215,
219485,
220025,
220835,
221375,
222185,
222455,
222995,
223265,
223535,
224345,
224885,
225155,
225965,
226235,
227045,
227585,
227945,
228125,
228665,
229475,
230555,
231365,
231635,
232445,
233255,
234065,
234335,
234605,
235280,
235955,
236225,
236765,
237305,
237575,
237845,
238385,
239330,
240005,
240545,
241085,
241895,
242165,
242975,
243515,
244055,
244865,
245135,
245405,
245945,
246485,
247295,
248105,
248915,
249185,
250535,
251345,
253235,
253505,
254045,
254585,
255395,
256070,
256610,
256880,

3 Column Long Note Times:
3078,
6183,
8073,
27513,
33183,
33993,
34803,
44523,
84753,
86913,
89073,
101493,
143614,
145774,
182764,
183979,
184924,
188164,
204095,
207335,

3 Column Release Times:
3213,
6318,
8208,
27783,
33318,
34128,
34938,
44658,
85023,
87183,
89343,
102574,
143884,
146044,
183034,
184249,
185194,
188434,
204635,
208415,

4 Column Hit Times:
2133,
4023,
4293,
7533,
8613,
9153,
9963,
10503,
11043,
11853,
12663,
13203,
14013,
14553,
15363,
16848,
17253,
17793,
18603,
19278,
19683,
21303,
21843,
22653,
23598,
24948,
25758,
26163,
26703,
29740,
29943,
30078,
32575,
35883,
36423,
37503,
39663,
41013,
42093,
42633,
43173,
43713,
46413,
47493,
48033,
49383,
50733,
52353,
53163,
54783,
55053,
55593,
57753,
59103,
60723,
61803,
63018,
63558,
63963,
64233,
64503,
65043,
66123,
66663,
67743,
68283,
68958,
69363,
70173,
71253,
72063,
73683,
74583,
75303,
76383,
76923,
77463,
78003,
78273,
79083,
81783,
86103,
90423,
90693,
96093,
97173,
97443,
97713,
97983,
103654,
103924,
104194,
104464,
105544,
106084,
106624,
108784,
109594,
110134,
110944,
111754,
112564,
113644,
114184,
114994,
115804,
116074,
116344,
116884,
117424,
118504,
119044,
120124,
120664,
121204,
122014,
122284,
123364,
123904,
124714,
125524,
126604,
127144,
128224,
129034,
129844,
130654,
131464,
132544,
133084,
133354,
133624,
134164,
134704,
135784,
136324,
137404,
137944,
138754,
139564,
140644,
141184,
141454,
141724,
142534,
143074,
144964,
146044,
146314,
146854,
149014,
149824,
151444,
152389,
153199,
153874,
154954,
155494,
157114,
157654,
159004,
159814,
161974,
162514,
163864,
164539,
165079,
165484,
166969,
167239,
168454,
169669,
169939,
170614,
171154,
171762,
172774,
173314,
173989,
175339,
175879,
176554,
179254,
179794,
180334,
180604,
180874,
181144,
186004,
186882,
189514,
189784,
190054,
190459,
190999,
192079,
192349,
193294,
193834,
195454,
195994,
196804,
197614,
198154,
198694,
199774,
200314,
211115,
212195,
213815,
214895,
215435,
215975,
216515,
216785,
217055,
217595,
217865,
218405,
218945,
220025,
220565,
221645,
222320,
222725,
223805,
224615,
225425,
226505,
227585,
228035,
228665,
229205,
230285,
230825,
232175,
232985,
233525,
234335,
235145,
235685,
236765,
238115,
238925,
239600,
240275,
240815,
241625,
242705,
243515,
244325,
245675,
246485,
247025,
247835,
248645,
249725,
250805,
251615,
251885,
252155,
252425,
252965,
253775,
254585,
255125,
255665,
256205,

4 Column Long Note Times:
5238,
5913,
26973,
31833,
32913,
34263,
35343,
44253,
45333,
56133,
79893,
82053,
83673,
87993,
99333,
106894,
144154,
167509,
181819,
182494,
183574,
185464,
188704,
194374,
200854,
208415,
257015,

4 Column Release Times:
5373,
6048,
27243,
31968,
33048,
34398,
35478,
44388,
45603,
56673,
80433,
82323,
83943,
88263,
100413,
107704,
144424,
167644,
182089,
182764,
183844,
185734,
188974,
194644,
203015,
209495,
261335,

