Artist : hololive
Song Name : hololive song pack
Difficulty : 0
BPM : 190
Background Image : charts\hololive-hololive song pack\adrenaline!!! - Shigure Ui & Oozora Subaru.png
Audio : charts\hololive-hololive song pack\adrenaline!!! - Shigure Ui & Oozora Subaru.ogg

1 Column Hit Times:
826,
4871,
5095,
5430,
5766,
6214,
6326,
7110,
7557,
8229,
8453,
8901,
9348,
9684,
10020,
10468,
10804,
11139,
12259,
13378,
14162,
14386,
14721,
15281,
15729,
16065,
16596,
17408,
17856,
18304,
18751,
20990,
21438,
21886,
22333,
24124,
24572,
25020,
25468,
25915,
26363,
27259,
28154,
28602,
29050,
29498,
30617,
32184,
33080,
35766,
36662,
37110,
38005,
39124,
40020,
41923,
43602,
44498,
45505,
47632,
47968,
48304,
48527,
49087,
49423,
49647,
50318,
50878,
51550,
51886,
52110,
53005,
53677,
53901,
54348,
54572,
55020,
55692,
56027,
56363,
56587,
56923,
57259,
57595,
57930,
58154,
58378,
59274,
59833,
60169,
61960,
62184,
62408,
62856,
63080,
63304,
63751,
64199,
64647,
65318,
65766,
65990,
66438,
67333,
67781,
68005,
68453,
68901,
69796,
70020,
70356,
70804,
71139,
71587,
72147,
72595,
73826,
74386,
74721,
75169,
75393,
76289,
77296,
77632,
78080,
78304,
79199,
79423,
79871,
80207,
80318,
80766,
80990,
81438,
82557,
83453,
84572,
86139,
86531,
87259,
87707,
88154,
88378,
89050,
89386,
89721,
90617,
91065,
92184,
92968,
93192,
93527,
94087,
94535,
94871,
96214,
96662,
97557,
99348,
99796,
103378,
103826,
104274,
105169,
105617,
107408,
107856,
108527,
108751,
108975,
109087,
109311,
110990,
111214,
111662,
112110,
113229,
113677,
113901,
114124,
114348,
115020,
115468,
115692,
116699,
117147,
117930,
118826,
119721,
120169,
121960,
124647,
125095,
125542,
125990,
126438,
126774,
127110,
127333,
127669,
128229,
128677,
129124,
129684,
130244,
130468,
130692,
130915,
131811,
132259,
132707,
133154,
133378,
133826,
134274,
134498,
134833,
135169,
135393,
135729,
136065,
136401,
136736,
136960,
137184,
138080,
138639,
138975,
140766,
140990,
141214,
141662,
141886,
142110,
142557,
143005,
143453,
144124,
144572,
144796,
145244,
146139,
146587,
146811,
147259,
147707,
148154,
148602,
149945,
150393,
150841,
151289,
152632,
153527,
156102,
156438,
156886,
157110,
158005,
158229,
158677,
159013,
159124,
159572,
159796,
160244,
161363,
162259,
163378,
165505,
165841,
166960,
169311,
170878,
171214,
172333,
173901,
174236,
174796,
175020,
175244,
175356,
175580,
176587,
176811,
177259,
178378,
179050,
179498,
180169,
180841,
181960,
182408,
183975,
184423,
186886,
187781,
188229,
189124,
190468,
191811,
193938,
195169,
195729,
196065,
196289,
196736,
197072,
197296,
197968,
198304,
198751,
198975,
199647,
200654,
201102,
201662,
202110,
203453,
203901,
204348,
204908,
207035,
207371,
207707,
207930,
208154,
208378,
208602,
208826,
210617,
214199,
214647,
215990,
217781,
220020,
220468,
220915,
222259,
222483,
222707,
222930,
223322,
223602,
224050,
224498,
226065,
226289,
226513,
226736,
227408,
227632,
228080,
228304,
228751,
229983,
230318,
230990,
231326,
231662,
231886,
232110,
233229,
233565,
233901,
234348,
236811,
237035,
237371,
237707,
238826,
239274,
239498,
239721,
240169,
240393,
240841,
241065,
241289,
242184,
242408,
242856,
243192,
243304,
243751,
243975,
244199,
244647,
244983,
245095,
245542,
245766,
245990,
246438,
246774,
246886,
247557,
247781,
248005,
250020,
250244,
250468,
250915,
251251,
252930,
253826,
254274,
254721,
254945,
255617,
255953,
256289,
257184,
257632,
258751,
259535,
259759,
260766,
261438,
261662,
261886,
262557,
263005,
263341,
263677,
264348,
264796,
265692,
265915,
266699,
267035,
267259,
267483,
267818,
268378,
268714,

1 Column Long Note Times:
1736,
2632,
3527,
4423,
7781,
11587,
12595,
13826,
14945,
18975,
19423,
19871,
20318,
22557,
23453,
26699,
30841,
31289,
33751,
34647,
37333,
38229,
38677,
38901,
40244,
41363,
42259,
44945,
45841,
48751,
52557,
55356,
58826,
61065,
66886,
67110,
69348,
73154,
75841,
76513,
76848,
77072,
78527,
82110,
83005,
83677,
84796,
85244,
85580,
85915,
90169,
91401,
92632,
93751,
95095,
97781,
98229,
100468,
100915,
102707,
104498,
105841,
106736,
108080,
109647,
110318,
112557,
116139,
117483,
117707,
119274,
119498,
120505,
121513,
122632,
123304,
124087,
128005,
131139,
137632,
139871,
145692,
145915,
149050,
149498,
151960,
153975,
154423,
154871,
155318,
155654,
155878,
157333,
160915,
161811,
162483,
162707,
162930,
163826,
164945,
166065,
166289,
166513,
167408,
168080,
168863,
170318,
171438,
171662,
171886,
172781,
175915,
177595,
177818,
178042,
178714,
179833,
180505,
181289,
182744,
183304,
183527,
184759,
185542,
185766,
185990,
186326,
187333,
187557,
188453,
188901,
189572,
189908,
190915,
192483,
193042,
194498,
199871,
202333,
202781,
205244,
212408,
215095,
215542,
219572,
221363,
221699,
224945,
225281,
225617,
229087,
229423,
232557,
234796,
235692,
237930,
241513,
247110,
248229,
249124,
251811,
252483,
253154,
256736,
257968,
259199,
260095,
260318,
260542,
263901,
265132,
266363,
269274,

1 Column Release Times:
1960,
2856,
3751,
4647,
8117,
11811,
12930,
14050,
15169,
19199,
19535,
20095,
20542,
23005,
23901,
26811,
31065,
31513,
34087,
34983,
37669,
38565,
38845,
39068,
40468,
41587,
42818,
45169,
47408,
48863,
52669,
55412,
59050,
61513,
66998,
67221,
69404,
73378,
76065,
76568,
76904,
77128,
78975,
82445,
83341,
83733,
84852,
85524,
85860,
86083,
90393,
91736,
92856,
93975,
95542,
98005,
98453,
100692,
101139,
103154,
104721,
106065,
106960,
108192,
109871,
110654,
112893,
116475,
117651,
117874,
119442,
119665,
120841,
121736,
122856,
123527,
124423,
128117,
131251,
137856,
140318,
145804,
146027,
149274,
149721,
152184,
154199,
154647,
155095,
155374,
155710,
155934,
157781,
161251,
162147,
162595,
162818,
163042,
164050,
165169,
166177,
166401,
166624,
167632,
168304,
169087,
170542,
171550,
171774,
171998,
173005,
176139,
177707,
177930,
178154,
178826,
179945,
180617,
181513,
182968,
183415,
183639,
184983,
185654,
185878,
186102,
186662,
187445,
187669,
188565,
189013,
189684,
190244,
191251,
192707,
193378,
194833,
200207,
202557,
202893,
206923,
214087,
215318,
215766,
219964,
221587,
221923,
225169,
225505,
225841,
229143,
229647,
232781,
235020,
236587,
238378,
241960,
247333,
248677,
249572,
252091,
252651,
253490,
256960,
258304,
259423,
260207,
260430,
260654,
264124,
265468,
266587,
269945,

2 Column Hit Times:
826,
2856,
4647,
4871,
5207,
5542,
5990,
6102,
6438,
6774,
7110,
7613,
8229,
8901,
9796,
10580,
10804,
11811,
12035,
12707,
12930,
13154,
13602,
13826,
14162,
14945,
15169,
15393,
15841,
16177,
16568,
17856,
18751,
19199,
20095,
21438,
22333,
22781,
23229,
23677,
26811,
27707,
28378,
29721,
29945,
30169,
30281,
30505,
31177,
32184,
33080,
33527,
33975,
34423,
34871,
35318,
36214,
37557,
38453,
39348,
40020,
40915,
42259,
42483,
44498,
47632,
47968,
48304,
49311,
49647,
49871,
50095,
50542,
50990,
51214,
51438,
51662,
52110,
53005,
53229,
53789,
54124,
54796,
55244,
55915,
56475,
56811,
57259,
57483,
57818,
58378,
58602,
59721,
59945,
60393,
61289,
61736,
62296,
62632,
62968,
63192,
63527,
63751,
63975,
64423,
64647,
64871,
65095,
65542,
65878,
66214,
67333,
68005,
68229,
68901,
69124,
69348,
70020,
70244,
70692,
70915,
71811,
72035,
72483,
73378,
74498,
74945,
77184,
77352,
77744,
78024,
78304,
78471,
78975,
79311,
79423,
80263,
80990,
83453,
84628,
86139,
86475,
87035,
87707,
88378,
88602,
89274,
89498,
90169,
90617,
90841,
91513,
91736,
91960,
92408,
92632,
92968,
93751,
93975,
94199,
94647,
94983,
95542,
96774,
100244,
102707,
102930,
103826,
104274,
104721,
106065,
106513,
107072,
109535,
109759,
110542,
110766,
111886,
112333,
112781,
113229,
114124,
114796,
115020,
115915,
116363,
116811,
117259,
117930,
118826,
120505,
123751,
124087,
124759,
124983,
125207,
125430,
125654,
125878,
126102,
126326,
128229,
128453,
128677,
128901,
129348,
129796,
130020,
130356,
130915,
132035,
132259,
132483,
132930,
133602,
134050,
134386,
134721,
135281,
135617,
136065,
136289,
136624,
137184,
137408,
138527,
138751,
139199,
140095,
140542,
141102,
141438,
141774,
141998,
142333,
142557,
142781,
143229,
143453,
143677,
143901,
144348,
144684,
145020,
146139,
146811,
147035,
147707,
147930,
148714,
149721,
150617,
151289,
153304,
153751,
155990,
156158,
156550,
156830,
157110,
157277,
157781,
158117,
158229,
159068,
159796,
162259,
165841,
167968,
168304,
168527,
168863,
169199,
169423,
171214,
173901,
174236,
174572,
175356,
176587,
179721,
181065,
182632,
182968,
183192,
187110,
188005,
188229,
189124,
190580,
190915,
191139,
191587,
192035,
193042,
193602,
193826,
194721,
195169,
195393,
195729,
196177,
196513,
196736,
197072,
197520,
197856,
198080,
198415,
198863,
199311,
199759,
200766,
201438,
201662,
203005,
203677,
204124,
204572,
205020,
205468,
205692,
206139,
206475,
206699,
206923,
207707,
207930,
210617,
211065,
211513,
211960,
215878,
219572,
220468,
223266,
223602,
223938,
224274,
224610,
226121,
226289,
226624,
226736,
226960,
227520,
227856,
228527,
228751,
228975,
230542,
230990,
231214,
231550,
232110,
232333,
233453,
233677,
234124,
235915,
236139,
236587,
236923,
237259,
237483,
237818,
237930,
238378,
238602,
238770,
239721,
240393,
241289,
241457,
241960,
242296,
242408,
243248,
243863,
244087,
244423,
245039,
245318,
245542,
245934,
246214,
246830,
247110,
247333,
247557,
248005,
249124,
250020,
250580,
251307,
252707,
252986,
253602,
254274,
254945,
255169,
255841,
256065,
256736,
257184,
257408,
258080,
258304,
258527,
258975,
259199,
259535,
259871,
260766,
261438,
262110,
262333,
263005,
263229,
264348,
264572,
265468,
265804,
266363,
266587,
266811,
267035,
267371,
267707,
267930,
268266,
268602,
269050,

2 Column Long Note Times:
1513,
2408,
3304,
4199,
7333,
7781,
8677,
9124,
10244,
11139,
12371,
14498,
19535,
24348,
24796,
25244,
25692,
27930,
28826,
29274,
31513,
32408,
35542,
36438,
39572,
39796,
41363,
41699,
42930,
43154,
45281,
45617,
48751,
48975,
52333,
55020,
55580,
58826,
60617,
66662,
69572,
71363,
72707,
74050,
75617,
76065,
76736,
79871,
80542,
81214,
81662,
83005,
83789,
84013,
84796,
85244,
85580,
86587,
87483,
87930,
88826,
89721,
91177,
93304,
98677,
99124,
101363,
102259,
103154,
105393,
107632,
108192,
110095,
111214,
113453,
114348,
115244,
118378,
118602,
119050,
119945,
120841,
121736,
122408,
123304,
124423,
127781,
128005,
131587,
137632,
139423,
145468,
149274,
150169,
151513,
152856,
154647,
155542,
158677,
159348,
160020,
160468,
161811,
162483,
162707,
162930,
163490,
163826,
164274,
164498,
164721,
164945,
165281,
166065,
166289,
166513,
167072,
167408,
169647,
169871,
170095,
170318,
170654,
171438,
171662,
171886,
172445,
172781,
173229,
173453,
173677,
176139,
176923,
178154,
178490,
179050,
179945,
180281,
180617,
181736,
183751,
184199,
184647,
184983,
185318,
186102,
187445,
187669,
188677,
189684,
192483,
194274,
200207,
208826,
215318,
220020,
221363,
221699,
222035,
224945,
225281,
225617,
229311,
229647,
230095,
232557,
233005,
235020,
235468,
239274,
239945,
240617,
242856,
243527,
244647,
246438,
248229,
249572,
252147,
252483,
253154,
254050,
254498,
255393,
256289,
257744,
261214,
261662,
262557,
263453,
264124,
264908,
269274,

2 Column Release Times:
1736,
2632,
3527,
4423,
7557,
8117,
8789,
9348,
10468,
11363,
12595,
14721,
19647,
24572,
25020,
25468,
25915,
28154,
29050,
29386,
31848,
32744,
35878,
36774,
39740,
39964,
41587,
41923,
43042,
43714,
45505,
45841,
48863,
49087,
52445,
55076,
55636,
59050,
61065,
66774,
69628,
71587,
72930,
74274,
75841,
76289,
76792,
80095,
80766,
81438,
82557,
83341,
83845,
84068,
84852,
85524,
85860,
86923,
87595,
88154,
89050,
89945,
91401,
93527,
98901,
99348,
101811,
102483,
103378,
105617,
107856,
108304,
110318,
111550,
113789,
114684,
115580,
118546,
118770,
119274,
120169,
121065,
121960,
122632,
123527,
124647,
127893,
128117,
131699,
137856,
139871,
145580,
149498,
150393,
151736,
153080,
154871,
155598,
158901,
159572,
160244,
161363,
162147,
162595,
162818,
163042,
163714,
164050,
164386,
164610,
164833,
165169,
165505,
166177,
166401,
166624,
167296,
167632,
169759,
169983,
170207,
170542,
170878,
171550,
171774,
171998,
172669,
173005,
173341,
173565,
173789,
176363,
177259,
178266,
178714,
179274,
180057,
180393,
180729,
181960,
183863,
184311,
184759,
185207,
185542,
186326,
187557,
187781,
188789,
189908,
192707,
194498,
200542,
210505,
215542,
220412,
221587,
221923,
222147,
225169,
225505,
225841,
229367,
229871,
230318,
232781,
233229,
235244,
235692,
239498,
240169,
240841,
243080,
243751,
244871,
246662,
249013,
249908,
252427,
252651,
253490,
254162,
254721,
255617,
256513,
257968,
261326,
261886,
262781,
263677,
264236,
265132,
269833,

3 Column Hit Times:
714,
2884,
4647,
4983,
5318,
5766,
5878,
6214,
6438,
6774,
7110,
7669,
8453,
9124,
9348,
9572,
9796,
10468,
10692,
10915,
11811,
12035,
12483,
13154,
13378,
14050,
14386,
14610,
14833,
16513,
16736,
17408,
18304,
19647,
20542,
20990,
21550,
21886,
23229,
23677,
24124,
25020,
25915,
28266,
29162,
29498,
30729,
30953,
31401,
31736,
32632,
33527,
33975,
34423,
34871,
35766,
36662,
37110,
38005,
38565,
39124,
39460,
40915,
42707,
43154,
43378,
45169,
49423,
50095,
50318,
50766,
50990,
51438,
51662,
51886,
53229,
53453,
53677,
54572,
54796,
55468,
55692,
55915,
56139,
56363,
56587,
56811,
57707,
58154,
58378,
58714,
59050,
59498,
59945,
60617,
61065,
61513,
61960,
62632,
62856,
63080,
63415,
63639,
63975,
64199,
64535,
65095,
65318,
65878,
66438,
67333,
67557,
67781,
68229,
68453,
68677,
70244,
70468,
70692,
70915,
71139,
71587,
71923,
72259,
72483,
72930,
74498,
74721,
75169,
76289,
77408,
77968,
78080,
78415,
78527,
79367,
79871,
80095,
80318,
81214,
81438,
84740,
86139,
86419,
87035,
87259,
87930,
88154,
88602,
89386,
89610,
89945,
90393,
90617,
90841,
91289,
91960,
92184,
92856,
93192,
93415,
93639,
95039,
95542,
98005,
98453,
100356,
103154,
103938,
104721,
105729,
106513,
106960,
107408,
107968,
108304,
109983,
110207,
110542,
110990,
111438,
112333,
112557,
112781,
114572,
115468,
115915,
116139,
116363,
116587,
117035,
117371,
118154,
118266,
119721,
120393,
120841,
124423,
124871,
125318,
125766,
126214,
126438,
126774,
127110,
128117,
128901,
129124,
129572,
129796,
130356,
130692,
131811,
132035,
132595,
133378,
133602,
134050,
134274,
134498,
134721,
134945,
135169,
135393,
135617,
136513,
136960,
137184,
137520,
137856,
138304,
138751,
139423,
139871,
140318,
140766,
141438,
141662,
141886,
142221,
142445,
142781,
143005,
143341,
143901,
144124,
144684,
145244,
146139,
146363,
146587,
147035,
147259,
147483,
148154,
148378,
148826,
149050,
149498,
149721,
149945,
150393,
151065,
151736,
153527,
153975,
155095,
156214,
156774,
156886,
157221,
157333,
158173,
158677,
158901,
159124,
160020,
160244,
164050,
167632,
167856,
168080,
168415,
169087,
173005,
175580,
177483,
178602,
178826,
179274,
181065,
183080,
186886,
187221,
189348,
191251,
191699,
192147,
192707,
192930,
193378,
193938,
195281,
195617,
196513,
196848,
197184,
197408,
197744,
198975,
199311,
199647,
200095,
200542,
200990,
201550,
202110,
202557,
203453,
203789,
204124,
204348,
204684,
205020,
205244,
205580,
205915,
206363,
206587,
206811,
207035,
207371,
208826,
212408,
212856,
213304,
213751,
215990,
216214,
216438,
216662,
216886,
217110,
217333,
217557,
219572,
220915,
222371,
222595,
222818,
223042,
223210,
223602,
223826,
224274,
224498,
224721,
224945,
225169,
225505,
225953,
226177,
226401,
226624,
226960,
227184,
227408,
228304,
228527,
229199,
229423,
229647,
229871,
230095,
230318,
230542,
231438,
231886,
232110,
232557,
232781,
233453,
233677,
233901,
234348,
236027,
236251,
236475,
237035,
237259,
237483,
237707,
237874,
238714,
238826,
239274,
239498,
239665,
240617,
240841,
241065,
241401,
241513,
242352,
242856,
243080,
243304,
243751,
243975,
244311,
244535,
244871,
245095,
245878,
246662,
246886,
247781,
248229,
250020,
250356,
250692,
251195,
252707,
253042,
253602,
253826,
254498,
254721,
255169,
255953,
256177,
256513,
256960,
257184,
257408,
257856,
258527,
258751,
259423,
259759,
260766,
260990,
261886,
262221,
263117,
263341,
263901,
265020,
265692,
265915,
266139,
266699,
266923,
267259,
267595,
267930,
269162,

3 Column Long Note Times:
1289,
2184,
3080,
3975,
7333,
7781,
8789,
10020,
11363,
12259,
12707,
15169,
26139,
26587,
27035,
27483,
28602,
31960,
32856,
35095,
35990,
40468,
40692,
41699,
42035,
43826,
44050,
45617,
48975,
49199,
52557,
52781,
55244,
57035,
66886,
69460,
69684,
69908,
73154,
73602,
74050,
75393,
75841,
76624,
76960,
78975,
80766,
81662,
82557,
83901,
84124,
85580,
85915,
86587,
87595,
89050,
91065,
91513,
93975,
96886,
97333,
101363,
101811,
102259,
103602,
104945,
109423,
111662,
113005,
113901,
119274,
119498,
121065,
121960,
122856,
123751,
127557,
127781,
131139,
131363,
135841,
145692,
151960,
152408,
152856,
154199,
154647,
155430,
155766,
157781,
159572,
160468,
161363,
162483,
162707,
162930,
163154,
163490,
164274,
164498,
164721,
165281,
165617,
166065,
166289,
166513,
166736,
167072,
169647,
169871,
170095,
170654,
170990,
171438,
171662,
171886,
172110,
172445,
173229,
173453,
173677,
174013,
176139,
176699,
177707,
178266,
180057,
180393,
180729,
181513,
182184,
182408,
183751,
184199,
184647,
184983,
185542,
185766,
185990,
186326,
187893,
188453,
188901,
189684,
190692,
194274,
194833,
198415,
202893,
214199,
220468,
221363,
221699,
222035,
228975,
230766,
233005,
234796,
235244,
238378,
240169,
241960,
245542,
245990,
247333,
248677,
249124,
251363,
251811,
252147,
253154,
254162,
255617,
257632,
258080,
261326,
262781,
264124,
264796,
265244,

3 Column Release Times:
1513,
2408,
3304,
4199,
7557,
8117,
9013,
10244,
11587,
12371,
12930,
15393,
26363,
26699,
27259,
27707,
28826,
32296,
33192,
35430,
36326,
40636,
40860,
41923,
42259,
43938,
44610,
45841,
49087,
49311,
52669,
52893,
55300,
57259,
66998,
69516,
69740,
69964,
73378,
73826,
74274,
75617,
76065,
76680,
77016,
79199,
80990,
82110,
83453,
83957,
84180,
85860,
86083,
86923,
87818,
89274,
91177,
91736,
94199,
97110,
97557,
101587,
102035,
102707,
103826,
105169,
109647,
111998,
113341,
114236,
119442,
119665,
121736,
122632,
123527,
124087,
127669,
127893,
131251,
131475,
136065,
145804,
152184,
152632,
153080,
154423,
154871,
155486,
155822,
158005,
159796,
160915,
162259,
162595,
162818,
163042,
163378,
163714,
164386,
164610,
164833,
165505,
165841,
166177,
166401,
166624,
166960,
167296,
169759,
169983,
170207,
170878,
171214,
171550,
171774,
171998,
172333,
172669,
173341,
173565,
173789,
174236,
176363,
176923,
177818,
178378,
180169,
180505,
180841,
181736,
182296,
182520,
183863,
184311,
184759,
185207,
185654,
185878,
186102,
186662,
188117,
188565,
189013,
189908,
190915,
194498,
195169,
198751,
203005,
215878,
220860,
221587,
221923,
222147,
229031,
230990,
233229,
235020,
235468,
238602,
240393,
242184,
245766,
246438,
247557,
249013,
249908,
251419,
252091,
252427,
253490,
254386,
255841,
257744,
258304,
261550,
263005,
264236,
264908,
265468,

4 Column Hit Times:
714,
4759,
5095,
5318,
5542,
5654,
5990,
6438,
6774,
7725,
8229,
8677,
9572,
10244,
10580,
11363,
11587,
11811,
12483,
12930,
13266,
14050,
14274,
14498,
15057,
16540,
16736,
19199,
19647,
20095,
20542,
22781,
24572,
25468,
26363,
26811,
27259,
27707,
28154,
29050,
29721,
29945,
30169,
30281,
31736,
32632,
35318,
36214,
37557,
38453,
39124,
40020,
40915,
41587,
42707,
43602,
44050,
44274,
47632,
47968,
48304,
48527,
48863,
49423,
49871,
50207,
50542,
50766,
51214,
51550,
53005,
53453,
53901,
54124,
54348,
55804,
56139,
56587,
57483,
57707,
57930,
58266,
58602,
59050,
59274,
59498,
59721,
60841,
62296,
63304,
63527,
63751,
64423,
64871,
65207,
65542,
65766,
65990,
66214,
67557,
68117,
68677,
69124,
69572,
70132,
70468,
70915,
71811,
72035,
72259,
74274,
74498,
77520,
77856,
78527,
78975,
79199,
80095,
80318,
80766,
81214,
81662,
83453,
84684,
86363,
87035,
87483,
88490,
88826,
89274,
89610,
91289,
91736,
92072,
92856,
93080,
93304,
93863,
97110,
98565,
100692,
101139,
102818,
103042,
103378,
105169,
105617,
106065,
106960,
107856,
108304,
108527,
108751,
108975,
109087,
109311,
110318,
111438,
111886,
113005,
113453,
113677,
114572,
115244,
116587,
116923,
117259,
117930,
118826,
119721,
120729,
121065,
122856,
123975,
124311,
126438,
126774,
127110,
127333,
127893,
128229,
128453,
129013,
129348,
129572,
130020,
130244,
130468,
131811,
132483,
132707,
132930,
133154,
133826,
134945,
135393,
136289,
136513,
136736,
137072,
137408,
137856,
138080,
138304,
138527,
139647,
141102,
142110,
142333,
142557,
143229,
143677,
144013,
144348,
144572,
144796,
145020,
146363,
146923,
147483,
147930,
148378,
149274,
149721,
150617,
150841,
151065,
152184,
153080,
153304,
156326,
156662,
157333,
157781,
158005,
158901,
159124,
159572,
160020,
160468,
162259,
163714,
164050,
165169,
167296,
168527,
169423,
170542,
172669,
173005,
174572,
174796,
175020,
175244,
175356,
175580,
177035,
179274,
179721,
179945,
181513,
182856,
183975,
184423,
187333,
189348,
191811,
192147,
193602,
194498,
194833,
195393,
196289,
196624,
196848,
197184,
197408,
197632,
199199,
199871,
200207,
200766,
201102,
202557,
203005,
203901,
204684,
207035,
207371,
207707,
207930,
208266,
208490,
208714,
209274,
209721,
210169,
212408,
214199,
215766,
215990,
217781,
218005,
218229,
218453,
218677,
218901,
219124,
219348,
220020,
223154,
223602,
224050,
224386,
224833,
225169,
225505,
225841,
226233,
226401,
226513,
226736,
227184,
227632,
227856,
228080,
230318,
230542,
231214,
231438,
231662,
231998,
232333,
232781,
233005,
233229,
233453,
235692,
236363,
236587,
237147,
237930,
238378,
238602,
239610,
239721,
240169,
240617,
241513,
241960,
242184,
243080,
244199,
244423,
244647,
244871,
245766,
245990,
246438,
246662,
246886,
247333,
248229,
249124,
250020,
250468,
250804,
251139,
252707,
253098,
253602,
254050,
255057,
255393,
255841,
256177,
257856,
258304,
258639,
259423,
259647,
259871,
261214,
262110,
262333,
262781,
263117,
263453,
264348,
264572,
265020,
265244,
265468,
266587,
266923,
267147,
267483,
267707,
267930,

4 Column Long Note Times:
1067,
1960,
2912,
3751,
7333,
9013,
10915,
13602,
14721,
15393,
17184,
17632,
18080,
18527,
20766,
21214,
21662,
22110,
23005,
23901,
29386,
30505,
31065,
33304,
34199,
36886,
37781,
38677,
38901,
39572,
39796,
40468,
40692,
42035,
44721,
44945,
45281,
45841,
49199,
52333,
52781,
55132,
55468,
57035,
60169,
61513,
66662,
67110,
69796,
71363,
72707,
73602,
75393,
76289,
78080,
79423,
82110,
82557,
84236,
85244,
85915,
86587,
87818,
89945,
90393,
92408,
93527,
94199,
95990,
96438,
99572,
100020,
101811,
104050,
106289,
107184,
109871,
110766,
112110,
114796,
115692,
117483,
117707,
118378,
118602,
120169,
121513,
122408,
123527,
124647,
127557,
131363,
131587,
135841,
138975,
140318,
145468,
145915,
148826,
150169,
151513,
152408,
154199,
155095,
156886,
158229,
160915,
161363,
163154,
164274,
164498,
164721,
165617,
166736,
167632,
168863,
169647,
169871,
170095,
170990,
172110,
173229,
173453,
173677,
174013,
175915,
176587,
177930,
178378,
178826,
180169,
180953,
181960,
182520,
183304,
183527,
184759,
185318,
186102,
186662,
187781,
188117,
188677,
189572,
189908,
190692,
191251,
192707,
198080,
201886,
203229,
205244,
210617,
220915,
222035,
229199,
229871,
230766,
233901,
234572,
235244,
237483,
238826,
241065,
242408,
243304,
245095,
247781,
248677,
249572,
251363,
251811,
252147,
252483,
254386,
256513,
256960,
258975,
260095,
260318,
260542,
261550,
263677,
264124,
266139,
269274,

4 Column Release Times:
1291,
2184,
3080,
3975,
7557,
9348,
11139,
13826,
14945,
15841,
17408,
17856,
18304,
18751,
20990,
21438,
21886,
22333,
23453,
24348,
29498,
30729,
31289,
33639,
34535,
37221,
38117,
38845,
39068,
39740,
39964,
40636,
40860,
42259,
44833,
45169,
45505,
47408,
49311,
52445,
52893,
55188,
55524,
57259,
60617,
61960,
66774,
67221,
69852,
71587,
72930,
73826,
75617,
77184,
78304,
79871,
82445,
83005,
84292,
85524,
86083,
86923,
88154,
90169,
90617,
92632,
93751,
95542,
96214,
96662,
99796,
100244,
102259,
104274,
106513,
107408,
110095,
111102,
112445,
115132,
116027,
117651,
117874,
118546,
118770,
120505,
121736,
122632,
123751,
126326,
127669,
131475,
131699,
136065,
139423,
140766,
145580,
146027,
149050,
150393,
151736,
152632,
154423,
155990,
157110,
158677,
161251,
161811,
163378,
164386,
164610,
164833,
165841,
166960,
167856,
169087,
169759,
169983,
170207,
171214,
172333,
173341,
173565,
173789,
174236,
176139,
176699,
178042,
178490,
179050,
180281,
181177,
182184,
182744,
183415,
183639,
184983,
185542,
186326,
186886,
187893,
188453,
188789,
189684,
190244,
190915,
191587,
193042,
198415,
202110,
203453,
206923,
212296,
221307,
222147,
229255,
230095,
230990,
234348,
234796,
235468,
237707,
239274,
241289,
242856,
243751,
245542,
248005,
249013,
249908,
251419,
252091,
252427,
252651,
254721,
256736,
257184,
259199,
260207,
260430,
260654,
261886,
263901,
264236,
266363,
269721,

