Artist : Various Artists
Song Name : Jumpstream Practice Pack (JPP)
Difficulty : Angel Dust
BPM : 190
Background Image : charts\Various Artists-Jumpstream Practice Pack (JPP)\Angel Dust.jpg
Audio : charts\Various Artists-Jumpstream Practice Pack (JPP)\ Angel Dust.mp3

1 Column Hit Times:
1757,
2110,
2375,
2640,
3169,
3434,
3698,
4228,
4581,
4934,
5463,
5640,
6169,
6698,
7051,
7228,
7404,
7757,
8110,
8375,
8640,
8993,
9346,
9522,
9875,
10404,
10934,
11287,
11640,
11993,
12257,
12478,
12610,
12787,
12963,
13228,
13757,
13934,
14463,
14993,
15345,
15522,
15875,
16228,
16493,
16757,
17110,
17640,
17993,
18257,
18522,
18698,
19051,
19316,
20110,
20463,
20816,
21169,
21522,
23640,
23816,
23993,
24169,
24345,
24610,
24963,
25316,
25757,
25934,
26198,
26463,
26728,
26993,
27257,
27522,
27787,
28051,
28316,
28581,
28934,
29110,
29375,
29640,
29904,
30169,
30434,
30698,
30963,
31228,
31757,
31934,
32198,
32463,
32816,
33081,
33345,
33698,
33963,
34228,
34581,
35066,
35198,
35375,
35551,
35728,
35993,
36345,
36522,
36787,
37051,
37404,
37757,
38022,
38287,
38463,
38816,
39081,
39345,
39610,
39875,
40140,
40404,
40669,
40934,
41198,
41463,
41728,
41993,
42169,
42434,
42698,
42963,
43228,
43581,
43845,
44110,
45522,
45787,
46051,
46316,
46493,
46669,
46934,
47287,
47463,
47728,
47993,
48169,
48434,
48698,
48875,
49228,
49404,
49669,
49934,
50198,
50375,
50551,
50816,
50993,
51169,
51522,
51698,
51963,
52140,
52404,
52581,
52934,
53287,
53640,
53993,
54257,
54522,
54787,
55051,
55316,
55581,
55934,
56198,
56463,
56728,
56993,
57257,
57522,
57698,
57875,
58051,
58228,
58581,
58934,
59198,
59463,
59816,
60081,
60345,
60698,
60963,
61228,
61581,
61845,
62110,
62463,
62816,
63081,
63345,
63610,
63875,
64316,
64493,
64757,
64934,
65375,
65551,
65816,
65993,
66345,
66698,
66963,
67228,
67404,
67669,
67934,
68110,
68287,
68463,
68640,
68816,
68993,
69169,
69345,
69522,
80816,
81522,
82228,
82934,
83375,
83640,
83904,
84169,
84434,
84698,
85051,
85404,
85669,
85934,
86287,
86463,
86728,
86993,
87345,
87610,
87875,
88228,
88581,
88934,
89287,
89463,
89728,
89993,
90169,
90434,
90698,
90875,
91051,
91228,
91404,
91581,
91757,
91934,
92110,
92287,
92551,
92816,
93169,
93522,
93787,
94051,
94404,
94669,
94934,
95198,
95463,
95640,
96081,
96345,
96698,
96875,
97404,
97581,
97845,
98110,
98375,
98551,
98816,
99081,
99345,
99522,
99875,
100051,
100316,
100581,
100757,
101110,
101640,
101816,
102081,
102345,
102698,
102875,
103051,
103228,
103404,
103669,
104198,
104463,
104640,
104904,
105169,
105345,
105522,
105875,
106228,
106581,
106845,
107110,
107375,
107728,
107993,
108169,
108345,
108698,
108963,
109316,
109581,
109757,
110110,
110287,
110551,
110816,
111345,
111522,
111787,
112228,
112581,
112757,
113022,
113287,
113551,
113816,
113993,
114169,
114345,
114522,
114698,
115051,
115316,
115581,
115757,
116110,
116463,
116640,
116993,
117345,
117610,
117963,
118228,
118581,
118757,
119022,
119287,
119640,
119904,
120169,
120345,
120698,
120963,
121316,
121493,
121757,
121934,
122110,
122375,
122728,
123169,
123522,
123875,
124051,
124316,
124581,
124845,
125198,
125419,
125551,
125728,
125904,
126257,
126698,
126875,
127051,
127404,
127581,
127757,
128022,
128375,
128904,
129169,
129434,
129698,
129875,
130228,
130493,
130669,
130934,
131287,
131640,
131904,
132257,
132698,
132875,
133051,
133404,
133845,
134198,
134463,
134640,
134904,
135169,
135434,
135698,
135875,
136051,
136228,
136404,
136581,
136757,
136934,
137110,
137287,

1 Column Long Note Times:

1 Column Release Times:

2 Column Hit Times:
2110,
2463,
2728,
2993,
3346,
3875,
4228,
4493,
4846,
5287,
5551,
5816,
5993,
6257,
6698,
6963,
7228,
7581,
8110,
8463,
8728,
9169,
9434,
9787,
10228,
10493,
10757,
11198,
11640,
11904,
12169,
12434,
12610,
12787,
12963,
13316,
13757,
14022,
14463,
14816,
15081,
15434,
15875,
16140,
16404,
16934,
17198,
17463,
17993,
18345,
18698,
18963,
19228,
19581,
19757,
20110,
20375,
20640,
21081,
21522,
21698,
21875,
22051,
22228,
22404,
22581,
22757,
22934,
23110,
23287,
23463,
23684,
23816,
23993,
24169,
24345,
24698,
25051,
25228,
25493,
25757,
26022,
26287,
26551,
26816,
27169,
27522,
27875,
28140,
28404,
28669,
28934,
29198,
29640,
29816,
30081,
30345,
30610,
30787,
31051,
31316,
31493,
31757,
32022,
32375,
32640,
32904,
33169,
33434,
33610,
33875,
34140,
34404,
34669,
34845,
35022,
35198,
35375,
35551,
35816,
36081,
36345,
36610,
36963,
37140,
37404,
37669,
37934,
38198,
38551,
38816,
39169,
39434,
39698,
40051,
40316,
40581,
40934,
41110,
41375,
41640,
41816,
42257,
42698,
43051,
43316,
43493,
43757,
44110,
44287,
44463,
44640,
44816,
44993,
45169,
45345,
45522,
45787,
46051,
46316,
46493,
46669,
47022,
47287,
47551,
47904,
48081,
48345,
48698,
48963,
49140,
49404,
49581,
49845,
50110,
50375,
50640,
50816,
51081,
51345,
51522,
51787,
52051,
52228,
52493,
52757,
53022,
53287,
53551,
53816,
54081,
54345,
54698,
55051,
55404,
55669,
55845,
56110,
56463,
56816,
57081,
57345,
57566,
57698,
57875,
58051,
58228,
58493,
58757,
59022,
59287,
59551,
59728,
59993,
60257,
60522,
60787,
61051,
61316,
61493,
61757,
62110,
62375,
62640,
62904,
63169,
63522,
63698,
63963,
64140,
64581,
65022,
65198,
65463,
65728,
65904,
66169,
66345,
66698,
66875,
67140,
67404,
67581,
67845,
68110,
68287,
68463,
68640,
68860,
68993,
69169,
69345,
69522,
80816,
81522,
82228,
82934,
83463,
83728,
83993,
84345,
84610,
84875,
85140,
85404,
85757,
86022,
86198,
86463,
86816,
87081,
87257,
87522,
87875,
88140,
88316,
88581,
88845,
89022,
89287,
89551,
89816,
89993,
90257,
90522,
90698,
90875,
91051,
91228,
91448,
91581,
91757,
91934,
92110,
92375,
92816,
93081,
93345,
93610,
93875,
94140,
94316,
94581,
94934,
95287,
95551,
95728,
95993,
96257,
96434,
96698,
96963,
97140,
97404,
97669,
98110,
98287,
98816,
98993,
99257,
99610,
99963,
100228,
100581,
100845,
101022,
101287,
101551,
101728,
101993,
102257,
102434,
102743,
102875,
103051,
103228,
103404,
103581,
103845,
104110,
104287,
104463,
104728,
105081,
105434,
105698,
105875,
106316,
106581,
106934,
107198,
107551,
107816,
108081,
108434,
108698,
108875,
109140,
109404,
109757,
110022,
110375,
110728,
110904,
111169,
111434,
111698,
111963,
112140,
112404,
112581,
112934,
113287,
113463,
113728,
113993,
114169,
114345,
114522,
114698,
114963,
115140,
115404,
115669,
116022,
116375,
116728,
116904,
117169,
117434,
117698,
117875,
118228,
118493,
118845,
119110,
119375,
119640,
119993,
120257,
120522,
120698,
121051,
121228,
121669,
122022,
122463,
122640,
122816,
123081,
123345,
123522,
123963,
124140,
124493,
124934,
125110,
125375,
125551,
125728,
125904,
126081,
126434,
126787,
127051,
127228,
127404,
127669,
128110,
128287,
128463,
128728,
128993,
129345,
129610,
129963,
130140,
130404,
130757,
131022,
131287,
131551,
131993,
132169,
132345,
132610,
132963,
133228,
133493,
133757,
133934,
134110,
134375,
134640,
134816,
135081,
135345,
135610,
135875,
136051,
136228,
136404,
136625,
136757,
136934,
137110,
137287,

2 Column Long Note Times:

2 Column Release Times:

3 Column Hit Times:
1934,
2463,
2816,
3081,
3522,
3875,
4140,
4404,
4757,
4934,
5198,
5640,
5904,
6346,
6610,
6875,
7316,
7757,
8022,
8287,
8816,
9081,
9522,
9875,
10140,
10581,
10846,
11110,
11551,
11816,
12390,
12522,
12698,
12875,
13051,
13404,
13669,
14110,
14375,
14728,
15169,
15522,
15787,
16051,
16581,
16934,
17287,
17551,
17816,
18345,
18522,
18875,
19051,
19404,
19669,
19934,
20287,
20728,
20993,
21345,
21610,
21787,
21963,
22140,
22316,
22493,
22669,
22845,
23022,
23198,
23375,
23551,
23728,
23904,
24081,
24257,
24522,
24787,
25051,
25404,
25581,
25845,
26110,
26375,
26640,
26904,
27169,
27434,
27698,
27963,
28228,
28493,
28845,
29287,
29463,
29728,
29993,
30257,
30522,
30875,
31140,
31404,
31669,
32110,
32463,
32728,
32993,
33257,
33522,
33787,
34051,
34316,
34493,
34757,
34978,
35110,
35287,
35463,
35640,
35993,
36169,
36434,
36698,
37051,
37316,
37581,
37845,
38110,
38375,
38640,
38904,
39169,
39522,
39787,
39963,
40228,
40581,
40845,
41110,
41287,
41551,
41904,
42081,
42345,
42610,
42875,
43140,
43404,
43669,
43934,
44198,
44375,
44551,
44728,
44904,
45081,
45257,
45434,
46228,
46404,
46581,
46757,
47110,
47375,
47640,
47904,
48169,
48345,
48610,
48787,
49051,
49316,
49581,
49757,
50022,
50198,
50463,
50728,
50993,
51257,
51434,
51610,
51875,
52228,
52404,
52669,
52934,
53198,
53375,
53640,
53904,
54169,
54434,
54698,
54963,
55228,
55493,
55757,
56022,
56287,
56640,
56904,
57169,
57434,
57610,
57787,
57963,
58140,
58404,
58669,
58934,
59287,
59640,
59904,
60169,
60434,
60698,
61051,
61404,
61757,
62022,
62287,
62551,
62816,
63169,
63434,
63698,
63875,
64228,
64404,
64669,
64845,
65110,
65287,
65640,
66081,
66257,
66522,
66787,
67051,
67228,
67493,
67757,
67934,
68198,
68375,
68551,
68728,
68904,
69081,
69257,
69434,
81169,
81875,
82581,
83287,
83551,
83816,
84081,
84345,
84698,
84963,
85228,
85493,
85757,
86110,
86287,
86551,
86904,
87169,
87434,
87787,
88051,
88404,
88757,
89110,
89375,
89640,
89816,
90081,
90345,
90522,
90787,
90963,
91140,
91316,
91493,
91669,
91845,
92022,
92463,
92728,
92993,
93257,
93522,
93875,
94228,
94493,
94845,
95022,
95287,
95640,
95904,
96169,
96610,
96787,
97051,
97316,
97493,
97757,
97934,
98463,
98640,
99169,
99522,
99787,
100140,
100493,
100934,
101198,
101375,
101640,
101993,
102522,
102787,
102963,
103140,
103316,
103493,
103757,
104022,
104375,
104816,
104993,
105169,
105610,
105787,
106051,
106228,
106493,
106669,
107022,
107287,
107640,
107904,
108257,
108522,
108875,
109051,
109404,
109669,
109845,
110110,
110463,
110816,
111081,
111257,
111522,
111875,
112051,
112316,
112493,
112934,
113198,
113375,
113640,
113816,
114081,
114257,
114434,
114610,
114787,
115228,
115493,
115757,
115934,
116198,
116463,
116816,
117081,
117257,
117522,
117875,
118051,
118316,
118669,
118934,
119287,
119551,
119728,
119993,
120169,
120434,
120875,
121051,
121404,
121581,
121845,
122110,
122287,
122463,
122904,
123257,
123610,
123787,
124228,
124404,
124669,
124934,
125331,
125463,
125640,
125816,
125993,
126169,
126345,
126610,
126963,
127316,
127757,
127934,
128110,
128551,
128816,
129081,
129257,
129522,
129787,
130051,
130316,
130581,
130845,
131110,
131463,
131728,
132081,
132345,
132522,
132698,
133140,
133404,
133581,
133757,
134022,
134287,
134551,
134816,
134993,
135169,
135345,
135522,
135698,
135963,
136140,
136316,
136493,
136669,
136845,
137022,
137198,

3 Column Long Note Times:

3 Column Release Times:

4 Column Hit Times:
1757,
2022,
2287,
2816,
3169,
3522,
3787,
4051,
4581,
5110,
5287,
5993,
6346,
6522,
7051,
7404,
7669,
7934,
8463,
8816,
9169,
9698,
10051,
10228,
10581,
10934,
11287,
11463,
11993,
12346,
12522,
12698,
12875,
13051,
13404,
13581,
14110,
14287,
14640,
14816,
15169,
15698,
16228,
16581,
16845,
17287,
17640,
17904,
18169,
18610,
19404,
19757,
20022,
20463,
20816,
21169,
21434,
23772,
23904,
24081,
24257,
24434,
24698,
24875,
25140,
25404,
25669,
26110,
26463,
26816,
27081,
27345,
27610,
27875,
28228,
28581,
28757,
29022,
29287,
29551,
29816,
29993,
30345,
30698,
31051,
31404,
31581,
31845,
32110,
32287,
32551,
32816,
33169,
33522,
33875,
34228,
34581,
34934,
35110,
35287,
35463,
35640,
35904,
36257,
36698,
36875,
37228,
37493,
37757,
38110,
38463,
38728,
38993,
39257,
39522,
39875,
40228,
40493,
40757,
41022,
41287,
41640,
41993,
42345,
42522,
42787,
43051,
43404,
43757,
44022,
46228,
46404,
46581,
46757,
46934,
47198,
47375,
47640,
47816,
47993,
48257,
48522,
48787,
49051,
49316,
49493,
49757,
50110,
50287,
50463,
50728,
50904,
51169,
51610,
51875,
52140,
52316,
52581,
52845,
53110,
53463,
53728,
53993,
54345,
54610,
54875,
55140,
55404,
55757,
56110,
56375,
56551,
56816,
57169,
57654,
57787,
57963,
58140,
58316,
58581,
58845,
59110,
59375,
59640,
59993,
60345,
60610,
60875,
61140,
61404,
61669,
61934,
62198,
62463,
62728,
62993,
63257,
63522,
63787,
64051,
64228,
64581,
64934,
65287,
65640,
65993,
66434,
66610,
66875,
67051,
67316,
67581,
67757,
68022,
68198,
68375,
68551,
68728,
68948,
69081,
69257,
69434,
81169,
81875,
82581,
83287,
83640,
83993,
84257,
84522,
84787,
85051,
85316,
85581,
85845,
86110,
86375,
86640,
86816,
87169,
87522,
87698,
87963,
88228,
88493,
88669,
88934,
89198,
89463,
89640,
89904,
90169,
90345,
90610,
90787,
90963,
91140,
91316,
91537,
91669,
91845,
92022,
92198,
92463,
92640,
92904,
93169,
93434,
93698,
93963,
94228,
94581,
94757,
95110,
95375,
95816,
95993,
96345,
96522,
97051,
97228,
97581,
97757,
98022,
98198,
98463,
98728,
98904,
99169,
99434,
99698,
99875,
100228,
100404,
100669,
100934,
101287,
101463,
101904,
102169,
102345,
102610,
102831,
102963,
103140,
103316,
103757,
103934,
104110,
104551,
104816,
105257,
105522,
105963,
106140,
106404,
106757,
106934,
107287,
107463,
107640,
107993,
108345,
108610,
108787,
109051,
109228,
109493,
109934,
110198,
110463,
110640,
110993,
111169,
111610,
111875,
112228,
112669,
112845,
113110,
113463,
113640,
113904,
114081,
114257,
114434,
114610,
114875,
115051,
115404,
115845,
116110,
116287,
116551,
116816,
117169,
117522,
117787,
118140,
118404,
118581,
118934,
119198,
119463,
119816,
120081,
120345,
120610,
120787,
121140,
121404,
121757,
122198,
122551,
122816,
122993,
123169,
123434,
123698,
123875,
124228,
124581,
124757,
125022,
125287,
125463,
125640,
125816,
125993,
126345,
126522,
126698,
127140,
127493,
127845,
128198,
128463,
128640,
128816,
129169,
129522,
129875,
130228,
130581,
130934,
131198,
131375,
131640,
131816,
131993,
132434,
132787,
133051,
133316,
133669,
134110,
134463,
134728,
134993,
135257,
135522,
135787,
135963,
136140,
136316,
136493,
136713,
136845,
137022,
137198,

4 Column Long Note Times:

4 Column Release Times:

