Artist : Various Artists
Song Name : Jumpstream Practice Pack (JPP)
Difficulty : Bookmaker
BPM : 190
Background Image : charts\Various Artists-Jumpstream Practice Pack (JPP)\Bookmaker.jpg
Audio : charts\Various Artists-Jumpstream Practice Pack (JPP)\ Bookmaker.mp3

1 Column Hit Times:
55,
7126,
8283,
10683,
11026,
11197,
11883,
12397,
12569,
13769,
13940,
15140,
15312,
16512,
16683,
17883,
18055,
18912,
19255,
19426,
20626,
20797,
21997,
22512,
22855,
23197,
23712,
24055,
24397,
24569,
24912,
25255,
25597,
26112,
26455,
26797,
27140,
27483,
27997,
28340,
28683,
29026,
29369,
29883,
30226,
30569,
30912,
31255,
31769,
31940,
32283,
32455,
33312,
33655,
33997,
35369,
35712,
36055,
36397,
36740,
37255,
37597,
37940,
38283,
38626,
38797,
38969,
39226,
39483,
39740,
39997,
40169,
40426,
40597,
40855,
41026,
41283,
41455,
41626,
41797,
41969,
42140,
42312,
42483,
43940,
44283,
44540,
44712,
44883,
45140,
45312,
45655,
45997,
46340,
46512,
46769,
47026,
47283,
47712,
48055,
48226,
48483,
48655,
48912,
49083,
49426,
49683,
49940,
50112,
50540,
50712,
51140,
51312,
51483,
51826,
52083,
52512,
52769,
53197,
53369,
53540,
53969,
54140,
54397,
54569,
55255,
55597,
55769,
55940,
56369,
56540,
56969,
57312,
57569,
57826,
58169,
58340,
58769,
58940,
59197,
59369,
59712,
60055,
60912,
61169,
61340,
61769,
61940,
62112,
62540,
62797,
62969,
63483,
63912,
64083,
64512,
64683,
65197,
65369,
65712,
65883,
66226,
66483,
66740,
66912,
67169,
67426,
67597,
67769,
68026,
68283,
68626,
68969,
69226,
69397,
69655,
69997,
70340,
70512,
70683,
71026,
71369,
71712,
71883,
72140,
72397,
72740,
72912,
73169,
73426,
73769,
74112,
74455,
74712,
74969,
75140,
75483,
75740,
75997,
76169,
76340,
76855,
77197,
77369,
77712,
77883,
78226,
78483,
78740,
78912,
79169,
79597,
79940,
80197,
80455,
80626,
80969,
81140,
81312,
81569,
81826,
81997,
82340,
82683,
82855,
83112,
83369,
83712,
83883,
84140,
84397,
84569,
84826,
85083,
85255,
86455,
86797,
87140,
87312,
99140,
99655,
100169,
100512,
101026,
101369,
101883,
102226,
102740,
103255,
103597,
104112,
104626,
104969,
105483,
105997,
106340,
106855,
107197,
107712,
108055,
108569,
109083,
109426,
109769,
110283,
110626,
110969,
111483,
111826,
112169,
112340,
112683,
113026,
113369,
113883,
114226,
114569,
114912,
115255,
115769,
116112,
116455,
116797,
117140,
117655,
117997,
118340,
118683,
119026,
119540,
119712,
119969,
120226,
120397,
120655,
121083,
121426,
121769,
121940,
123140,
123483,
123826,
124169,
124512,
125026,
125369,
125712,
126055,
126397,
126569,
126740,
126997,
127255,
127512,
127769,
127940,
128197,
128369,
128626,
128797,
129055,
129226,
129397,
129569,
129740,
129912,
130083,
130255,
131712,
132055,
132397,
132569,
132826,
132997,
133255,
133426,
133855,
134026,
134283,
134455,
134626,
134883,
135055,
135483,
135912,
136083,
136340,
136512,
136855,
137283,
137455,
137883,
138226,
138569,
138740,
138997,
139169,
139597,
139855,
140026,
140197,
140455,
140626,
140969,
141140,
141397,
141569,
141826,
141997,
142340,
142683,
143026,
143369,
143540,
143797,
143969,
144397,
144826,
144997,
145255,
145426,
145597,
145855,
146026,
146455,
146883,
147055,
147483,
147826,
148255,
148426,
148855,
149197,
149540,
149712,
149969,
150140,
150569,
150826,
150997,
151169,
151426,
151597,
151940,
152369,
152540,
152797,
152969,
153312,
153826,
154340,
154855,
155369,
155883,
156740,
157255,
157769,
158283,
158797,
159312,
159826,
160340,
160855,
161369,
162226,
162740,
163255,
163512,
163940,
164283,
164626,
165140,
165483,
165826,
166340,
166683,
167026,
167197,
167540,
167883,
168226,
168740,
168912,
169426,
169597,
170026,
170283,
170455,
170626,
170883,
171140,
171397,
171655,
171826,
172083,
172255,
172512,
172683,
172940,
173112,
173283,
173455,
173626,
173797,
173969,
174140,
174312,
174483,
174697,
174912,
175083,
175255,
175426,
175683,
175855,
176112,
176283,
176626,
176969,
177140,
177397,
177569,
177997,
178169,
178426,
178597,
178855,
179026,
179369,
179712,
179883,
180140,
180312,
180569,
180740,
181083,
181512,
181683,
181940,
182197,
182369,
182797,
183226,
183397,
183655,
183826,
183997,
184255,
184426,
184855,
185197,
185369,
185626,
185797,
186055,
186226,
186655,
186826,
187083,
187255,
187597,
187940,
188112,
188369,
188540,
188969,
189140,
189397,
189569,
189826,
189997,
190340,
190683,
190855,
191112,
191283,
191540,
191712,
192055,
192483,
192655,
192912,
193169,
193340,
193769,
194197,
194369,
194626,
194797,
194969,
195226,
195397,
195826,
196169,
196340,
196597,
196769,
197026,
197197,
197626,
197797,
198055,
198226,
198569,
198912,
199083,
199340,
199512,
199940,
200112,
200369,
200540,
200797,
200969,
201312,
201655,
201826,
202083,
202255,
202512,
202683,
203026,
203455,
203626,
203883,
204140,
204312,
204740,
205169,
205340,
205597,
205769,
205940,
206197,
206369,
206797,
207140,
207312,
207569,
207740,
207997,
208169,
208597,
208769,
209026,
209197,
209540,
209883,
210055,
210312,
210483,
210912,
211083,
211340,
211512,
211769,
211940,
212283,
212626,
212797,
213055,
213226,
213483,
213655,
213997,
214426,
214597,
214855,
215112,
215283,
215712,
216140,
216312,
216740,
217255,
217769,
218112,
218283,
218540,
218712,
219569,
219826,
220083,
220255,
220426,
220683,
220855,
221197,
221540,
221883,
222055,
222312,
222569,
222826,
223255,
223597,
223769,
224026,
224197,
224455,
224626,
224969,
225226,
225483,
225655,
226083,
226255,
226683,
226855,
227026,
227369,
227626,
228055,
228312,
228740,
228912,
229083,
229512,
229683,
229940,
230112,
230455,
230797,
231140,
231312,
231483,
231912,
232083,
232512,
232855,
233112,
233369,
233712,
233883,
234312,
234483,
234740,
234912,
235255,
235597,
235940,
236197,
236455,
236712,
236883,
237312,
237483,
237655,
238083,
238340,
238512,
238769,
239026,
239197,
239455,
239626,
240055,
240226,
240397,
240740,
240912,
241169,
241340,
241597,
241855,
242112,
242369,
242626,
242883,
243140,
243483,
243740,
244169,
244512,
244769,
244940,
245197,
245540,
245883,
246140,
246397,
247083,
247340,
247597,
247855,
248112,
248369,
248626,
248969,
249226,
249655,
249997,
250255,
250426,
250683,
251026,
251369,
251712,
251883,
252226,
252397,

1 Column Long Note Times:
1255,
3997,
15997,
21483,
54912,
60397,
87655,
92626,
98112,
246569,

1 Column Release Times:
1426,
4169,
16169,
21655,
55083,
60569,
87740,
93312,
98797,
246912,

2 Column Hit Times:
55,
8455,
9655,
9826,
10340,
10855,
11712,
13083,
13255,
14455,
14626,
15826,
18740,
19940,
20112,
20969,
21312,
21655,
22169,
22512,
22855,
23369,
23712,
24055,
24740,
25255,
25597,
25940,
26455,
26797,
27312,
27655,
27997,
28340,
29026,
29369,
29712,
30226,
30740,
31083,
31426,
32112,
32283,
32626,
32797,
33312,
33655,
33997,
34512,
34855,
35369,
35712,
36226,
36569,
36912,
37255,
37597,
38283,
38540,
38797,
39055,
39312,
39483,
39655,
39912,
40169,
40340,
40683,
40855,
41112,
41283,
41455,
41626,
41797,
41969,
42140,
42312,
42483,
43940,
44197,
44455,
44969,
45312,
45483,
45740,
45912,
46169,
46340,
46597,
46855,
47197,
47455,
47626,
47883,
48055,
48397,
48826,
49083,
49340,
49597,
49855,
50197,
50369,
50797,
50969,
51140,
51569,
51826,
51997,
52255,
52512,
52855,
53026,
53197,
53626,
53797,
54226,
54397,
55597,
56026,
56197,
56626,
56797,
56969,
57226,
57397,
57655,
57912,
58083,
58426,
58597,
59026,
59369,
59540,
59797,
59969,
60226,
60912,
61426,
61597,
61769,
62197,
62369,
62626,
62883,
63055,
63655,
64255,
64426,
64855,
65026,
65283,
65540,
65883,
66140,
66397,
66569,
66826,
67083,
67340,
67597,
67855,
68197,
68455,
68626,
68883,
69140,
69312,
69569,
69826,
70083,
70255,
70512,
70769,
71026,
71369,
71626,
71883,
72055,
72312,
72569,
72912,
73083,
73340,
73512,
73769,
74026,
74283,
74540,
74797,
74969,
75226,
75397,
75655,
75912,
76340,
76940,
77197,
77455,
77626,
77883,
78140,
78397,
78569,
78826,
79083,
79683,
79940,
80112,
80369,
80626,
81055,
81397,
81655,
82340,
82597,
82855,
83026,
83283,
83540,
83883,
84055,
84312,
84569,
84740,
84997,
85426,
85597,
86540,
86883,
98797,
99140,
99483,
99997,
100512,
100855,
101540,
101883,
102397,
102912,
103255,
103769,
104283,
104969,
105312,
105826,
106340,
106683,
107369,
107712,
108226,
108740,
109083,
109426,
109940,
110283,
110626,
111140,
111483,
111826,
112512,
113026,
113369,
113712,
114226,
114569,
115083,
115426,
115769,
116112,
116797,
117140,
117483,
117997,
118512,
118855,
119197,
119455,
119712,
119883,
120140,
120397,
120569,
121083,
121426,
121769,
122283,
122626,
123140,
123483,
123997,
124340,
124683,
125026,
125369,
126055,
126312,
126569,
126826,
127083,
127255,
127426,
127683,
127940,
128112,
128455,
128626,
128883,
129055,
129226,
129397,
129569,
129740,
129912,
130083,
130255,
131712,
131883,
132140,
132312,
132740,
133169,
133340,
133597,
133769,
134112,
134455,
134797,
135140,
135312,
135569,
135740,
136169,
136340,
136597,
136769,
137026,
137197,
137540,
137712,
137969,
138140,
138397,
138569,
138912,
139255,
139426,
139683,
139855,
140283,
140712,
140883,
141140,
141312,
141655,
141826,
142083,
142255,
142512,
142683,
142855,
143112,
143283,
143712,
144140,
144312,
144569,
144740,
145083,
145426,
145769,
146112,
146283,
146540,
146712,
147140,
147312,
147569,
147740,
147997,
148169,
148512,
148683,
148940,
149112,
149369,
149540,
149883,
150226,
150397,
150655,
150826,
151255,
151683,
151855,
152112,
152283,
152626,
152797,
153055,
153226,
153483,
153655,
154169,
154683,
155197,
155712,
156226,
156740,
157255,
157769,
158283,
158797,
159655,
160169,
160683,
161197,
161712,
162226,
162740,
163255,
163512,
163769,
164112,
164455,
164797,
165140,
165483,
165997,
166340,
166683,
167369,
167883,
168226,
168569,
168912,
169083,
169597,
169940,
170197,
170455,
170712,
170969,
171140,
171312,
171569,
171826,
171997,
172340,
172512,
172769,
172940,
173112,
173283,
173455,
173626,
173797,
173969,
174140,
174655,
174912,
175083,
175340,
175512,
175940,
176369,
176540,
176797,
176969,
177312,
177655,
177826,
178083,
178255,
178683,
179112,
179283,
179540,
179712,
180055,
180397,
180569,
180826,
180997,
181255,
181426,
181769,
182112,
182540,
182712,
182969,
183140,
183483,
183655,
183826,
184169,
184512,
184683,
184940,
185112,
185540,
185883,
186055,
186312,
186483,
186912,
187340,
187512,
187769,
187940,
188283,
188626,
188797,
189055,
189226,
189655,
190083,
190255,
190512,
190683,
191026,
191369,
191540,
191797,
191969,
192226,
192397,
192740,
193083,
193512,
193683,
193940,
194112,
194455,
194626,
194797,
195140,
195483,
195655,
195912,
196083,
196512,
196855,
197026,
197283,
197455,
197883,
198312,
198483,
198740,
198912,
199255,
199597,
199769,
200026,
200197,
200626,
201055,
201226,
201483,
201655,
201997,
202340,
202512,
202769,
202940,
203197,
203369,
203712,
204055,
204483,
204655,
204912,
205083,
205426,
205597,
205769,
206112,
206455,
206626,
206883,
207055,
207483,
207826,
207997,
208255,
208426,
208855,
209283,
209455,
209712,
209883,
210226,
210569,
210740,
210997,
211169,
211597,
212026,
212197,
212455,
212626,
212969,
213312,
213483,
213740,
213912,
214169,
214683,
215026,
215455,
215626,
215883,
216055,
216397,
216569,
216740,
216997,
217426,
217683,
218026,
218797,
218969,
219226,
219397,
219655,
219997,
220512,
220855,
221026,
221283,
221455,
221712,
221883,
222140,
222397,
222740,
222997,
223169,
223426,
223597,
223940,
224369,
224626,
224883,
225140,
225397,
225740,
225912,
226340,
226512,
226683,
227112,
227369,
227540,
227797,
228055,
228397,
228569,
228740,
229169,
229340,
229769,
229940,
230455,
230712,
230883,
231140,
231569,
231740,
232169,
232340,
232512,
232769,
232940,
233197,
233455,
233626,
233969,
234140,
234569,
234912,
235083,
235340,
235512,
235769,
236026,
236283,
236540,
236969,
237140,
237312,
237740,
237912,
238169,
238426,
238597,
239026,
239369,
239797,
239969,
240397,
240569,
240826,
241083,
241512,
241769,
242112,
242455,
242712,
242969,
243226,
243483,
244169,
244426,
244683,
245026,
245283,
245540,
245797,
246055,
246312,
246997,
247255,
247597,
247940,
248197,
248455,
248712,
248969,
249655,
249912,
250169,
250512,
250769,
250940,
251197,
251455,
251626,
251883,
252055,

2 Column Long Note Times:
2626,
6740,
15997,
54912,
76512,
81997,
87483,
243826,
246569,
249312,

2 Column Release Times:
2797,
6912,
16169,
55083,
76683,
82169,
87569,
243997,
246740,
249483,

3 Column Hit Times:
1083,
1769,
2455,
3826,
4512,
5197,
6569,
7255,
7940,
9312,
9997,
10512,
10855,
11369,
12740,
12912,
13426,
14112,
15483,
15655,
16169,
16855,
18226,
18397,
19597,
21826,
22340,
22683,
23026,
23369,
23883,
24397,
25083,
25426,
25769,
26283,
26626,
26969,
27312,
27826,
28169,
28512,
28855,
29197,
29540,
29883,
30397,
30740,
31083,
31597,
31940,
32112,
32797,
32969,
33483,
33826,
34340,
34683,
35026,
35540,
35883,
36226,
36569,
37083,
37426,
37769,
37940,
38455,
38712,
38883,
39140,
39312,
39655,
39826,
39997,
40255,
40512,
40683,
41026,
41197,
41369,
41540,
41712,
41883,
42055,
42226,
42397,
42569,
44026,
44369,
44626,
44797,
45055,
45226,
45655,
46083,
46426,
46683,
46940,
47112,
47369,
47712,
48140,
48312,
48569,
48740,
48997,
49255,
49512,
49769,
50026,
50455,
50626,
50797,
51226,
51397,
51655,
51997,
52169,
52426,
52597,
52855,
53283,
53455,
53883,
54055,
54226,
54483,
54826,
55426,
55940,
56112,
56283,
56712,
56883,
57140,
57483,
57655,
57997,
58255,
58512,
58683,
59026,
59455,
59626,
59883,
60055,
60312,
61083,
61255,
61426,
61855,
62026,
62455,
62712,
62969,
64169,
64340,
64597,
64769,
65197,
65455,
65712,
66055,
66312,
66569,
66740,
66997,
67255,
67512,
67683,
67940,
68112,
68369,
68712,
68969,
69140,
69483,
69655,
69912,
70169,
70340,
70597,
71540,
71797,
71969,
72226,
72397,
72655,
72826,
73083,
73255,
73597,
73940,
74197,
74455,
74626,
74883,
75055,
75312,
75569,
75826,
76083,
76255,
76512,
76855,
77112,
77283,
77540,
77712,
78055,
78312,
78569,
78740,
78997,
79255,
79426,
79769,
80026,
80283,
80455,
80797,
81226,
81483,
81740,
81912,
82426,
82683,
82940,
83197,
83369,
83626,
83797,
84055,
84226,
84483,
84655,
84912,
85769,
85940,
86626,
86969,
87226,
87397,
98969,
99483,
99826,
100340,
100855,
101197,
101712,
102226,
102569,
103083,
103426,
103940,
104283,
104626,
105140,
105655,
105997,
106683,
107026,
107540,
107883,
108397,
108740,
109255,
109597,
110112,
110455,
110797,
111140,
111655,
112169,
112855,
113197,
113540,
114055,
114397,
114740,
115083,
115597,
115940,
116283,
116626,
116969,
117312,
117655,
118169,
118512,
118855,
119369,
119626,
119883,
120055,
120312,
120569,
120740,
121255,
121597,
122112,
122455,
122797,
123312,
123655,
123997,
124340,
124855,
125197,
125540,
125712,
126226,
126483,
126655,
126912,
127083,
127426,
127597,
127769,
128026,
128283,
128455,
128797,
128969,
129140,
129312,
129483,
129655,
129826,
129997,
130169,
130340,
132055,
132483,
132655,
132912,
133083,
133426,
133769,
133940,
134197,
134369,
134797,
135226,
135397,
135655,
135826,
136169,
136512,
136683,
136940,
137112,
137369,
137540,
137883,
138226,
138655,
138826,
139083,
139255,
139597,
139769,
139940,
140283,
140626,
140797,
141055,
141226,
141655,
141997,
142169,
142426,
142597,
143026,
143455,
143626,
143883,
144055,
144397,
144740,
144912,
145169,
145340,
145769,
146197,
146369,
146626,
146797,
147140,
147483,
147655,
147912,
148083,
148340,
148512,
148855,
149197,
149626,
149797,
150055,
150226,
150569,
150740,
150912,
151255,
151597,
151769,
152026,
152197,
152626,
152969,
153140,
153397,
153569,
153997,
154512,
155026,
155540,
156055,
156397,
156912,
157426,
157940,
158455,
158969,
159483,
159997,
160512,
161026,
161540,
161883,
162397,
162912,
163426,
163769,
164026,
164455,
164969,
165312,
165655,
165997,
166512,
167026,
167712,
168055,
168397,
169255,
169426,
169769,
170112,
170369,
170540,
170797,
170969,
171312,
171483,
171655,
171912,
172169,
172340,
172683,
172855,
173026,
173197,
173369,
173540,
173712,
173883,
174055,
174226,
174612,
174826,
174997,
175255,
175597,
175769,
176026,
176197,
176626,
177055,
177226,
177483,
177655,
177997,
178340,
178683,
179026,
179197,
179455,
179626,
180055,
180226,
180483,
180655,
180912,
181083,
181426,
181597,
181855,
182026,
182283,
182455,
182797,
183140,
183312,
183569,
183740,
184169,
184597,
184769,
185026,
185197,
185540,
185712,
185969,
186140,
186397,
186569,
186740,
186997,
187169,
187597,
188026,
188197,
188455,
188626,
188969,
189312,
189655,
189997,
190169,
190426,
190597,
191026,
191197,
191455,
191626,
191883,
192055,
192397,
192569,
192826,
192997,
193255,
193426,
193769,
194112,
194283,
194540,
194712,
195140,
195569,
195740,
195997,
196169,
196512,
196683,
196940,
197112,
197369,
197540,
197712,
197969,
198140,
198569,
198997,
199169,
199426,
199597,
199940,
200283,
200626,
200969,
201140,
201397,
201569,
201997,
202169,
202426,
202597,
202855,
203026,
203369,
203540,
203797,
203969,
204226,
204397,
204740,
205083,
205255,
205512,
205683,
206112,
206540,
206712,
206969,
207140,
207483,
207655,
207912,
208083,
208340,
208512,
208683,
208940,
209112,
209540,
209969,
210140,
210397,
210569,
210912,
211255,
211597,
211940,
212112,
212369,
212540,
212969,
213140,
213397,
213569,
213826,
213997,
214340,
214512,
214769,
214940,
215197,
215369,
215712,
216055,
216226,
216483,
216655,
216912,
217169,
217512,
217940,
218455,
218626,
219140,
219312,
219483,
219740,
219912,
220169,
220340,
220597,
220769,
221197,
221626,
221969,
222226,
222483,
222655,
222912,
223255,
223683,
223855,
224112,
224283,
224540,
224797,
225055,
225312,
225569,
225997,
226169,
226340,
226769,
226940,
227197,
227540,
227712,
227969,
228140,
228397,
228826,
228997,
229426,
229597,
229769,
230026,
230369,
230626,
231055,
231483,
231655,
231826,
232255,
232426,
232683,
233026,
233197,
233540,
233797,
234055,
234226,
234569,
234997,
235169,
235426,
235597,
235855,
236112,
236369,
236626,
236797,
236969,
237397,
237569,
237997,
238255,
238512,
238683,
238940,
239283,
239712,
239883,
240140,
240312,
240740,
240997,
241255,
241426,
241769,
242026,
242197,
242455,
242797,
243140,
243397,
243655,
244340,
244597,
244855,
245112,
245369,
245626,
245883,
246226,
246397,
246912,
247255,
247512,
247683,
247940,
248283,
248626,
248883,
249140,
249826,
250083,
250340,
250597,
250855,
251026,
251283,
251540,
251712,
252055,
252226,

3 Column Long Note Times:
397,
3140,
5883,
8626,
11540,
12226,
14283,
14969,
16340,
17026,
17712,
19769,
20455,
21140,
63140,
70855,
71197,
87740,

3 Column Release Times:
740,
3483,
6226,
8969,
11712,
12397,
14455,
15140,
16512,
17197,
17883,
19940,
20626,
21312,
63312,
71026,
71369,
87826,

4 Column Hit Times:
5026,
5369,
9483,
10169,
10512,
12055,
14797,
17540,
18569,
20283,
21997,
22340,
22683,
23026,
23540,
23883,
24226,
24569,
24740,
25083,
25426,
25769,
26112,
26626,
26969,
27483,
27826,
28169,
28512,
28855,
29197,
29540,
30055,
30569,
30912,
31255,
31597,
31769,
32455,
32626,
32969,
34340,
34683,
35026,
35540,
36055,
36397,
36740,
37083,
37426,
37769,
38112,
38455,
38626,
38969,
39140,
39397,
39569,
39826,
40083,
40340,
40512,
40769,
40940,
41197,
41369,
41540,
41712,
41883,
42055,
42226,
42397,
42569,
44112,
44283,
44626,
44969,
45397,
45569,
45826,
45997,
46255,
46512,
46683,
47026,
47369,
47540,
47797,
47969,
48397,
48740,
48912,
49426,
49769,
50112,
50283,
50455,
50883,
51055,
51483,
51740,
51912,
52169,
52340,
52683,
52940,
53112,
53540,
53712,
53883,
54312,
54569,
54740,
55426,
55683,
55855,
56283,
56455,
56626,
57055,
57312,
57483,
57740,
57997,
58340,
58683,
58855,
59112,
59283,
59712,
59883,
60140,
60740,
61083,
61512,
61683,
62112,
62283,
62455,
62797,
63826,
63997,
64512,
64940,
65112,
65369,
65540,
65969,
66226,
66397,
66655,
66912,
67255,
67426,
67769,
67940,
68283,
68540,
68797,
69055,
69312,
69483,
69740,
69997,
70169,
70426,
70683,
71455,
71712,
72055,
72226,
72483,
72740,
72997,
73255,
73426,
73683,
73855,
74112,
74369,
74626,
74797,
75140,
75312,
75483,
75826,
75997,
76169,
76426,
77026,
77369,
77540,
77797,
77969,
78226,
78397,
78655,
78912,
79255,
79597,
79855,
80112,
80283,
80540,
80969,
81140,
81312,
81483,
81826,
82512,
82769,
83026,
83197,
83455,
83712,
83969,
84226,
84397,
84740,
85083,
86112,
86283,
86712,
87055,
98797,
99312,
99826,
100169,
100683,
101197,
101540,
102055,
102569,
102912,
103597,
103940,
104455,
104797,
105312,
105655,
106169,
106512,
107026,
107369,
108055,
108397,
108912,
109769,
110112,
110455,
110797,
111312,
111655,
111997,
112340,
112512,
112855,
113197,
113540,
113883,
114397,
114740,
115255,
115597,
115940,
116283,
116626,
116969,
117312,
117826,
118340,
118683,
119026,
119369,
119540,
119797,
120055,
120226,
120483,
120740,
120912,
122112,
122455,
122797,
122969,
123312,
123826,
124169,
124512,
124855,
125197,
125540,
125883,
126226,
126397,
126740,
126912,
127169,
127340,
127597,
127855,
128112,
128283,
128540,
128712,
128969,
129140,
129312,
129483,
129655,
129826,
129997,
130169,
130340,
131797,
131969,
132226,
132397,
132740,
133083,
133255,
133512,
133683,
134112,
134283,
134540,
134712,
134969,
135140,
135483,
135826,
135997,
136255,
136426,
136683,
136855,
137197,
137626,
137797,
138055,
138312,
138483,
138912,
139340,
139512,
139769,
139940,
140112,
140369,
140540,
140969,
141312,
141483,
141740,
141912,
142169,
142340,
142769,
142940,
143197,
143369,
143712,
144055,
144226,
144483,
144655,
145083,
145255,
145512,
145683,
145940,
146112,
146455,
146797,
146969,
147226,
147397,
147655,
147826,
148169,
148597,
148769,
149026,
149283,
149455,
149883,
150312,
150483,
150740,
150912,
151083,
151340,
151512,
151940,
152283,
152455,
152712,
152883,
153140,
153312,
153655,
153997,
154512,
155026,
155540,
156055,
156569,
157083,
157597,
158112,
158626,
159140,
159483,
159997,
160512,
161026,
161540,
162055,
162569,
163083,
163597,
164026,
164283,
164626,
164969,
165312,
165655,
166169,
166512,
166855,
167197,
167369,
167712,
168055,
168397,
168740,
169083,
169255,
169683,
169940,
170112,
170283,
170626,
170797,
171055,
171226,
171483,
171740,
171997,
172169,
172426,
172597,
172855,
173026,
173197,
173369,
173540,
173712,
173883,
174055,
174226,
174397,
174569,
174740,
174997,
175169,
175426,
175597,
175940,
176283,
176455,
176712,
176883,
177140,
177312,
177740,
177912,
178169,
178340,
178512,
178769,
178940,
179369,
179797,
179969,
180226,
180397,
180740,
181169,
181340,
181769,
182112,
182455,
182626,
182883,
183055,
183483,
183912,
184083,
184340,
184512,
184855,
185026,
185283,
185455,
185712,
185883,
186226,
186569,
186912,
187255,
187426,
187683,
187855,
188283,
188712,
188883,
189140,
189312,
189483,
189740,
189912,
190340,
190769,
190940,
191369,
191712,
192140,
192312,
192740,
193083,
193426,
193597,
193855,
194026,
194455,
194883,
195055,
195312,
195483,
195826,
196255,
196426,
196683,
196855,
197197,
197540,
197883,
198226,
198397,
198655,
198826,
199083,
199255,
199683,
199855,
200112,
200283,
200455,
200712,
200883,
201312,
201740,
201912,
202169,
202340,
202683,
203112,
203283,
203712,
204055,
204397,
204569,
204826,
204997,
205426,
205855,
206026,
206283,
206455,
206797,
206969,
207226,
207397,
207655,
207826,
208169,
208512,
208855,
209197,
209369,
209626,
209797,
210226,
210655,
210826,
211083,
211255,
211426,
211683,
211855,
212283,
212712,
212883,
213312,
213655,
214083,
214255,
214512,
214683,
215026,
215369,
215540,
215797,
215969,
216226,
216397,
216826,
217083,
217340,
217597,
217855,
218197,
218369,
218883,
219055,
219483,
219826,
220169,
220512,
220940,
221112,
221369,
221540,
221797,
222055,
222226,
222569,
222912,
223083,
223340,
223512,
223940,
224283,
224455,
224969,
225312,
225655,
225826,
225997,
226426,
226597,
227026,
227283,
227455,
227712,
227883,
228226,
228483,
228655,
229083,
229255,
229426,
229855,
230112,
230283,
230540,
230797,
230969,
231226,
231397,
231826,
231997,
232169,
232597,
232855,
233026,
233283,
233540,
233883,
234226,
234397,
234655,
234826,
235255,
235426,
235683,
235940,
236283,
236626,
237055,
237226,
237655,
237826,
237997,
238340,
238683,
238855,
239112,
239369,
239540,
239712,
240055,
240483,
240655,
240912,
241083,
241426,
241683,
241940,
242283,
242540,
242797,
243055,
243312,
243569,
244255,
244512,
244855,
245197,
245455,
245712,
245969,
246226,
246483,
246912,
247169,
247426,
247769,
248026,
248283,
248540,
248797,
249055,
249740,
249997,
250340,
250683,
250855,
251112,
251369,
251540,
251797,
251969,
252397,

4 Column Long Note Times:
8112,
13597,
16340,
19083,
60397,
63140,
70855,
76683,
82169,
87569,
87826,
93312,
243826,
249312,

4 Column Release Times:
8283,
13769,
16512,
19255,
60569,
63312,
71026,
76855,
82340,
87655,
92626,
98112,
244169,
249655,

