Artist : Various Artists
Song Name : Jumpstream Complexes Vol. 2A
Difficulty : 0
BPM : 190
Background Image : charts\Various Artists-Jumpstream Complexes Vol. 2A\Cosmic Disgust.jpg
Audio : charts\Various Artists-Jumpstream Complexes Vol. 2A\Cosmic Disgust.mp3

1 Column Hit Times:
70,
531,
993,
1339,
1454,
1916,
2146,
2377,
2723,
2839,
3185,
3300,
3531,
3646,
3877,
4223,
4627,
4916,
5377,
5493,
5608,
6070,
6300,
6531,
6877,
6993,
7454,
7916,
8262,
8377,
8723,
8839,
9070,
9300,
9416,
9762,
10108,
10223,
10570,
10685,
10916,
11031,
11146,
11493,
11608,
11839,
11954,
12070,
12531,
12993,
13454,
13685,
13800,
14031,
14262,
14435,
14839,
15012,
15300,
15416,
15646,
15762,
15993,
16166,
16281,
16454,
16570,
16685,
16858,
17146,
17262,
17435,
17608,
17839,
18070,
18300,
18416,
18531,
18646,
18877,
19050,
19223,
19454,
19685,
19800,
19916,
20089,
20204,
20377,
20550,
20781,
20954,
21070,
21300,
21416,
21589,
21762,
21877,
22050,
22223,
22454,
22627,
22743,
22916,
23146,
23262,
23377,
23608,
23781,
24070,
24243,
24473,
24589,
24762,
24993,
25108,
25339,
25454,
25685,
25800,
25916,
26146,
26320,
26435,
26608,
26781,
26896,
27127,
27300,
27416,
27762,
27877,
28050,
28223,
28339,
28570,
28685,
28800,
28916,
29031,
29146,
29320,
29493,
29608,
29723,
29896,
30070,
30300,
30473,
30704,
30877,
31050,
31223,
31454,
31570,
31743,
31916,
32146,
32320,
32550,
32723,
32896,
33070,
33300,
33473,
33646,
33820,
33993,
34166,
34454,
34627,
34858,
35031,
35204,
35377,
35608,
35723,
35896,
36070,
36243,
36416,
36589,
36762,
36877,
36993,
37166,
37339,
37512,
37685,
37858,
38089,
38262,
38435,
38608,
38781,
39070,
39300,
39416,
39589,
39762,
39993,
40223,
40454,
40627,
40858,
41031,
41204,
41377,
41608,
41839,
42070,
42243,
42416,
42589,
42762,
42935,
43108,
43281,
43454,
43570,
43743,
43916,
44146,
44320,
44435,
44608,
44723,
44839,
45012,
45185,
45358,
45473,
45646,
45877,
45993,
46108,
46339,
46512,
46685,
46800,
46973,
47146,
47262,
47435,
47608,
47723,
47954,
48070,
48243,
48416,
48589,
48762,
48877,
48993,
49223,
49339,
49454,
49627,
49800,
49916,
50089,
50262,
50435,
50608,
50723,
50896,
51012,
51185,
51358,
51531,
51646,
51762,
51877,
52108,
52223,
52339,
52512,
52685,
52800,
52916,
53146,
53320,
53493,
53608,
53839,
54012,
54185,
54358,
54531,
54704,
54877,
55050,
55223,
55396,
55512,
55685,
55800,
56031,
56204,
56377,
56493,
56608,
56781,
56954,
57070,
57243,
57416,
57531,
57762,
57877,
57993,
58223,
58339,
58512,
58685,
58916,
59031,
59146,
59493,
60070,
60416,
60993,
61339,
61685,
62031,
62377,
62839,
63185,
63300,
63762,
63877,
64108,
64223,
64685,
64800,
65031,
65146,
65377,
65493,
65723,
65839,
66070,
66185,
66531,
66877,
67454,
67800,
68377,
68723,
69070,
69416,
69762,
69993,
70223,
70454,
70570,
70916,
71031,
71146,
71377,
71493,
71723,
71839,
72070,
72185,
72416,
72531,
72762,
72935,
73339,
73512,
73916,
74089,
74262,
74377,
74550,
74723,
74896,
75012,
75185,
75416,
75531,
75646,
75877,
76050,
76223,
76339,
76512,
76743,
76916,
77089,
77204,
77377,
77608,
77781,
77954,
78127,
78300,
78416,
78531,
78762,
78877,
78993,
79166,
79339,
79454,
79627,
79800,
79973,
80146,
80262,
80435,
80608,
80781,
80896,
81070,
81185,
81300,
81416,
81646,
81762,
81877,
82050,
82223,
82339,
82454,
82685,
82858,
83031,
83146,
83377,
83550,
83723,
83896,
84070,
84243,
84358,
84531,
84646,
84762,
84935,
85050,
85223,
85339,
85570,
85743,
85916,
86031,
86204,
86320,
86493,
86608,
86781,
86896,
87070,
87300,
87416,
87531,
87762,
87877,
87993,
88166,
88339,
88512,
88685,
88800,
88916,
89031,
89204,
89377,
89493,
89608,
89839,
89954,
90070,
90243,
90416,
90531,
90704,
90877,
91050,
91223,
91339,
91454,
91570,
91743,
91858,
92146,
92262,
92377,
92493,
92723,
92896,
93070,
93185,
93358,
93473,
93646,
93877,
93993,
94108,
94339,
94512,
94685,
94800,
94973,
95146,
95320,
95435,
95608,
95723,
95896,
96070,
96185,
96300,
96473,
96646,
96762,
96935,
97108,
97281,
97396,
97570,
97685,
97858,
98031,
98146,
98262,
98435,
98608,
98723,
98839,
99070,
99185,
99300,
99473,
99589,
99762,
99877,
99993,
100223,
100339,
100454,
100627,
100743,
100973,
101146,
101262,
101435,
101608,
101723,
101896,
102070,
102185,
102300,
102416,
102531,
102704,
102877,
103050,
103223,
103339,
103454,

1 Column Long Note Times:
14608,
73685,

1 Column Release Times:
14666,
73743,

2 Column Hit Times:
185,
416,
877,
993,
1339,
1570,
1916,
2262,
2377,
2781,
3300,
3762,
4223,
4685,
4916,
5146,
5262,
5377,
5608,
5839,
6185,
6416,
6531,
6877,
7108,
7454,
7685,
7800,
8320,
8608,
8723,
9070,
9185,
9416,
9646,
9762,
10108,
10223,
10339,
10685,
10858,
11031,
11146,
11262,
11493,
11723,
11954,
12070,
12185,
12416,
12531,
12704,
12993,
13223,
13339,
13570,
13858,
13973,
14146,
14320,
14839,
14954,
15127,
15300,
15473,
15589,
15762,
15877,
16050,
16223,
16454,
16627,
16743,
16916,
17089,
17204,
17377,
17493,
17608,
17781,
18012,
18127,
18300,
18416,
18531,
18704,
18820,
18993,
19166,
19281,
19454,
19570,
19685,
19858,
19973,
20146,
20320,
20435,
20608,
20723,
20896,
21070,
21185,
21300,
21531,
21646,
21762,
21935,
22166,
22281,
22454,
22685,
22858,
23031,
23146,
23435,
23608,
23723,
23896,
24070,
24185,
24358,
24531,
24646,
24762,
24935,
25050,
25223,
25454,
25570,
25685,
25858,
25973,
26146,
26262,
26377,
26608,
26839,
27012,
27185,
27300,
27473,
27589,
27762,
27993,
28223,
28396,
28512,
28685,
28800,
28916,
29031,
29204,
29377,
29493,
29608,
29781,
29954,
30127,
30300,
30531,
30646,
30820,
30993,
31166,
31339,
31512,
31685,
31916,
32031,
32204,
32377,
32608,
32781,
33012,
33185,
33358,
33531,
33704,
33993,
34223,
34339,
34512,
34685,
34916,
35089,
35320,
35493,
35666,
35839,
36012,
36300,
36531,
36704,
36877,
36993,
37108,
37281,
37454,
37627,
37800,
37973,
38146,
38377,
38493,
38666,
38839,
39012,
39185,
39358,
39531,
39704,
39935,
40108,
40281,
40454,
40685,
40800,
40973,
41146,
41377,
41493,
41608,
41781,
41954,
42127,
42300,
42473,
42646,
42820,
42993,
43223,
43396,
43627,
43800,
43973,
44146,
44262,
44377,
44493,
44608,
44839,
44954,
45070,
45243,
45416,
45531,
45704,
45820,
45993,
46166,
46281,
46454,
46570,
46685,
46858,
47031,
47146,
47377,
47493,
47608,
47781,
47896,
48070,
48185,
48358,
48531,
48646,
48820,
48993,
49108,
49281,
49454,
49570,
49743,
49916,
50031,
50146,
50320,
50493,
50608,
50781,
50954,
51070,
51243,
51416,
51531,
51646,
51762,
51935,
52050,
52223,
52396,
52570,
52743,
52916,
53031,
53204,
53377,
53493,
53666,
53781,
53954,
54070,
54243,
54416,
54531,
54646,
54820,
54935,
55108,
55223,
55339,
55454,
55570,
55743,
55858,
55973,
56146,
56262,
56435,
56608,
56723,
56839,
57012,
57185,
57300,
57416,
57589,
57704,
57877,
58050,
58166,
58339,
58454,
58570,
58743,
58858,
58973,
59089,
59262,
59954,
60300,
60646,
60877,
61223,
61570,
61916,
62262,
62608,
62781,
63070,
63416,
63704,
64627,
66300,
66416,
66646,
67339,
67685,
68031,
68262,
68377,
68608,
68723,
68954,
69070,
69300,
69416,
69646,
69762,
69993,
70166,
70570,
70685,
71031,
71146,
71262,
71493,
71608,
71839,
72012,
72185,
72300,
72531,
72646,
72820,
72993,
73166,
73396,
73685,
73973,
74146,
74377,
74493,
74608,
74781,
74954,
75070,
75243,
75358,
75531,
75704,
75820,
75993,
76108,
76223,
76396,
76627,
76800,
76916,
77031,
77146,
77320,
77435,
77608,
77723,
77896,
78070,
78185,
78358,
78531,
78646,
78820,
78993,
79108,
79281,
79454,
79570,
79685,
79858,
80031,
80146,
80320,
80493,
80608,
80723,
80839,
81070,
81185,
81300,
81473,
81589,
81762,
81935,
82108,
82281,
82454,
82570,
82743,
82916,
83031,
83204,
83320,
83493,
83608,
83781,
83954,
84070,
84185,
84300,
84531,
84704,
84820,
84993,
85108,
85281,
85396,
85512,
85685,
85800,
85916,
86089,
86262,
86377,
86550,
86723,
86839,
86954,
87127,
87243,
87416,
87589,
87704,
87820,
87993,
88108,
88223,
88396,
88512,
88627,
88743,
88916,
89089,
89262,
89435,
89608,
89723,
89896,
90070,
90185,
90358,
90531,
90646,
90762,
90935,
91108,
91223,
91339,
91512,
91627,
91916,
92031,
92146,
92262,
92377,
92550,
92666,
92839,
93012,
93243,
93416,
93531,
93704,
93820,
93993,
94166,
94281,
94454,
94570,
94685,
94858,
95031,
95146,
95262,
95377,
95608,
95781,
95896,
96012,
96127,
96300,
96416,
96589,
96762,
96877,
96993,
97166,
97339,
97454,
97570,
97743,
97916,
98031,
98204,
98377,
98493,
98608,
98781,
98896,
99070,
99300,
99416,
99531,
99762,
99935,
100108,
100223,
100396,
100570,
100685,
100858,
101031,
101204,
101377,
101493,
101608,
101781,
101954,
102070,
102243,
102416,
102531,
102646,
102762,
102935,
103108,
103223,
103339,
103454,

2 Column Long Note Times:
14666,
73858,

2 Column Release Times:
14723,
73916,

3 Column Hit Times:
70,
300,
531,
646,
762,
935,
1108,
1454,
1685,
1800,
2031,
2377,
2839,
3185,
3473,
3646,
3762,
3993,
4108,
4570,
4800,
4916,
5146,
5320,
5608,
5954,
6300,
6473,
6762,
6993,
7223,
7339,
7454,
7916,
8031,
8146,
8377,
8608,
9012,
9185,
9300,
9531,
9646,
9877,
9993,
10166,
10339,
10454,
10685,
10800,
10916,
11089,
11262,
11377,
11608,
11723,
12012,
12300,
12646,
12762,
12935,
13108,
13454,
13916,
14089,
14377,
14550,
14896,
15070,
15243,
15358,
15531,
15704,
15820,
15993,
16223,
16339,
16512,
16685,
16916,
17031,
17146,
17377,
17608,
17723,
17896,
18070,
18185,
18358,
18531,
18762,
18993,
19108,
19339,
19512,
19685,
19916,
20146,
20262,
20377,
20608,
20839,
21012,
21127,
21300,
21473,
21704,
21820,
21993,
22108,
22223,
22339,
22512,
22685,
22800,
22973,
23146,
23320,
23493,
23608,
23839,
23954,
24070,
24300,
24531,
24704,
24820,
24993,
25166,
25281,
25454,
25627,
25743,
25916,
26031,
26204,
26377,
26493,
26666,
26839,
26954,
27070,
27243,
27358,
27531,
27704,
27820,
27993,
28166,
28281,
28454,
28685,
28858,
28973,
29089,
29262,
29377,
29550,
29666,
29839,
30070,
30185,
30358,
30531,
30762,
30935,
31223,
31396,
31627,
31800,
31973,
32146,
32377,
32493,
32666,
32839,
33070,
33243,
33416,
33589,
33762,
33877,
34050,
34223,
34396,
34570,
34743,
34916,
35146,
35262,
35435,
35608,
35781,
35954,
36127,
36300,
36473,
36646,
36820,
36935,
37050,
37223,
37396,
37685,
37916,
38031,
38204,
38377,
38608,
38839,
38954,
39127,
39300,
39531,
39762,
39877,
40050,
40223,
40339,
40512,
40685,
40916,
41089,
41262,
41435,
41550,
41723,
41896,
42070,
42300,
42531,
42762,
42993,
43166,
43339,
43512,
43685,
43858,
44089,
44262,
44377,
44493,
44666,
44781,
44954,
45127,
45300,
45416,
45589,
45762,
45877,
46050,
46223,
46339,
46454,
46627,
46800,
46916,
47089,
47262,
47377,
47550,
47723,
47839,
48012,
48127,
48300,
48416,
48531,
48704,
48935,
49108,
49223,
49396,
49512,
49685,
49858,
49973,
50146,
50262,
50377,
50550,
50723,
50839,
51070,
51185,
51300,
51473,
51589,
51704,
51820,
51993,
52108,
52281,
52454,
52570,
52685,
52858,
53031,
53146,
53262,
53435,
53608,
53723,
53896,
54070,
54185,
54300,
54473,
54646,
54762,
54993,
55108,
55339,
55454,
55627,
55800,
55916,
56089,
56262,
56377,
56550,
56723,
56896,
57070,
57185,
57358,
57473,
57646,
57762,
57935,
58108,
58281,
58454,
58570,
58685,
58800,
58973,
59089,
59377,
59723,
60012,
60935,
62608,
62723,
62954,
63646,
63993,
64339,
64570,
64916,
65262,
65608,
65954,
66300,
66473,
66762,
67108,
67396,
68320,
68608,
68954,
69300,
69646,
69993,
70108,
70223,
70339,
70454,
70800,
70916,
71089,
71377,
71723,
71954,
72070,
72300,
72416,
72646,
72762,
73108,
73281,
73454,
73570,
73916,
74031,
74204,
74320,
74493,
74666,
74839,
74954,
75127,
75300,
75416,
75589,
75762,
75877,
75993,
76166,
76339,
76454,
76570,
76685,
76916,
77146,
77262,
77377,
77550,
77666,
77839,
77954,
78070,
78243,
78473,
78646,
78762,
78935,
79050,
79223,
79396,
79512,
79685,
79800,
79916,
80089,
80262,
80377,
80550,
80666,
80839,
80954,
81070,
81243,
81358,
81531,
81646,
81820,
81993,
82108,
82223,
82396,
82570,
82685,
82800,
82973,
83146,
83262,
83435,
83608,
83723,
83839,
84012,
84127,
84300,
84416,
84531,
84762,
84877,
84993,
85166,
85339,
85454,
85627,
85800,
85916,
86031,
86146,
86262,
86435,
86608,
86723,
86839,
87012,
87185,
87300,
87473,
87646,
87762,
87877,
88050,
88223,
88339,
88454,
88570,
88685,
88858,
88973,
89146,
89262,
89377,
89550,
89723,
89839,
90012,
90127,
90300,
90473,
90589,
90762,
90877,
90993,
91166,
91281,
91396,
91685,
91800,
91916,
92031,
92204,
92320,
92435,
92608,
92723,
92839,
92954,
93127,
93300,
93416,
93589,
93762,
93877,
94050,
94223,
94339,
94454,
94627,
94800,
94916,
95089,
95262,
95377,
95550,
95666,
95839,
95954,
96070,
96243,
96358,
96531,
96704,
96877,
97050,
97223,
97339,
97512,
97685,
97800,
97973,
98089,
98262,
98377,
98550,
98666,
98839,
98954,
99070,
99243,
99358,
99531,
99646,
99762,
99877,
100050,
100166,
100281,
100454,
100570,
100685,
100800,
100916,
101031,
101146,
101320,
101493,
101608,
101723,
101839,
102012,
102127,
102358,
102473,
102589,
102762,
102877,
102993,
103108,
103281,
103396,

3 Column Long Note Times:
14781,
73800,

3 Column Release Times:
14839,
73858,

4 Column Hit Times:
70,
531,
993,
1223,
1454,
1685,
1800,
1916,
2493,
2608,
2839,
2954,
3070,
3300,
3416,
3531,
3762,
4339,
4454,
4685,
5031,
5146,
5377,
5493,
5723,
5954,
6070,
6300,
6531,
6646,
7570,
7916,
8377,
8493,
8954,
9070,
9300,
9531,
9762,
9877,
9993,
10223,
10454,
10570,
10800,
10916,
11146,
11377,
11608,
11839,
12070,
12300,
12531,
12762,
12877,
12993,
13454,
13916,
14204,
14493,
14839,
15070,
15185,
15300,
15531,
15762,
15935,
16108,
16223,
16396,
16685,
16800,
16973,
17146,
17320,
17550,
17666,
17839,
17954,
18070,
18243,
18473,
18589,
18762,
18935,
19223,
19396,
19627,
19743,
19916,
20031,
20146,
20377,
20493,
20666,
20839,
21070,
21243,
21358,
21531,
21762,
21993,
22108,
22223,
22396,
22570,
22685,
22916,
23089,
23204,
23377,
23550,
23666,
23839,
24012,
24127,
24300,
24416,
24531,
24877,
24993,
25223,
25396,
25512,
25800,
25916,
26089,
26377,
26550,
26723,
26839,
27070,
27300,
27531,
27646,
27762,
27935,
28108,
28223,
28454,
28627,
28743,
28858,
29146,
29262,
29435,
29608,
29839,
30012,
30243,
30416,
30589,
30762,
30993,
31108,
31281,
31454,
31685,
31858,
32089,
32262,
32435,
32608,
32839,
32954,
33127,
33300,
33531,
33762,
33935,
34108,
34281,
34454,
34685,
34800,
34973,
35146,
35377,
35550,
35839,
36070,
36185,
36358,
36531,
36762,
36993,
37223,
37454,
37570,
37743,
37916,
38146,
38320,
38550,
38723,
38896,
39070,
39243,
39473,
39646,
39820,
39993,
40166,
40396,
40570,
40743,
40916,
41146,
41320,
41493,
41666,
41839,
42012,
42185,
42358,
42531,
42704,
42877,
43050,
43223,
43454,
43685,
43916,
44031,
44204,
44377,
44550,
44723,
44896,
45070,
45185,
45300,
45531,
45646,
45762,
45935,
46108,
46223,
46396,
46570,
46743,
46916,
47031,
47204,
47320,
47493,
47666,
47839,
47954,
48070,
48185,
48300,
48473,
48646,
48762,
48877,
49050,
49166,
49339,
49570,
49685,
49800,
50031,
50204,
50377,
50493,
50666,
50839,
50954,
51127,
51300,
51416,
51589,
51762,
51877,
51993,
52166,
52339,
52454,
52627,
52800,
52973,
53089,
53262,
53377,
53550,
53723,
53839,
53954,
54127,
54300,
54416,
54589,
54762,
54877,
54993,
55166,
55281,
55454,
55570,
55685,
55916,
56031,
56146,
56320,
56493,
56666,
56839,
56954,
57127,
57300,
57531,
57646,
57820,
57993,
58108,
58223,
58396,
58627,
58800,
58916,
59031,
59146,
59493,
59608,
60070,
60185,
60416,
60531,
60993,
61108,
61339,
61454,
61685,
61800,
62031,
62146,
62377,
62493,
62839,
63185,
63762,
64108,
64685,
65031,
65377,
65723,
66070,
66531,
66877,
66993,
67454,
67570,
67800,
67916,
68377,
68493,
68723,
68839,
69070,
69185,
69416,
69531,
69762,
69877,
70223,
70339,
70570,
70685,
70800,
71146,
71262,
71493,
71608,
71954,
72070,
72416,
72762,
72877,
73050,
73223,
73454,
73627,
73916,
74031,
74146,
74262,
74435,
74608,
74723,
74839,
75070,
75185,
75300,
75473,
75646,
75762,
75935,
76108,
76281,
76454,
76570,
76685,
76858,
76973,
77146,
77377,
77493,
77608,
77723,
77839,
78012,
78185,
78300,
78416,
78589,
78704,
78877,
79108,
79223,
79339,
79570,
79743,
79916,
80031,
80204,
80377,
80493,
80608,
80839,
81012,
81127,
81300,
81416,
81531,
81704,
81877,
81993,
82166,
82339,
82512,
82627,
82800,
82916,
83089,
83262,
83377,
83493,
83666,
83839,
83954,
84070,
84300,
84473,
84589,
84762,
84993,
85108,
85223,
85454,
85570,
85685,
85858,
85973,
86146,
86377,
86493,
86666,
86839,
86954,
87070,
87185,
87358,
87531,
87646,
87762,
87935,
88108,
88281,
88454,
88570,
88685,
88800,
89031,
89146,
89320,
89493,
89666,
89781,
89954,
90185,
90300,
90416,
90646,
90820,
90993,
91108,
91454,
91570,
91685,
91800,
91973,
92089,
92377,
92493,
92608,
92781,
92954,
93070,
93185,
93300,
93531,
93646,
93762,
93935,
94108,
94223,
94396,
94570,
94743,
94916,
95031,
95204,
95377,
95493,
95608,
95839,
95954,
96070,
96185,
96416,
96531,
96646,
96820,
96993,
97108,
97223,
97454,
97627,
97800,
97916,
98146,
98320,
98493,
98608,
98839,
99012,
99127,
99300,
99531,
99704,
99820,
99993,
100108,
100339,
100512,
100685,
100800,
100916,
101089,
101262,
101377,
101550,
101666,
101839,
101954,
102185,
102300,
102531,
102646,
102820,
102993,
103166,
103281,
103454,

4 Column Long Note Times:
6993,
14723,
73743,

4 Column Release Times:
7396,
14781,
73800,

