Artist : Various Artists
Song Name : Jumpstream Practice Pack (JPP)
Difficulty : Earth Quake
BPM : 190
Background Image : charts\Various Artists-Jumpstream Practice Pack (JPP)\Earth Quake.jpg
Audio : charts\Various Artists-Jumpstream Practice Pack (JPP)\ Earth Quake.mp3

1 Column Hit Times:
8006,
8606,
9006,
9406,
10006,
10406,
10806,
11206,
11406,
11806,
12506,
12806,
13206,
13806,
14206,
14406,
14706,
15006,
15306,
15606,
16006,
16306,
16606,
16806,
17006,
17406,
17606,
17906,
18506,
18806,
19206,
19606,
19906,
20206,
20606,
20806,
21106,
21406,
21606,
21806,
22606,
23006,
23206,
23406,
23706,
24006,
24306,
24606,
24906,
25206,
25606,
26106,
26706,
27206,
27406,
27606,
28006,
28206,
28606,
28806,
29206,
29406,
29806,
30206,
30806,
31206,
31406,
31806,
32006,
32406,
32606,
33006,
33206,
33606,
33906,
34206,
34506,
34806,
35206,
35506,
35806,
36006,
36306,
36606,
36806,
37206,
37506,
37806,
38106,
38406,
38806,
39206,
39606,
39806,
40006,
40306,
40606,
40806,
41106,
41406,
41706,
42006,
42406,
42706,
42906,
43106,
43406,
43706,
44006,
44406,
44806,
45106,
45406,
45806,
46006,
46206,
46506,
46806,
47106,
47606,
47906,
48206,
48506,
49106,
49406,
49606,
49906,
50206,
50506,
50806,
51206,
51506,
51806,
52206,
52406,
52606,
52806,
53106,
53406,
53706,
54006,
54406,
54706,
55006,
55206,
55606,
56006,
56306,
56606,
57106,
57406,
57806,
58006,
58406,
58806,
59206,
59606,
60006,
60306,
60606,
60806,
61106,
61506,
61906,
62206,
62706,
63006,
63406,
63606,
63906,
64206,
64706,
65006,
65206,
65606,
66006,
66306,
66606,
67006,
67306,
67706,
68006,
68206,
68506,
68806,
69206,
69406,
70006,
70606,
70806,
71206,
71606,
71806,
72206,
72506,
72806,
73206,
73506,
73806,
74106,
74406,
74706,
75006,
75306,
75606,
75906,
76206,
76406,
76806,
77106,
77506,
78006,
78206,
78606,
78906,
79206,
79606,
79906,
80206,
80506,
80806,
81106,
81406,
81706,
82006,
82306,
82606,
82806,
83206,
83506,
83906,
84406,
84606,
85006,
85306,
85606,
86139,
86406,
86806,
87506,
88006,
88406,
88606,
89006,
89206,
89606,
90106,
90406,
90706,
91206,
91606,
92206,
92606,
92906,
93206,
93606,
94006,
94306,
94706,
95206,
95606,
96006,
96206,
96406,
97206,
97606,
98406,
99206,
99606,
100006,
100806,
101406,
101606,
102806,
103206,
104006,
104406,
105806,
107206,
107806,
108006,
108806,
110406,
110806,
111206,
111806,
112206,
112806,
113206,
113472,
113806,
114406,
116206,
116806,
117406,
117606,
118806,
120206,
120806,
122606,
123006,
126606,
127206,
127606,
128206,
128806,
129206,
129606,
129806,
130406,
130906,
131206,
131539,
131806,
132006,
132272,
132606,
132806,
133206,
133606,
133906,
134606,
134906,
135206,
135606,
135906,
136206,
136506,
136806,
137106,
137606,
137806,
138206,
138506,
138806,
139106,
139406,
139806,
140206,
140506,
140806,
141106,
141406,
141706,
142006,
142406,
142706,
143006,
143306,
143606,
144006,
144306,
144606,
144906,
145206,
145606,
146006,
146306,
146806,
147106,
147506,
147906,
148206,
148506,
148806,
149206,
149606,
149906,
150306,
150606,
150906,
151206,
151506,
151806,
152106,
152406,
152806,
153106,
153406,
153706,
154006,
154306,
154606,
154906,
155206,
155406,
156006,
156406,
157006,
157206,
157606,
157906,
158106,
158406,
158706,
159106,
159406,
159606,
160006,
160406,
160706,
161006,
161306,
161606,
162006,
162406,
162706,
163106,
163406,
163706,
164006,
164306,
164606,
164906,
165206,
165606,
165906,
166206,
166506,
166806,
167106,
167406,
167706,
168006,
168206,
168806,
169206,
169806,
170006,
170406,
170706,
170906,

1 Column Long Note Times:
22206,
102317,
104806,
106406,
109406,
109606,
115206,
118317,
119206,
121339,
121606,
123206,
134206,
171206,

1 Column Release Times:
22406,
102406,
105072,
106806,
109506,
109806,
116006,
118406,
119606,
121428,
122206,
126406,
134406,
177606,

2 Column Hit Times:
8006,
8406,
8806,
9206,
9806,
10406,
10806,
11006,
11206,
11806,
12206,
12506,
12806,
13406,
13806,
14106,
14606,
14906,
15206,
15406,
16106,
16406,
16806,
17006,
17306,
17606,
18006,
18206,
18406,
18606,
19306,
19606,
20006,
20306,
20506,
20806,
21306,
21606,
21806,
22406,
22706,
22906,
23206,
23406,
23806,
24006,
24406,
24706,
24906,
25806,
26006,
26306,
26606,
26906,
27206,
29606,
30406,
30606,
32806,
33306,
33606,
34006,
34206,
34406,
34706,
35006,
35206,
35406,
35706,
36006,
36506,
36806,
37106,
37406,
37606,
37906,
38206,
38506,
38806,
39206,
39506,
39806,
40106,
40406,
40706,
41006,
41306,
41606,
41906,
42206,
42506,
42906,
43106,
43506,
43806,
44106,
44306,
44606,
44906,
45206,
45506,
45706,
46006,
46306,
46606,
46906,
47406,
47606,
48006,
48306,
48606,
49006,
49306,
49706,
50006,
50306,
50806,
51106,
51406,
51606,
51806,
52106,
52306,
52606,
53006,
53306,
53606,
54006,
54306,
54606,
54906,
55206,
55506,
55706,
56006,
56306,
56606,
57006,
57206,
57806,
58006,
58206,
58706,
59006,
59306,
59606,
59906,
60206,
60506,
60906,
61206,
61406,
61706,
62006,
62306,
62606,
62806,
63006,
63306,
63606,
63806,
64106,
64406,
64806,
65106,
65306,
65806,
66106,
66406,
66706,
66906,
67206,
67506,
67806,
68106,
68406,
68806,
69206,
69506,
70006,
70806,
71206,
71606,
72106,
72406,
72806,
73106,
73406,
73706,
74006,
74406,
74806,
75106,
75406,
75806,
76106,
76506,
76806,
77306,
77606,
77806,
78306,
78506,
78806,
79206,
79506,
79806,
80106,
80406,
80606,
80906,
81206,
81506,
81806,
82206,
82506,
82906,
83206,
83706,
84006,
84206,
84706,
85206,
85606,
85906,
86406,
86706,
87006,
87406,
87606,
88006,
88506,
89306,
89806,
90006,
90806,
91006,
91406,
91806,
92106,
92406,
93006,
93406,
93806,
94106,
94606,
95006,
95606,
96206,
96406,
96806,
97106,
97606,
98406,
99206,
100006,
100406,
100806,
101206,
101606,
102606,
106606,
107606,
109606,
110606,
111206,
111406,
112006,
112606,
112806,
113272,
113539,
114006,
115406,
116006,
116406,
117206,
118606,
119206,
120406,
121806,
122406,
123406,
124006,
124206,
124806,
125406,
125606,
126206,
126606,
127006,
127806,
128406,
128806,
129206,
129406,
129606,
130206,
130906,
131206,
131472,
131739,
132072,
132339,
132539,
132806,
133106,
133406,
133706,
134006,
134506,
134806,
135606,
135806,
136106,
136406,
136806,
137006,
137306,
137606,
137906,
138106,
138406,
138806,
139206,
139506,
139706,
140006,
140306,
140606,
140906,
141306,
141606,
142106,
142406,
142806,
143006,
143406,
143706,
144006,
144406,
144706,
145006,
145306,
145606,
145906,
146206,
146506,
146806,
147206,
147406,
147706,
148006,
148306,
148706,
149006,
149306,
149506,
149806,
150106,
150406,
150806,
151206,
151506,
151706,
152006,
152306,
152606,
152906,
153206,
153606,
154006,
154406,
154806,
155206,
155506,
155706,
156006,
156306,
156506,
157006,
157206,
157606,
158006,
158406,
158806,
159006,
159306,
159706,
160006,
160306,
160606,
160906,
161206,
161506,
161806,
162106,
162306,
162606,
162906,
163206,
163606,
164006,
164306,
164506,
164806,
165106,
165406,
165706,
166006,
166406,
166806,
167206,
167606,
168006,
168306,
168506,
168806,
169106,
169306,
169806,
170006,
170406,
170806,

2 Column Long Note Times:
15606,
18806,
25206,
102228,
103206,
104006,
105606,
108006,
108539,
108806,
110006,
114406,
117606,
118228,
119606,
120806,
121517,
122806,
135206,
171206,

2 Column Release Times:
15806,
19006,
25406,
102317,
103906,
104806,
106406,
108272,
108628,
109406,
110206,
114672,
117806,
118317,
120006,
121006,
121606,
123006,
135406,
176006,

3 Column Hit Times:
8206,
8606,
9206,
9606,
10006,
10606,
11006,
11206,
11606,
12006,
12406,
12606,
13006,
13606,
14006,
14206,
14506,
14806,
15106,
15306,
16206,
16506,
16906,
17206,
17506,
17806,
18106,
18406,
18606,
19206,
19506,
19806,
20106,
20406,
20906,
21206,
21706,
22006,
22506,
22806,
23106,
23306,
23606,
23806,
24106,
24406,
24806,
25006,
25906,
26206,
26506,
26806,
27006,
27806,
29006,
31006,
32206,
33406,
33706,
34106,
34406,
34906,
35306,
36106,
36406,
36606,
36906,
37206,
37406,
37706,
38006,
38306,
38606,
39106,
39406,
39706,
39906,
40206,
40506,
40806,
41206,
41506,
41806,
42006,
42306,
42606,
42806,
43006,
43206,
43606,
43806,
44206,
44506,
44806,
45006,
45306,
45606,
45906,
46106,
46406,
46706,
47006,
47306,
47506,
47806,
48106,
48406,
48706,
48906,
49206,
49606,
50006,
50406,
50706,
51006,
51306,
51606,
52006,
52306,
52506,
52906,
53206,
53506,
53806,
54106,
54406,
54806,
55106,
55406,
55806,
56206,
56406,
56806,
57206,
57906,
58206,
58706,
59006,
59406,
59706,
60006,
60406,
60706,
61006,
61306,
61606,
62006,
62406,
62806,
63206,
63406,
63706,
64006,
64306,
64506,
64806,
65106,
65406,
65606,
65906,
66206,
66506,
66806,
67206,
67606,
67906,
68306,
68606,
69106,
69606,
69906,
70206,
70706,
71006,
71506,
72006,
72306,
72606,
72906,
73206,
73606,
74006,
74306,
74506,
74806,
75206,
75506,
75706,
76006,
76306,
76706,
76906,
77206,
77406,
77706,
78006,
78406,
78706,
79006,
79306,
79606,
80006,
80406,
80706,
81006,
81206,
81606,
81906,
82106,
82406,
82706,
83106,
83306,
83606,
83806,
84106,
84406,
84806,
85206,
85806,
86006,
86606,
86906,
87206,
87606,
87806,
88306,
88806,
89106,
89606,
90006,
90206,
90606,
90806,
91206,
91506,
92006,
92306,
92806,
93106,
93606,
93906,
94206,
94406,
94806,
95406,
95806,
96306,
96606,
97006,
97406,
99606,
100006,
100406,
101006,
104606,
104806,
106006,
106406,
107406,
108006,
109006,
111006,
111206,
111606,
112006,
112406,
112806,
113006,
113339,
115806,
116006,
116606,
117006,
117606,
122806,
123206,
123806,
124006,
124406,
124806,
125206,
125606,
126006,
126406,
127006,
127606,
128406,
129006,
129406,
129606,
130406,
130806,
131006,
131406,
131672,
131939,
132139,
132472,
132739,
133006,
133306,
133606,
134006,
134406,
134706,
135006,
135506,
136006,
136306,
136606,
136906,
137206,
137406,
137706,
138006,
138306,
138606,
138906,
139206,
139606,
140006,
140406,
140706,
141006,
141206,
141506,
141806,
142006,
142306,
142606,
142906,
143206,
143506,
143806,
144106,
144406,
144806,
145106,
145406,
145706,
146006,
146406,
146706,
146906,
147206,
147606,
148006,
148406,
148606,
148906,
149106,
149406,
149706,
150006,
150206,
150506,
150806,
151106,
151306,
151606,
151806,
152206,
152506,
152806,
153206,
153506,
153806,
154106,
154506,
154806,
155106,
155506,
155806,
156106,
156306,
156606,
157106,
157406,
157806,
158206,
158506,
158906,
159206,
159606,
159806,
160106,
160406,
160806,
161106,
161406,
161706,
161906,
162206,
162506,
162806,
163006,
163306,
163606,
163906,
164106,
164406,
164606,
165006,
165306,
165606,
166006,
166306,
166606,
166906,
167306,
167606,
167906,
168306,
168606,
168906,
169106,
169406,
169906,
170206,
170606,
171006,

3 Column Long Note Times:
15806,
25406,
101606,
102139,
102406,
105339,
106806,
108272,
108717,
109806,
110206,
113606,
114939,
118139,
118406,
120006,
121428,
122206,
122406,

3 Column Release Times:
16006,
25606,
101872,
102228,
103206,
105606,
107206,
108539,
108806,
110006,
110406,
114406,
115206,
118228,
119206,
120806,
121517,
122306,
122606,

4 Column Hit Times:
8206,
8806,
9406,
9806,
10206,
10606,
11006,
11206,
11406,
12006,
12406,
12606,
13206,
13606,
14006,
14406,
14806,
15206,
15406,
16006,
16406,
16706,
16906,
17206,
17406,
17706,
18006,
18306,
18506,
19406,
19706,
20006,
20406,
20706,
21006,
21206,
21506,
21706,
22406,
22806,
23306,
23606,
23906,
24206,
24506,
24806,
25006,
25606,
26006,
26406,
26806,
27106,
28406,
30006,
31606,
33206,
33406,
33806,
34006,
34306,
34606,
34806,
35106,
35406,
35606,
35906,
36206,
36406,
36706,
37006,
37306,
37606,
38006,
38406,
38606,
39006,
39306,
39606,
40006,
40206,
40606,
40906,
41206,
41406,
41806,
42106,
42406,
42806,
43006,
43206,
43606,
43906,
44206,
44406,
44706,
45006,
45206,
45606,
45806,
46206,
46406,
46806,
47206,
47706,
48006,
48406,
48806,
49206,
49506,
49806,
50106,
50606,
50906,
51206,
51506,
51706,
52006,
52406,
52806,
53206,
53606,
53906,
54206,
54506,
54806,
55306,
55606,
55906,
56406,
56806,
57106,
57406,
57906,
58406,
58806,
59206,
59506,
59806,
60106,
60406,
60806,
61206,
61606,
61806,
62106,
62406,
62706,
63206,
63506,
63806,
64006,
64406,
64606,
64906,
65206,
65406,
65706,
66006,
66406,
66806,
67106,
67406,
67606,
68006,
68406,
68706,
69106,
69406,
69606,
69906,
70206,
70606,
71006,
71506,
71806,
72006,
72406,
72706,
73006,
73306,
73606,
73906,
74206,
74606,
74906,
75206,
75606,
76006,
76406,
76606,
77006,
77206,
77606,
78106,
78406,
78806,
79106,
79406,
79706,
80006,
80306,
80606,
80806,
81306,
81606,
82006,
82406,
82806,
83006,
83406,
83606,
84006,
84506,
84806,
85106,
85406,
86006,
86272,
86806,
87206,
87706,
88206,
88406,
88806,
89206,
89406,
89906,
90406,
90906,
91306,
91606,
92006,
92406,
92806,
93206,
93706,
94006,
94406,
94806,
95206,
95506,
96006,
96306,
96806,
97206,
97606,
98406,
99206,
99606,
100406,
100806,
101606,
102406,
103006,
103206,
104206,
104806,
105606,
106206,
106406,
109206,
109606,
113406,
113606,
114206,
114406,
115206,
115606,
118406,
119006,
119206,
120006,
120606,
120806,
121606,
122006,
122406,
123606,
124006,
124606,
125006,
125606,
125806,
126406,
127206,
127806,
128206,
129006,
129406,
129606,
129806,
130206,
130806,
131006,
131606,
131872,
132206,
132406,
132672,
132906,
133206,
133506,
133806,
134106,
134406,
134806,
135106,
135406,
135706,
136006,
136406,
136706,
137206,
137506,
138006,
138406,
138706,
139006,
139306,
139606,
139906,
140106,
140406,
140806,
141206,
141906,
142206,
142506,
142806,
143106,
143406,
143606,
143906,
144206,
144506,
144806,
145206,
145506,
145806,
146106,
146406,
146606,
147006,
147306,
147606,
147806,
148106,
148406,
148806,
149206,
149606,
150006,
150406,
150706,
151006,
151406,
151606,
152006,
152406,
152706,
153006,
153306,
153606,
153906,
154206,
154406,
154706,
155006,
155306,
155606,
155806,
156206,
156606,
157106,
157406,
157706,
157906,
158206,
158606,
158806,
159206,
159506,
159906,
160206,
160506,
160806,
161206,
161606,
162006,
162406,
162806,
163206,
163506,
163806,
164206,
164406,
164806,
165206,
165506,
165806,
166106,
166406,
166706,
167006,
167206,
167506,
167806,
168106,
168406,
168606,
169006,
169406,
169906,
170206,
170506,
170706,
171006,

4 Column Long Note Times:
19006,
22006,
101872,
105072,
107206,
108628,
110406,
114672,
116006,
116806,
117872,
121072,
123006,
141606,

4 Column Release Times:
19206,
22206,
102139,
105339,
108006,
108717,
113006,
114939,
116706,
117606,
118072,
121272,
123206,
141806,

