Artist : hololive
Song Name : hololive song pack
Difficulty : 0
BPM : 190
Background Image : charts\hololive-hololive song pack\Ghost In A Flower - Uruha Rushia.png
Audio : charts\hololive-hololive song pack\Ghost In A Flower - Uruha Rushia.mp3

1 Column Hit Times:
30778,
31459,
32141,
44438,
53105,
54438,
59771,
63438,
65438,
66938,
67605,
67938,
69438,
70271,
70938,
75438,
77105,
78271,
80105,
80271,
81105,
81605,
82771,
83605,
84105,
85438,
109438,
131099,
131766,
133099,
143432,
165766,
170766,
187426,
195759,
196426,
197426,
200093,
200759,
208093,
208759,
209426,
211759,
214259,
216759,
217093,
218093,
222759,
223593,
224093,
224426,
226426,
226759,
227759,
228093,

1 Column Long Note Times:
13444,
21444,
22778,
25444,
36105,
40105,
44771,
47438,
49438,
56771,
60771,
68605,
72271,
73438,
74438,
79271,
81938,
90771,
92105,
102771,
105438,
114766,
119432,
123766,
126099,
128099,
134099,
135432,
139432,
143766,
178759,
188759,
193426,
198093,
202759,
209926,
210759,
212426,
215593,
219593,
220593,
221926,
225593,
237426,
241426,

1 Column Release Times:
14111,
22111,
23444,
29444,
38771,
41438,
45105,
47771,
50105,
57438,
62771,
68938,
72605,
73771,
74938,
79605,
82438,
91438,
92771,
103438,
106105,
117432,
120099,
124266,
126432,
128766,
134432,
136099,
141432,
145432,
181426,
189426,
194093,
198426,
204093,
210259,
211093,
212759,
216093,
220093,
220926,
222259,
225926,
238093,
242093,

2 Column Hit Times:
44105,
54105,
57438,
62771,
63771,
65771,
67105,
67771,
68938,
69605,
70438,
71105,
71771,
72771,
74105,
75438,
76438,
77271,
78438,
79605,
81271,
82438,
83438,
110120,
113469,
122766,
125432,
130099,
131099,
132766,
136099,
141432,
143099,
171447,
174796,
196759,
200926,
205426,
207759,
208593,
209593,
211926,
212759,
214426,
216093,
216593,
216926,
217426,
219426,
220426,
221093,
222259,
222926,
223426,
224259,
225259,
226093,
226593,

2 Column Long Note Times:
9444,
14111,
17444,
24111,
38771,
46105,
52105,
55438,
58438,
66271,
77605,
84105,
89438,
93438,
94771,
101438,
106105,
118099,
127432,
134432,
138099,
179426,
189426,
191426,
206093,
211093,
213926,
215093,
218259,
233426,
240093,

2 Column Release Times:
10111,
14778,
18111,
24778,
41438,
46771,
52438,
55771,
58938,
66771,
77938,
85438,
90105,
94105,
95438,
102105,
106771,
120099,
128099,
134932,
138766,
181426,
190093,
192093,
206759,
211426,
214259,
215426,
218759,
234093,
240759,

3 Column Hit Times:
47105,
50105,
51438,
52438,
53771,
55105,
57771,
59438,
62771,
66105,
68438,
69271,
70605,
72105,
72938,
75771,
76271,
77438,
78105,
78605,
79105,
79938,
80438,
81771,
83271,
83938,
110802,
112787,
123099,
128766,
132432,
133766,
136432,
142766,
172129,
174114,
197093,
200093,
205426,
207426,
208426,
209759,
210426,
211593,
213759,
214593,
216426,
217593,
217926,
219259,
220259,
221259,
221759,
223093,
223926,
225093,
225426,
226259,
228093,

3 Column Long Note Times:
8111,
14778,
18778,
20111,
40771,
64105,
67271,
71271,
73438,
76605,
80605,
88105,
95438,
97438,
98771,
118766,
124766,
129432,
130766,
137099,
180759,
187759,
190426,
198426,
201259,
212926,
234759,
238759,

3 Column Release Times:
8778,
15444,
19444,
20778,
41438,
64771,
67605,
71771,
73771,
77105,
80938,
88771,
96105,
98105,
99438,
120099,
125432,
130099,
131099,
137599,
181426,
188259,
190926,
198926,
201759,
213426,
235426,
239426,

4 Column Hit Times:
29444,
33445,
34126,
34808,
46771,
52438,
53105,
54771,
65438,
65938,
66771,
69105,
69771,
69938,
70771,
71938,
72605,
75105,
76105,
77938,
79771,
80938,
81438,
82605,
83771,
85438,
112106,
125766,
131766,
133432,
141432,
142432,
167099,
173433,
190093,
194759,
195759,
197426,
208093,
210259,
210593,
211426,
215426,
216093,
217093,
217759,
218759,
219093,
220093,
220926,
222426,
222593,
223259,
223759,
225926,

4 Column Long Note Times:
5444,
6778,
10778,
12111,
16111,
24778,
39438,
45105,
47771,
48771,
50771,
55771,
58105,
60105,
68105,
73105,
74438,
78771,
82938,
86771,
96105,
100105,
104105,
106771,
117432,
123432,
126432,
136766,
138766,
176093,
180093,
186759,
192093,
195093,
199426,
202093,
203426,
206759,
208926,
212093,
213426,
214759,
221426,
224593,
226759,
232093,
236093,
240759,

4 Column Release Times:
6111,
7444,
11444,
12778,
16778,
25444,
41438,
45605,
48271,
49438,
51438,
56271,
58438,
61438,
68438,
73438,
74938,
79105,
83271,
87438,
96771,
100771,
104771,
108105,
120099,
123766,
126932,
137099,
140099,
178759,
181426,
187426,
192759,
195426,
200093,
202759,
205426,
207426,
209426,
212426,
213759,
215093,
221759,
225093,
228093,
232759,
236759,
241426,

