Artist : hololive
Song Name : hololive song pack
Difficulty : 0
BPM : 190
Background Image : charts\hololive-hololive song pack\Hakujitsu - Natsuiro Matsuri & Rikka.png
Audio : charts\hololive-hololive song pack\Hakujitsu - Natsuiro Matsuri & Rikka.ogg

1 Column Hit Times:
2620,
4878,
6491,
6894,
7781,
9717,
11652,
12943,
13588,
17217,
18104,
19152,
20685,
23265,
23910,
24394,
25685,
26491,
27136,
27781,
28265,
29072,
29717,
30362,
31007,
33588,
34556,
34878,
35523,
36007,
36814,
38104,
38588,
39394,
39878,
41169,
43910,
44556,
45201,
45523,
45846,
46169,
46491,
46814,
47029,
47459,
47996,
48642,
48964,
49287,
49717,
49932,
50255,
50685,
51330,
51975,
52835,
53265,
53910,
54771,
55201,
55738,
56169,
56706,
57029,
57459,
57674,
57996,
58427,
58642,
59072,
59932,
60577,
61007,
61652,
62620,
63158,
63588,
64233,
65093,
65523,
65846,
66491,
69717,
70362,
70685,
71007,
71222,
71975,
72620,
73588,
73910,
74878,
75416,
76061,
76491,
76814,
77029,
78749,
80040,
81007,
81652,
81975,
82620,
83104,
83480,
83749,
84233,
85201,
85846,
86384,
86814,
87136,
89878,
90362,
99717,
99932,
101975,
103265,
104556,
105201,
106491,
107781,
108427,
111652,
112298,
113588,
114233,
114878,
115927,
116814,
118104,
122620,
122835,
123158,
123480,
123803,
124233,
124878,
125523,
126169,
126814,
127029,
127459,
127996,
128427,
128642,
128964,
129717,
130362,
130577,
131330,
132190,
132620,
133265,
133588,
133910,
134556,
135201,
135846,
136169,
136491,
137029,
137674,
137996,
138749,
139287,
139717,
140577,
140900,
141330,
142620,
143265,
144233,
146814,
148104,
148427,
148642,
150040,
151007,
151330,
151975,
152835,
153265,
153480,
153910,
154233,
157459,
158104,
158427,
159072,
159394,
160040,
160523,
160900,
161169,
161975,
162298,
162620,
163265,
164126,
164556,
165846,
166384,
168427,
168749,
169717,
170685,
171652,
172620,
173265,
175201,
175846,
176814,
181330,
181975,
183265,
183910,
184233,
188265,
188910,
189394,
189556,
190040,
190255,
190685,
190900,
201652,
202459,
202835,
203158,
203803,
207351,
207781,
210040,
210362,
210577,
211007,
211330,
212835,
224556,
227136,
228427,
231652,
232835,
234341,
234556,
235846,
236384,
236814,
238427,
238749,
238964,
239394,
240362,
241007,
241330,
241652,
242298,
242620,
243158,
243588,
243803,
244233,
244556,
244878,
246814,
247351,
247781,
248104,
248427,
248749,
249072,
249394,
249717,
250040,
250362,
250846,
251222,
251491,
252298,
252620,
252943,
253588,
253910,
254448,
254878,
256169,
256706,
257298,
257620,
259717,
261975,
263373,
265685,
266169,
267781,

1 Column Long Note Times:
3910,
10362,
15523,
21975,
24878,
32298,
42620,
67029,
69072,
69394,
74233,
77459,
79287,
84556,
87781,
89072,
100685,
105604,
109717,
118749,
120685,
144448,
146975,
147459,
149394,
151652,
154878,
155738,
161652,
165201,
167781,
169072,
170040,
171007,
171975,
173588,
174556,
176169,
177136,
178104,
178427,
178749,
179394,
180040,
180685,
182298,
184556,
186330,
186975,
187620,
191007,
196169,
197459,
200040,
201975,
205201,
205846,
206491,
208427,
211652,
214233,
234771,
237781,
239717,
241975,
245201,
246169,
251975,
255523,
257781,

1 Column Release Times:
4556,
11007,
16169,
22620,
25201,
32943,
43265,
68427,
69233,
69556,
74394,
77781,
79609,
84717,
88104,
89287,
101330,
105846,
110362,
120523,
121330,
146169,
147136,
147620,
149556,
151814,
155201,
156169,
161814,
165523,
168104,
169394,
170362,
171330,
172298,
173910,
174878,
176491,
177459,
178319,
178642,
178964,
179609,
180255,
181007,
182620,
185846,
186491,
187459,
188104,
192136,
196652,
197943,
201169,
202298,
205523,
206169,
207136,
209072,
212298,
214287,
235523,
237943,
239878,
242136,
245523,
246491,
252136,
255846,
259394,

2 Column Hit Times:
5201,
7136,
8830,
9717,
10120,
11330,
13991,
14878,
15523,
16814,
17459,
18749,
19394,
20040,
20443,
24556,
25201,
25846,
26814,
27781,
28104,
29394,
30846,
33346,
34878,
35846,
37136,
37459,
38749,
40040,
40685,
41330,
45201,
45523,
45846,
46169,
46491,
46814,
47459,
48104,
48427,
48749,
49394,
50040,
50577,
51007,
51222,
51545,
52298,
52835,
53910,
54126,
54556,
54878,
55416,
56169,
56491,
57136,
57781,
58427,
59072,
59717,
60040,
60362,
60685,
60900,
61330,
61545,
61867,
62298,
63158,
63480,
63910,
64448,
64878,
65201,
65738,
66169,
66814,
69233,
69717,
70040,
70685,
71330,
71652,
72298,
72620,
73265,
74233,
74556,
74878,
75201,
75523,
76169,
76652,
77351,
80362,
80685,
80900,
81330,
81652,
82459,
83104,
84126,
84771,
85523,
86169,
86975,
87351,
87674,
89072,
90040,
90362,
99717,
100040,
100362,
100577,
101330,
103265,
103910,
107136,
107781,
110362,
112056,
112943,
113346,
114878,
115523,
116169,
117459,
118104,
121330,
121975,
122620,
122835,
123158,
123480,
123803,
124126,
124556,
124771,
125093,
125523,
125738,
126169,
126814,
127459,
128104,
128749,
129394,
130362,
131330,
131545,
131867,
132298,
132835,
133158,
133803,
134556,
134771,
135201,
136061,
136706,
137136,
137459,
137781,
138104,
138427,
138642,
139072,
140040,
140362,
140577,
141007,
141867,
142298,
142835,
143158,
143588,
143910,
146491,
147136,
147781,
148104,
148749,
149717,
150040,
150685,
151330,
151545,
151975,
152298,
152620,
152943,
153588,
154448,
154771,
158319,
158749,
159717,
160523,
161652,
161867,
162298,
162943,
163588,
164233,
164771,
165093,
166169,
167781,
168104,
169072,
170040,
170362,
171330,
173910,
174878,
176491,
177136,
179072,
179233,
179717,
179878,
180362,
181007,
182620,
183588,
184233,
184556,
184878,
185523,
185846,
186491,
188104,
188427,
188749,
189072,
189233,
189717,
189932,
190362,
190577,
194878,
197459,
201330,
201652,
202136,
202620,
206491,
207459,
207674,
208642,
209932,
210362,
210685,
211007,
211222,
211652,
212513,
212835,
214233,
225846,
229717,
231007,
232620,
232943,
233803,
234179,
235846,
236169,
236491,
237459,
237781,
238104,
238427,
238749,
239072,
240040,
240362,
241007,
241652,
241867,
242298,
242620,
242943,
243265,
243588,
243910,
244233,
244771,
245093,
245523,
247781,
248642,
249072,
249717,
250040,
250846,
251330,
251975,
252190,
252620,
252943,
253265,
253910,
254126,
254556,
254878,
255093,
255416,
255846,
256169,
256491,
257029,
257298,
257781,
260040,
260792,
262029,
263319,
264986,
266115,
267835,

2 Column Long Note Times:
22943,
30040,
31652,
37781,
43265,
44233,
73588,
78104,
79072,
89287,
98104,
102378,
104314,
109072,
110765,
146652,
149072,
151007,
155523,
156491,
157781,
159072,
160040,
161330,
166975,
168427,
169394,
170685,
171652,
172943,
174233,
175523,
177459,
181652,
182943,
186169,
186814,
187459,
192298,
193588,
196814,
197136,
198749,
200040,
203265,
204878,
205523,
209394,
236814,
239394,
241330,
245846,
246814,
248104,
249394,
250362,
251652,

2 Column Release Times:
23910,
30362,
32298,
38104,
43588,
44556,
73749,
78427,
79287,
89609,
99394,
102620,
104556,
109717,
111007,
146814,
149233,
151169,
155738,
156706,
157943,
159233,
160362,
161491,
167298,
168749,
169717,
171007,
171975,
173265,
174556,
175846,
177781,
181975,
183265,
186330,
187298,
187943,
193427,
194717,
196975,
197298,
199878,
201169,
203588,
205201,
205846,
209717,
237136,
239556,
241491,
246169,
247029,
248265,
249556,
250685,
251814,

3 Column Hit Times:
5846,
6491,
7781,
8427,
9072,
9475,
11007,
12701,
14233,
15281,
16814,
17459,
18104,
19798,
20685,
24233,
25846,
26491,
26975,
28427,
29072,
29717,
30685,
32943,
34233,
34717,
35523,
36169,
36814,
37298,
38427,
39394,
39717,
40040,
40685,
43910,
44878,
45416,
45738,
46061,
46384,
47136,
47674,
48104,
48427,
48749,
49717,
50255,
50685,
50900,
51330,
51975,
52620,
53265,
53803,
54556,
55201,
55846,
56706,
57459,
57996,
58749,
59287,
59717,
60040,
60362,
60685,
61007,
61222,
61652,
62620,
62943,
63910,
64878,
65416,
66169,
66491,
69072,
69556,
70362,
70900,
71330,
71975,
72781,
73480,
75201,
75846,
76169,
76491,
76652,
77136,
77351,
80362,
81007,
81222,
81545,
81975,
82298,
82620,
82943,
83588,
84448,
84878,
85093,
85523,
86169,
86814,
87351,
87674,
89287,
90362,
99609,
100040,
100362,
100685,
102620,
104556,
105846,
111007,
112298,
114233,
114636,
115523,
116814,
117459,
118507,
121330,
121975,
122943,
123265,
123588,
123910,
124233,
124448,
124878,
125416,
125846,
126061,
126384,
127136,
127674,
128427,
128964,
129717,
130040,
130685,
131222,
131652,
132620,
133480,
134126,
134448,
134878,
135093,
135416,
135738,
136384,
136706,
137136,
137459,
137781,
138104,
138319,
138749,
138964,
139287,
139717,
140362,
141652,
142298,
142513,
142943,
143265,
143910,
144233,
146652,
147459,
148319,
149394,
150201,
150900,
151652,
151867,
152190,
152620,
153265,
153910,
154556,
154771,
157781,
158427,
158642,
158964,
159932,
160362,
161007,
161330,
161652,
162513,
163265,
163588,
163803,
164448,
164771,
165093,
171975,
172943,
174233,
175523,
181652,
182298,
183265,
183588,
183910,
184556,
185201,
185523,
187943,
188427,
188910,
189394,
189556,
190040,
190255,
190685,
190900,
192298,
200040,
201330,
201975,
203803,
204556,
205201,
205846,
206061,
206384,
207136,
207781,
208319,
208964,
210040,
210255,
210685,
211007,
211330,
211545,
212190,
212298,
212513,
214233,
225201,
227136,
229072,
230362,
232513,
233803,
234341,
234556,
235846,
236169,
236491,
236814,
237459,
237781,
238104,
238427,
238642,
239717,
240040,
240523,
241007,
241222,
241975,
242190,
242513,
242943,
243265,
243588,
243910,
244233,
244556,
244878,
245093,
246169,
247029,
248104,
248427,
248749,
248964,
249287,
250255,
250685,
251330,
251652,
251975,
252620,
252835,
253265,
253588,
253910,
254126,
254556,
254771,
255093,
255416,
256814,
257620,
260362,
260738,
262083,
263265,
264663,
265308,
266061,
267889,

3 Column Long Note Times:
27459,
41330,
69233,
73910,
77781,
78427,
79609,
83910,
88104,
89609,
101733,
103023,
104959,
106894,
108185,
146814,
148749,
151330,
155201,
156169,
157029,
159394,
161975,
165523,
166706,
167620,
172298,
173265,
174878,
175846,
176814,
178104,
178427,
178749,
179394,
180040,
181007,
182620,
186007,
186652,
187298,
191007,
193588,
194878,
196169,
197136,
198104,
198749,
202298,
202943,
234771,
239072,
241652,
245523,
246491,
247351,
249717,
252298,
255846,
257029,

3 Column Release Times:
27781,
42620,
69394,
74072,
78104,
78749,
80040,
84072,
88427,
89878,
101975,
103265,
105201,
107136,
108427,
146975,
148910,
151491,
155523,
156491,
157459,
159556,
162136,
165846,
166975,
171652,
172620,
173588,
175201,
176169,
177136,
178319,
178642,
178964,
179609,
180255,
181330,
182943,
186169,
187136,
187781,
192136,
194717,
196007,
196652,
197298,
198588,
199878,
202620,
203265,
235523,
239233,
241814,
245846,
246814,
247781,
249878,
252459,
256169,
257298,

4 Column Hit Times:
4556,
5201,
6249,
7136,
7540,
9072,
10362,
12943,
16572,
17862,
19394,
20040,
23265,
23910,
24556,
25201,
25523,
27136,
28427,
29556,
30362,
33588,
36169,
37459,
38104,
38749,
41007,
44233,
45201,
45416,
45738,
46061,
46384,
46706,
47136,
47351,
47674,
48319,
48964,
49394,
49609,
50040,
51007,
51545,
52298,
52513,
53158,
54126,
54878,
55093,
55416,
55846,
56491,
57136,
57351,
57781,
58319,
58749,
58964,
59287,
59609,
60255,
60577,
61330,
61867,
62298,
62943,
63588,
64448,
65201,
65523,
65846,
66814,
69394,
70040,
70577,
71007,
71652,
72298,
72781,
73158,
73588,
73910,
74233,
74771,
75523,
75846,
76384,
76814,
77136,
77459,
80040,
80685,
81330,
81867,
82298,
82943,
83910,
84556,
84878,
85201,
85846,
86706,
87136,
87781,
88964,
89609,
100255,
100685,
101330,
101975,
102620,
103910,
105201,
105846,
106491,
107136,
110362,
111007,
112943,
113588,
115281,
116169,
117217,
118749,
122620,
122943,
123265,
123588,
123910,
124556,
125093,
125846,
126384,
126706,
127136,
127351,
127674,
128104,
128319,
128749,
129394,
130255,
130685,
131652,
132298,
132513,
132835,
133265,
133588,
133910,
134878,
135416,
135846,
136169,
136491,
137351,
137996,
138427,
139072,
140040,
141007,
141330,
141867,
142620,
142943,
143588,
146975,
147781,
147996,
149072,
150201,
150577,
151007,
151222,
151652,
152298,
152943,
153158,
153588,
153803,
154233,
154556,
154878,
156169,
158104,
159287,
160362,
161330,
161545,
161975,
162190,
162620,
162943,
163803,
164233,
164556,
165201,
165523,
169394,
171007,
172298,
173588,
174556,
176169,
177459,
179072,
179233,
179717,
179878,
180362,
180685,
182943,
184878,
185201,
187781,
188427,
188749,
189072,
189233,
189717,
189932,
190362,
190577,
193588,
196169,
198749,
201867,
202136,
203265,
203480,
205416,
205738,
207136,
207459,
210040,
210362,
210685,
210900,
211330,
211652,
212190,
212298,
212513,
212835,
224556,
226491,
227781,
229717,
232943,
233803,
234179,
236169,
236491,
236706,
238104,
238319,
239072,
239394,
239717,
240523,
240900,
241330,
241545,
241975,
242298,
242620,
242943,
243265,
243480,
243910,
244126,
244556,
244878,
245201,
245846,
246491,
248427,
248749,
249394,
249609,
250362,
250685,
251330,
251652,
251867,
252298,
252513,
252943,
253265,
253588,
254126,
254556,
254878,
255093,
255523,
255846,
257620,
260685,
262620,
263104,
266007,

4 Column Long Note Times:
2620,
11652,
14233,
20685,
22620,
31007,
32620,
35201,
40362,
43588,
67029,
69556,
78749,
84233,
88427,
90040,
108427,
120040,
121007,
144448,
146491,
147136,
148427,
149717,
156706,
157459,
158749,
159717,
165846,
166491,
167298,
168104,
168749,
169717,
170362,
171330,
172620,
173910,
175201,
176491,
177781,
181330,
181975,
183265,
185846,
186491,
187136,
192298,
194878,
196814,
197459,
198104,
201330,
202620,
203910,
204556,
207781,
209072,
214233,
237459,
238749,
240040,
247029,
247781,
249072,
250040,
256169,
256814,
257781,
267996,

4 Column Release Times:
3265,
12298,
14878,
21975,
22943,
31652,
32943,
35523,
40685,
43910,
68749,
69717,
79072,
84394,
88749,
90362,
109072,
120846,
122298,
145792,
146652,
147298,
148588,
150040,
157029,
157620,
158910,
159878,
166169,
166706,
167620,
168427,
169072,
170040,
170685,
171652,
172943,
174233,
175523,
176814,
178104,
181652,
182298,
184556,
186007,
186975,
187620,
193427,
196007,
196975,
197943,
198588,
201652,
202943,
204233,
204878,
208427,
209394,
214287,
237620,
238910,
240362,
247351,
247943,
249233,
250201,
256491,
257029,
259394,
273588,

