Artist : Various Artists
Song Name : Jumpstream Practice Pack (JPP)
Difficulty : 0
BPM : 190
Background Image : charts\Various Artists-Jumpstream Practice Pack (JPP)\Inner Spirit.jpg
Audio : charts\Various Artists-Jumpstream Practice Pack (JPP)\Inner Spirit.mp3

1 Column Hit Times:
1010,
1369,
2139,
2447,
2652,
3063,
3474,
3885,
4194,
4399,
4707,
4913,
5221,
5529,
5735,
6043,
6248,
6557,
7173,
7995,
9022,
9228,
9639,
10050,
10563,
10974,
11180,
11385,
11591,
11899,
12207,
12515,
14878,
15187,
16009,
16420,
16728,
17139,
17652,
18166,
18423,
18628,
18834,
19039,
19245,
19450,
19656,
19861,
20118,
20529,
20735,
21043,
21967,
22173,
22481,
22687,
23817,
24022,
24228,
24639,
25255,
25461,
25769,
25974,
26488,
26899,
27104,
27413,
27618,
28132,
28543,
29159,
30289,
30495,
30700,
30906,
31420,
31830,
32241,
32447,
32652,
32858,
33269,
33577,
33885,
35529,
35837,
36146,
36762,
36967,
37276,
37584,
37995,
38406,
38817,
39228,
39433,
39741,
40152,
40461,
40666,
41283,
41899,
42207,
42926,
43286,
43543,
43748,
44262,
44467,
44776,
44981,
45392,
45803,
46214,
47036,
47344,
48269,
48680,
49091,
49502,
49810,
50324,
50632,
50940,
51557,
51967,
52173,
52481,
52789,
52995,
53303,
53611,
54022,
54433,
54844,
55666,
56077,
56488,
56899,
57104,
57413,
57824,
58132,
58543,
58851,
59159,
60803,
61009,
61557,
61967,
62241,
62652,
63063,
63337,
64022,
64296,
64844,
65255,
65529,
65940,
66351,
66625,
67310,
67584,
67995,
68269,
68680,
69228,
69776,
70187,
70461,
70872,
71385,
72002,
72515,
72789,
73200,
73474,
73748,
74022,
74365,
74776,
75289,
76009,
76317,
76625,
76933,
77447,
77858,
78269,
78783,
79194,
79707,
80324,
80735,
81146,
81454,
81762,
82070,
82378,
82789,
83200,
83509,
83714,
84022,
84433,
84639,
84844,
85050,
85255,
85461,
85666,
85974,
86283,
86899,
87310,
87721,
87926,
88132,
88440,
88646,
88954,
89159,
89467,
89673,
89981,
90187,
90700,
91009,
91420,
91831,
92241,
92755,
93577,
93885,
94296,
94502,
94707,
95015,
95221,
95529,
95735,
96043,
96248,
96557,
96762,
97070,
97378,
97892,
98098,
98406,
98611,
99022,
99433,
99844,
100229,
100461,
100872,
101077,
101283,
101591,
101796,
102104,
102310,
102618,
102824,
103132,
103337,
103851,
104159,
104570,
104981,
105392,
105906,
106728,
107036,
107447,
107652,
107858,
108166,
108372,
108680,
108885,
109194,
109399,
109707,
109913,
110324,
110735,
111351,
111762,
112173,
112481,
112789,
113200,
114022,
114536,
114844,
115050,
115563,
115872,
116180,
116488,
117515,
118029,
118337,
118851,
119467,

1 Column Long Note Times:
1626,
8406,
12721,
13337,
13646,
21557,
23200,
29776,
34296,
34707,
42515,
59365,
60187,
93063,
106214,
113611,
116899,

1 Column Release Times:
1831,
8611,
12926,
13543,
14776,
21762,
23406,
29981,
34502,
35118,
42721,
59776,
60598,
93269,
106420,
113817,
117310,

2 Column Hit Times:
1010,
1318,
2036,
2344,
2652,
3166,
3474,
3988,
4399,
4604,
5118,
5426,
5735,
5940,
6248,
6659,
6967,
7789,
8098,
8920,
9331,
9639,
9947,
10255,
10769,
10974,
11180,
11437,
11642,
11899,
12207,
12515,
14776,
15289,
15906,
16317,
16522,
16831,
17241,
17550,
17858,
18372,
18577,
18783,
18988,
19194,
19399,
19604,
19810,
20015,
20529,
20735,
21069,
21762,
21967,
22276,
22481,
22789,
23098,
23406,
23714,
24022,
24331,
24741,
25461,
25666,
25872,
26488,
27002,
27310,
27515,
27721,
28748,
29057,
29776,
30187,
30392,
30700,
30906,
31214,
32036,
32241,
32447,
32652,
33166,
33474,
33885,
34194,
35118,
35529,
35735,
35940,
36557,
37070,
37481,
38406,
38714,
39022,
39228,
39639,
40050,
40255,
40563,
40769,
41796,
42002,
42310,
42926,
43235,
43594,
44570,
44981,
45187,
45598,
45906,
46214,
46625,
46831,
47241,
47550,
47755,
48166,
48680,
48988,
49296,
49604,
49913,
50118,
50426,
50735,
51351,
51659,
51967,
52378,
52687,
53200,
53611,
54022,
54844,
55050,
55461,
55769,
56077,
56385,
56694,
56899,
57310,
57721,
58029,
58337,
58543,
58851,
59159,
59878,
60084,
60803,
61283,
61831,
62241,
62515,
62926,
63474,
63885,
64159,
64570,
65118,
65529,
65803,
66214,
66762,
67173,
67447,
67721,
67995,
68406,
68954,
69365,
69639,
70050,
70324,
71009,
71591,
71899,
72207,
72515,
72789,
73063,
73474,
73748,
74022,
74467,
75084,
75803,
76111,
76420,
76831,
77241,
77550,
77961,
78372,
78680,
79091,
79399,
79810,
80118,
80426,
80735,
81043,
81351,
81659,
81967,
82378,
82687,
82892,
83200,
83406,
83817,
84125,
84485,
84690,
84896,
85101,
85307,
85512,
85666,
85974,
86283,
86796,
87104,
87310,
87618,
87824,
88132,
88337,
88748,
88954,
89262,
89776,
89981,
90289,
90495,
91111,
91420,
91831,
92139,
92447,
92652,
92961,
93372,
93680,
93885,
94194,
94399,
94707,
94913,
95324,
95529,
95837,
96351,
96557,
96865,
97173,
98098,
98406,
98714,
99844,
100204,
100461,
100769,
100974,
101283,
101488,
101899,
102104,
102413,
102926,
103132,
103440,
103646,
104262,
104570,
104981,
105289,
105598,
105803,
106111,
106522,
106831,
107036,
107344,
107550,
107858,
108063,
108474,
108680,
108988,
109502,
109707,
110015,
110324,
110940,
111454,
112070,
112378,
112789,
113098,
113406,
114022,
114433,
114844,
115255,
115461,
115769,
116077,
116385,
116694,
117310,
117618,
117926,
118440,
118748,
119159,
119673,

2 Column Long Note Times:
7378,
8406,
12721,
13029,
13646,
25050,
28132,
29365,
31420,
41077,
41488,
43748,
90803,
97584,
97789,
103954,

2 Column Release Times:
7430,
8611,
12926,
13235,
14673,
25255,
28337,
29570,
31830,
41283,
41694,
44159,
91009,
97687,
97892,
104159,

3 Column Hit Times:
1266,
1420,
1831,
2241,
2550,
2858,
3063,
3372,
3680,
4091,
4296,
4502,
4810,
5015,
5324,
5529,
5837,
6043,
6351,
6762,
7584,
7892,
8817,
9125,
9433,
9844,
10152,
10461,
10872,
11077,
11334,
11539,
11694,
12002,
12310,
12618,
14673,
14981,
15392,
15700,
16214,
16625,
17036,
17447,
17961,
18320,
18526,
18731,
18937,
19142,
19348,
19553,
19759,
19913,
20632,
20940,
21865,
22173,
22378,
22687,
22995,
23611,
23920,
24125,
24433,
25358,
25563,
25872,
26694,
27104,
27310,
27515,
27926,
28954,
30392,
30598,
30803,
31009,
31830,
32036,
32344,
32550,
32858,
33063,
33474,
33783,
34091,
35118,
35632,
35837,
36351,
36865,
37173,
37378,
38611,
38920,
39125,
39536,
39947,
40255,
40461,
40872,
41694,
42104,
42413,
43183,
43337,
43646,
44159,
44365,
44673,
44878,
45392,
45700,
46009,
46317,
47139,
47858,
48063,
48474,
48885,
49194,
49502,
50015,
50529,
50837,
51146,
51454,
51762,
52276,
52584,
53200,
53509,
53817,
54639,
54947,
55255,
55666,
55974,
56283,
56488,
57002,
57310,
57515,
57926,
58235,
58646,
59057,
59262,
59776,
59981,
60598,
61146,
61420,
61831,
62378,
62789,
63063,
63474,
63748,
64433,
64707,
65118,
65666,
66077,
66351,
66762,
67036,
67858,
68406,
68817,
69091,
69502,
70050,
70461,
70735,
71146,
71488,
71796,
72310,
72652,
72926,
73337,
73611,
73885,
74159,
74570,
74878,
75392,
75700,
76214,
76728,
77036,
77344,
77755,
78063,
78577,
78885,
79296,
79604,
79913,
80221,
80529,
80940,
81248,
81557,
81967,
82276,
82584,
82995,
83303,
83611,
83920,
84228,
84536,
84741,
84947,
85152,
85358,
85563,
85872,
86180,
86694,
87002,
87515,
87824,
88029,
88337,
88543,
88851,
89365,
89570,
89878,
90187,
90598,
91522,
92036,
92447,
92652,
92961,
93269,
93474,
93783,
94091,
94399,
94604,
94913,
95118,
95426,
95940,
96146,
96454,
96762,
96967,
97276,
97481,
97995,
98200,
98509,
98817,
99228,
99639,
99947,
100178,
100666,
100974,
101180,
101488,
101694,
102002,
102515,
102721,
103029,
103337,
103748,
104673,
105187,
105598,
105803,
106111,
106420,
106625,
106933,
107241,
107550,
107755,
108063,
108269,
108577,
109091,
109296,
109604,
109913,
110221,
110735,
111146,
111454,
111967,
112378,
112687,
112892,
113200,
113509,
113817,
114125,
114433,
114741,
115050,
115358,
115666,
115872,
116283,
116488,
116796,
117413,
117824,
118235,
118543,
119057,
119365,

3 Column Long Note Times:
8200,
13029,
13337,
13646,
20221,
21351,
24844,
26077,
28337,
29365,
29981,
34502,
37687,
37892,
38200,
91214,
104365,
119776,

3 Column Release Times:
8406,
13235,
13543,
14570,
20529,
21557,
25255,
26283,
28543,
29570,
30187,
34707,
37789,
37995,
38303,
91420,
104570,
120187,

4 Column Hit Times:
1215,
1420,
2241,
2447,
2961,
3269,
3885,
4091,
4296,
4604,
5118,
5324,
5632,
5940,
6146,
6454,
6762,
7173,
7687,
8817,
9228,
9536,
9741,
10050,
10461,
10872,
11077,
11283,
11488,
14570,
14981,
15495,
16111,
16933,
17344,
17755,
18063,
18269,
18474,
18680,
18885,
19091,
19296,
19502,
19707,
19913,
20632,
20966,
22070,
22378,
22584,
23611,
23817,
24228,
24844,
25255,
25666,
26899,
27207,
27413,
28543,
28954,
29262,
30187,
30598,
30803,
31009,
31214,
31933,
32139,
32344,
32550,
33063,
33372,
33680,
33988,
34296,
35324,
35632,
35940,
36351,
36762,
36967,
37173,
37584,
38509,
38817,
39125,
39331,
39639,
39844,
40050,
40358,
40666,
40872,
41283,
41694,
42104,
43132,
43337,
43697,
44159,
44570,
45084,
45289,
45803,
46420,
47036,
47447,
47652,
47858,
48269,
48577,
49091,
49399,
49707,
49913,
50324,
50735,
51146,
51557,
51865,
52378,
52789,
52995,
53406,
53714,
53920,
54433,
54741,
55255,
55563,
55872,
56591,
57207,
57721,
58132,
58440,
58748,
58954,
60598,
61009,
61420,
61694,
62104,
62652,
63200,
63611,
63885,
64296,
64707,
64981,
65392,
65940,
66488,
66899,
67173,
67584,
68132,
68543,
68817,
69228,
69639,
69913,
70598,
70872,
71283,
71694,
72104,
72413,
72652,
72926,
73337,
73611,
73885,
74159,
75598,
76522,
77139,
77652,
78166,
78474,
78988,
79502,
80015,
80632,
80837,
81146,
81557,
81865,
82173,
82481,
82789,
83098,
83611,
84022,
84331,
84587,
84793,
84998,
85204,
85409,
85615,
86899,
87104,
87413,
87721,
88029,
88235,
88543,
88748,
89057,
89365,
89776,
90084,
90392,
90598,
91009,
91933,
92241,
92755,
93474,
93988,
94296,
94604,
94810,
95118,
95324,
95632,
95940,
96351,
96659,
97173,
97995,
98303,
98611,
98817,
99228,
99639,
99947,
100152,
100563,
100872,
101180,
101385,
101694,
101899,
102207,
102515,
102926,
103235,
103543,
103748,
104159,
105084,
105392,
105906,
106625,
107139,
107447,
107755,
107961,
108269,
108474,
108783,
109091,
109502,
109810,
110118,
110529,
111146,
111557,
111967,
112276,
112584,
112995,
113303,
114228,
114639,
114947,
115255,
115461,
115666,
116077,
116283,
116591,
117721,
118132,
118543,
118954,
119570,

4 Column Long Note Times:
1831,
8200,
11694,
12002,
12310,
12721,
13029,
13337,
21557,
22789,
23200,
24433,
26077,
27721,
31625,
34707,
42515,
59365,
86488,
91625,
93063,
97584,
97789,
104776,
106214,
113611,
116899,

4 Column Release Times:
2036,
8406,
11899,
12207,
12515,
12926,
13235,
13543,
21762,
22995,
23406,
24639,
26283,
28132,
31830,
35118,
42721,
60187,
86694,
91831,
93269,
97687,
97892,
104981,
106420,
113817,
117310,

