Artist : Various Artists
Song Name : Jumpstream Complexes Vol. 2A
Difficulty : 0
BPM : 190
Background Image : charts\Various Artists-Jumpstream Complexes Vol. 2A\Kake Nukeru Anime Song Medley.jpg
Audio : charts\Various Artists-Jumpstream Complexes Vol. 2A\Kake Nukeru Anime Song Medley.mp3

1 Column Hit Times:
1713,
2651,
3901,
5151,
6088,
6401,
7026,
7963,
8901,
9526,
10463,
10776,
11713,
12026,
12338,
12651,
12885,
13197,
13354,
13588,
13822,
14057,
14213,
14447,
14760,
15151,
15463,
15776,
16010,
16401,
16713,
17104,
17338,
17572,
17963,
18119,
18276,
18744,
18901,
19057,
19291,
19526,
19838,
20072,
20229,
20463,
20619,
20776,
21557,
21869,
22026,
22182,
22338,
22494,
22651,
22963,
23276,
23432,
23588,
23744,
24057,
24291,
24447,
24682,
24838,
24994,
25151,
25463,
25776,
26010,
26244,
26479,
26635,
26947,
27182,
27416,
27572,
27807,
27963,
28197,
28354,
28588,
28744,
28901,
29213,
29526,
29682,
29838,
30072,
30229,
30463,
30776,
30932,
31088,
31401,
31557,
31713,
32026,
32182,
32338,
32494,
32729,
32963,
33197,
33432,
33588,
33901,
34057,
34213,
34526,
34682,
34994,
35151,
35385,
35541,
35776,
36088,
36401,
36635,
36791,
37104,
37338,
37494,
37651,
37807,
38119,
38276,
38588,
38822,
39057,
39213,
39526,
39916,
40151,
40619,
40854,
41244,
41401,
41557,
41713,
41869,
42494,
42651,
42963,
43119,
43276,
43510,
43666,
43822,
44057,
44213,
44369,
44526,
44760,
44916,
45151,
45307,
45463,
45697,
45854,
46088,
46322,
46635,
46791,
47026,
47182,
47416,
47651,
47807,
47963,
48119,
48354,
48588,
48744,
48901,
49135,
49291,
49526,
49682,
49838,
50072,
50307,
50463,
50619,
50854,
51088,
51244,
51401,
51557,
51713,
52026,
52182,
52494,
52651,
52885,
53119,
53276,
53588,
53744,
53901,
54213,
54369,
54682,
54838,
55151,
55541,
55932,
56166,
56401,
56713,
57026,
57182,
57494,
57651,
57963,
58197,
58354,
58588,
58901,
59057,
59291,
59447,
59838,
59994,
60463,
60619,
60932,
61244,
61557,
61713,
61869,
62026,
62182,
62494,
62651,
62885,
63041,
63276,
63432,
63744,
63901,
64213,
64447,
64682,
64838,
65072,
65307,
65463,
65776,
66088,
66401,
66791,
67104,
67338,
67494,
67651,
67963,
68119,
68510,
68744,
68901,
69057,
69213,
69369,
69604,
69838,
69994,
70151,
70463,
70619,
70776,
71088,
71322,
71557,
71713,
71869,
72026,
72260,
72416,
72651,
72963,
73119,
73432,
73588,
73744,
73979,
74213,
74447,
74682,
74838,
75151,
75463,
75619,
75854,
76088,
76244,
76401,
76713,
76869,
77260,
77416,
77651,
77807,
78119,
78354,
78588,
78744,
78979,
79135,
79369,
79526,
79838,
80072,
80229,
80463,
80619,
80854,
81088,
81244,
81713,
82026,
82182,
82416,
82651,
82807,
82963,
83276,
83432,
83901,
84057,
84291,
84526,
84682,
84994,
85151,
85307,
85619,
85776,
86010,
86322,
86557,
86713,
86869,
87182,
87338,
87494,
87651,
87885,
88041,
88276,
88432,
88588,
88822,
88979,
89213,
89447,
89682,
89838,
90151,
90307,
90463,
90619,
90854,
91088,
91244,
91479,
91713,
92026,
92182,
92338,
92494,
92651,
92963,
93197,
93354,
93588,
93901,
94135,
94291,
94526,
94916,
95151,
95307,
95463,
95776,
96010,
96244,
96401,
96791,
97026,
97182,
97338,
97651,
97807,
98041,
98276,
98588,
98744,
99057,
99213,
99447,
99682,
99838,
100151,
100307,
100463,
100619,
100932,
101244,
101479,
101713,
101947,
102104,
102260,
102416,
102572,
102807,
103901,
104369,
104838,
105151,
105385,
106010,
106244,
106557,
107026,
107182,
107494,
108119,
108276,
108744,
108901,
109213,
109526,
109838,
110072,
110229,
110463,
110697,
110854,
111088,
111322,
111557,
111713,
112026,
112260,
112651,
112885,
113041,
113432,
113666,
113901,
114135,
114369,
114838,
115072,
115385,
115619,
115932,
116244,
116557,
116713,
116869,
117260,
117494,
117651,
117807,
118119,
118276,
118666,
118822,
119213,
119447,
119682,
119916,
120151,
120619,
120776,
121010,
121244,
121401,
121557,
121791,
122026,
122182,
122338,
122651,
122807,
123041,
123276,
123510,
123744,
123901,
124057,
124291,
124526,
124760,
124916,
125151,
125463,
125619,
125932,
126244,
126401,
126713,
126869,
127026,
127338,
127494,
127651,
127963,
128119,
128432,
128744,
129057,
129213,
129447,
129604,
129838,
129994,
130151,
130463,
130619,
130776,
130932,
131244,
131401,
131557,
131869,
132026,
132182,
132338,
132494,
132651,
133119,
133276,
133510,
133822,
134057,
134291,
134526,
134682,
134838,
135385,
135697,
136088,
136244,
136479,
136791,
137182,
137338,
137494,
137651,
137963,
138276,
138432,
138588,
138901,
139057,
139213,
139526,
139682,
139838,
140072,
140229,
140463,
140776,
141088,
141322,
141635,
141869,
142026,
142338,
142494,
142729,
142885,
143119,
143510,
143666,
143979,
144447,
144760,
144994,
145151,
145463,
145619,
145776,
146088,
146557,
146713,
146869,
147026,
147260,
147416,
147572,
147807,
148197,
148432,
148588,
148744,
148979,
149369,
149526,
149838,
150151,
150385,
150776,
150932,
151088,
151557,
151713,
152182,
152494,
152807,
153119,
153276,
153510,
153666,
153822,
154057,
154213,
154526,
154838,
154994,
155151,
155307,
155463,
155619,
155932,
156088,
156244,
156479,
156635,
156791,
157026,
157182,
157416,
157651,
157807,
157963,
158276,
158432,
158744,
158901,
159213,
159369,
159682,
159838,
160072,
160229,
160463,
160776,
160932,
161088,
161401,
161635,
162026,
162260,
162494,
162651,
162807,
162963,
163276,
163432,
163588,
163744,
163979,
164135,
164369,
164682,
165307,
165463,
165619,
165932,
166088,
166244,
166401,
166635,
166791,
167026,
167182,
167338,
167494,
167729,
168119,
168354,
168588,
168744,
169057,
169213,
169369,
169604,
169760,
169994,
170307,
170619,
170776,
170932,
171166,
171401,
171635,
171869,
172026,
172182,
172338,
172494,
172729,
173041,
173197,
173432,
173744,
173901,
174057,
174291,
174604,
174838,
175229,
175463,
175619,
175854,
176088,
176244,
176557,
176791,
176947,
177182,
177416,
177651,
177963,
178197,
178588,
178744,
179135,
179447,
179838,
180151,
180541,
180776,
180932,
181088,
181401,
181713,
181869,
182026,
182182,
182338,
182651,
182807,
182963,
183197,
183354,
183588,
183901,
184057,
184213,
184447,
184604,
184838,
185072,
185229,
185463,
185619,
185776,
186010,
186166,
186401,
186557,
186713,
187026,
187182,
187338,
187651,
187807,
187963,
188276,
188432,
188588,
188822,
188979,
189213,
189447,
189604,
189838,
190151,
190307,
190463,
190776,
191010,
191166,
191401,
191713,
191869,
192026,
192182,
192338,
192572,
192729,
192963,
193119,
193276,
193432,
193744,
194057,
194369,
194604,
194916,
195151,
195307,
195463,
195619,
195776,
196088,
196244,
196479,
196713,
197026,
197182,
197338,
197572,
197729,
197963,
198276,
198432,
198588,
198744,
198979,
199213,
199369,
199526,
199838,
199994,
200307,
200463,
200697,
200932,
201088,
201244,
201401,
201635,
201869,
202182,
202651,
202807,
202963,
203276,
203432,
203588,
203901,
204057,
204213,
204447,
204604,
204838,
204994,
205151,
205307,
205463,
205697,
205932,
206088,
206244,
206401,
206713,
206869,
207026,
207338,
207494,
207651,
207885,
208119,
208276,
208432,
208666,
208822,
209057,
209213,
209369,
209604,
209916,
210072,
210307,
210463,
210619,
210854,
211088,
211244,
211401,
211557,
211791,
212182,
212338,
212572,
212729,
212963,
213119,
213276,
213588,
213744,
213901,
214213,
214369,
214526,
214760,
214916,
215151,
215307,
215463,
215619,
215932,
216088,
216244,
216713,
216947,
217182,
217416,
217651,
217885,
218197,
218432,
218744,
218979,
219213,
219447,
219682,
219994,
220151,
220385,
220619,
221088,
221401,
221713,
222026,
222260,
222494,
222729,
222963,
223119,
223354,
223588,
223901,
224213,
224526,
224838,
225385,
225697,
226088,
226479,
226947,
227104,
227338,
227572,
227807,
227963,
228119,
228510,
228744,
228979,
229213,
229526,
229760,
229994,
230307,
230541,
230776,
231010,
231244,
231635,
231869,
232026,
232260,
232494,
232651,
232885,
233197,
233588,
233822,
234057,
234291,
234526,
234760,
234994,
235151,
235463,
235619,
235776,
235932,
236244,
236401,
236557,
236713,
236869,
237182,
237416,
237651,
237885,
238119,
238432,
238666,
238901,
239213,
239526,
239760,
239994,
240151,
240463,
240697,
240932,
241244,
241401,
241713,
241947,
242260,
242494,
242651,
242885,
243119,
243432,
243744,
244057,
244213,
244369,
244682,
244994,
245151,
245463,
245619,
245776,
246010,
246244,
246401,
246635,
246869,
247026,
247182,
247494,
247651,
247807,
247963,
248119,
248354,
248588,
248901,
249213,
249447,
249682,
249838,
250151,
250307,
250463,
250619,
250932,
251088,
251244,
251479,
251713,
251869,
252026,
252182,
252338,
252494,
252651,
252885,
253041,
253276,
253510,
253666,
253901,
254135,
254291,
254526,
254760,
254916,
255151,
255463,
255619,
255854,
256088,
256244,
256557,
256713,
256869,
257026,
257182,
257338,
257651,
257885,
258041,
258276,
258588,
258744,
258979,
259213,
259369,
259760,
259916,
260151,
260463,
260619,
260932,
261088,
261322,
261557,
261713,
262026,
262338,
262494,
262651,
262885,
263041,
263276,
263588,
263901,
264213,
264369,
264682,
264838,
265151,
265463,
265697,
265932,
266088,
266244,
266401,
266635,
266791,
267026,
267182,
267338,
267494,
267651,
267807,
268041,
268276,
268432,
268744,
268901,
269135,
269369,
269526,
269838,
269994,
270229,
270463,
270619,
270776,
271010,
271244,
271401,
271557,
271869,
272026,
272182,
272572,
272729,
272963,
273119,
273276,
273588,
273744,
274057,
274213,
274447,
274682,
274838,
275229,
275463,
275619,
275932,
276088,
276244,
276401,
276635,
276869,
277026,
277182,
277338,
277572,
277807,
277963,
278276,
278588,
278822,
279213,
279369,
279682,
279838,
280072,
280307,
280697,
280932,
281244,
281479,
281713,
281869,
282182,
282416,
282651,
282885,
283276,
283588,
283901,
284213,
284604,
284838,
285072,
285307,
285619,
285776,
286088,
286244,
286557,
286947,
287182,
287338,
287494,
287651,
287885,
288119,
288276,
288588,
288744,
288979,
289213,
289369,
289526,
289838,
289994,
290151,
290463,
290619,
290776,
291010,
291244,
291401,
291713,
291869,
292104,
292338,
292494,
292651,
292807,
292963,
293276,
293432,
293588,
293744,
293979,
294213,
294369,
294682,
294838,
294994,
295307,
295619,
295776,
296010,
296244,
296401,
296635,
296869,
297026,
297182,
297338,
297494,
297651,
297963,
298276,
298510,
298744,
298901,
299057,
299369,
299604,
299838,
300072,
300307,
300619,
300854,
301088,
301244,
301479,
301713,
302026,
302260,
302572,
302729,
302963,
303197,
303432,
303588,
303744,
303979,
304213,
304369,
304604,
304838,
305072,
305307,
305541,
305776,
306010,
306244,
306401,
306635,
306791,
306947,
307104,
307260,
307416,
307572,
307963,
308276,
308588,
309213,
309369,
309838,
309994,
310463,
310619,
311088,
311401,
311713,
311869,
312338,
312651,
312963,
313276,
313432,
313588,
313744,
314213,
314526,
314838,
315151,
315463,
315776,
316088,
316713,
317182,
317494,
317651,
317963,
318197,
318432,
318666,
318979,
319213,
319604,
319838,
319994,
320229,
320463,
320776,
321010,
321244,
321479,
321713,
321947,
322182,
322416,
322651,
322885,
323119,
323354,
323588,
323901,
324213,
324369,
324604,
324838,
325151,
325385,
325541,
325776,
326010,
326244,
326401,
326635,
326869,
327026,
327338,
327494,
327651,
327963,
328119,
328276,
328510,
328666,
328901,
329057,
329213,
329369,
329526,
329838,
330151,
330463,
330776,
331088,
331244,
331557,
331713,
331947,
332182,
332338,
332494,
332651,
332963,
333119,
333276,
333588,
333744,
333901,
334135,
334291,
334682,
334838,
334994,
335151,
335307,
335463,
335932,
336244,
336557,
336713,
336869,
337182,
337416,
337651,
337807,
337963,
338197,
338432,
338588,
338744,
338901,
339057,
339291,
339447,
339682,
339916,
340151,
340307,
340463,
340619,
340932,
341088,
341244,
341479,
341713,
341869,
342026,
342182,
342338,
342494,
342651,
342885,
343041,
343432,
343588,
343744,
343901,
344135,
344291,
344526,
344682,
344838,
345072,
345385,
345619,
345932,
346088,
346869,
347026,
347182,
347494,
347651,
347885,
348197,
348432,
348744,
348979,
349213,
349447,
349682,
349994,
350151,
350385,
350697,
350932,
351166,
351401,
351713,
351947,
352182,
352416,
352651,
352885,
353119,
353354,
353588,
353901,
354213,
354526,
354838,
355072,
355307,
355541,
355776,
356010,
356244,
356401,
356635,
356869,
357026,
357182,
357338,
357494,
357651,
357963,
358276,
358588,
358744,
359213,
359447,
359838,
360151,
360463,
360619,
360854,
361088,
361322,
361557,
361869,
362026,
362338,
362494,
362651,
362807,
363119,
363432,
363588,
363901,
364057,
364291,
364682,
364994,
365229,
365463,
365619,
365854,
366088,
366244,
366479,
366713,
367026,
367182,
367338,
367494,
367651,
367807,
368119,
368276,
368432,
368744,
368901,
369057,
369291,
369526,
369682,
369916,
370151,
370307,
370541,
370776,
370932,
371166,
371401,
371635,
371947,
372182,
372338,
372494,
372651,
372807,
373041,
373276,
373510,
373744,
373901,
374213,
374369,
374526,
374760,
374994,
375151,
375307,
375541,
375697,
375932,
376088,
376244,
376401,
376635,
376869,
377026,
377260,
377416,
377572,
377885,
378119,
378354,
378744,
378979,
379369,
379526,
379838,
380072,
380463,
380619,
380932,
381166,
381557,
381869,
382182,
382494,
382651,
382885,
383119,
383276,
383744,
384057,
384291,
384526,
384682,
384994,
385151,
385463,
385697,
386010,
386244,
386479,
386713,
386869,
387182,
387338,
387494,
387651,
387963,
388197,
388354,
388666,
388901,
389057,
389369,
389526,
389682,
389838,
390151,
390307,
390463,
390776,
390932,
391088,
391401,
391557,
391791,
392026,
392182,
392338,
392651,
392807,
393041,
393276,
393432,
393588,
393901,
394057,
394213,
394447,
394838,
395151,
395307,
395463,
395697,
395854,
396088,
396244,
396401,
396791,
396947,
397260,
397416,
397572,
397807,
397963,
398276,
398588,
398822,
399057,
399447,
399682,
400151,
400385,
400776,
401088,
401322,
401557,
401713,
401869,
402182,
402338,
402572,
402807,
403041,
403276,
403510,
403744,
404057,
404213,
404447,
404838,
405072,
405463,
405619,
405854,
406088,
406244,
406713,
407104,
407260,
407416,
407572,
407729,
407963,
408119,
408354,
408588,
408901,
409213,
409369,
409604,
409838,
409994,
410307,
410463,
410776,
410932,
411166,
411401,
411635,
411869,
412026,
412338,
412494,
412651,
412885,
413119,
413276,
413432,
413744,
413901,
414213,
414369,
414526,
414838,
415072,
415619,
415932,
416713,
416869,
417104,
417260,
417416,
417572,
417807,
418276,
419213,
419369,
420151,
420619,
421088,
421401,
421869,
422338,
422651,
422963,
423432,
424057,
424682,
425151,
425619,
426713,
426869,
427026,
427338,
427494,
427651,
428276,
428901,
429213,
429526,
429838,
430151,
430463,
430619,
431088,
431244,
431557,
431713,
432026,
432182,
432338,
432494,
432651,
432885,
433197,
433354,
433588,
433822,
433979,
434213,
434447,
434604,
434838,
435151,
435463,
435776,
436088,
436401,
436713,
437026,
437416,
437572,
437729,
437963,
438119,
438276,
438588,
438744,
438901,
439213,
439447,
439604,
439838,
439994,
440151,
440463,
440619,
440776,
441010,
441244,
441401,
441557,
442026,
442338,
442494,
442729,
442963,
443119,
443432,
443588,
443744,
443901,
444057,
444369,
444604,
444760,
444994,
445151,
445307,
445463,
445619,
445854,
446088,
446244,
446479,
446635,
446947,
447182,
447338,
447494,
447651,
447807,
447963,
448276,
448432,
448588,
448744,
449057,
449213,
449447,
449604,
449838,
449994,
450151,
450307,
450619,
450776,
450932,
451088,
451557,
451713,
451869,
452026,
452260,
452494,
452651,
452963,
453197,
453354,
453510,
453666,
453901,
454213,
454369,
454526,
454838,
455151,
455463,
455619,
455776,
456088,
456244,
456401,
456635,
456791,
457026,
457182,
457416,
457572,
457807,
457963,
458276,
458510,
458666,
458901,
459057,
459213,
459526,
459682,
459838,
460151,
460307,
460463,
460619,
461557,
461713,
461947,
462182,
462416,
462651,
462807,
462963,
463276,
463432,
463588,
463901,
464057,
464213,
464526,
464682,
464838,
465151,
465385,
465541,
465854,
466088,
466244,
466401,
466557,
466791,
467026,
467182,
467494,
467651,
467963,
468119,
468432,
468588,
468744,
468901,
469135,
469369,
469526,
469760,
469916,
470151,
470307,
470463,
470619,
470854,
471088,
471244,
471401,
471713,
471869,
472026,
472338,
472494,
472651,
472885,
473041,
473276,
473432,
473588,
473744,
473901,
474135,
474291,
474526,
474682,
474838,
474994,
475151,
475385,
475541,
475697,
475932,
476088,
476244,
476401,
476713,
476869,
477026,
477338,
477494,
477651,
477885,
478041,
478276,
478432,
478744,
478901,
479057,
479213,
479526,
479682,
479838,
480151,
480307,
480776,
480932,
481088,
481401,
481557,
481713,
482026,
482182,
482338,
482651,
482807,
482963,
483119,
483354,
483588,
483822,
483979,
484213,
484369,
484526,
484760,
484916,
485151,
485307,
485541,
485776,
486088,
486322,
486479,
486713,
487026,
487260,
487416,
487651,
487807,
487963,
488197,
488354,
488588,
488901,
489057,
489369,
489526,
489682,
489838,
489994,
490229,
490463,
490619,
490776,
490932,
491088,
491244,
491557,
491869,
492182,
492494,
492807,
493119,
493276,
493510,
493744,
493901,
494135,
494369,
494526,
494682,
494916,
495151,
495307,
495463,
495619,
495854,
496010,
496244,
496479,
496635,
496791,
497026,
497182,
497338,
497494,
497651,
497963,
498119,
498276,
498510,
498666,
498901,
499057,
499213,
499369,
499526,
499760,
499916,
500151,
500307,
500463,
500776,
500932,
501088,
501244,
501401,
501713,
501869,
502026,
502260,
502494,
502651,
503119,
503276,
503588,
503744,
504213,
504526,
504682,
504838,
504994,
505463,
505776,
506088,
506557,
506713,
507182,
507494,
507963,
508276,
508432,
508744,
509057,
509213,
509526,
509682,
509994,
510385,
510619,
510932,
511557,
511713,
511869,
512182,
512338,
512494,
512651,
512885,
513119,
513432,
513588,
513822,
514057,
514369,
514604,
514760,
514994,
515151,
515307,
515541,
515776,
516010,
516244,
516401,
516557,
516791,
517026,
517182,
517494,
517651,
517885,
518041,
518354,
518510,
518744,
519135,
519291,
519526,
519760,
519916,
520072,
520307,
520463,
520697,
520854,
521557,
521713,
521869,
522182,
522494,
522807,
522963,
523119,
523432,
523588,
523744,
523901,
524135,
524291,
524604,
524760,
524916,
525151,
525463,
525619,
525776,
526010,
526166,
526401,
526557,
526713,
526869,
527182,
527338,
527572,
527807,
527963,
528119,
528276,
528510,
528666,
528901,
529135,
529291,
529526,
529682,
529838,
530072,
530229,
530463,
530697,
530854,
531088,
531244,
531401,
531635,
531791,
532026,
532182,
532338,
532807,
532963,
533276,
533432,
533744,
534213,
534447,
534682,
534838,
535307,
535463,
535776,
535932,
536088,
536244,
536557,
536713,
536869,
537026,
537338,
537651,
537885,
538119,
538432,
538588,
538744,
539057,
539213,
539526,
539838,
540151,
540463,
540697,
540932,
541244,
541557,
541869,
542026,
542182,
542416,
542651,
542963,
543276,
543588,
543744,
544135,
544369,
544604,
544994,
545229,
545541,
545697,
545932,
546088,
546322,
546479,
546713,
546869,
547026,
547260,
547416,
547651,
547963,
548119,
548276,
548510,
548744,
548901,
549057,
549213,
549369,
549604,
549838,
550072,
550463,
550619,
551088,
551244,
551479,
551713,
552026,
552260,
552494,
552651,
552885,
553119,
553276,
553432,
553666,
553822,
554135,
554369,
554604,
554838,
554994,
555151,
555463,
555619,
555776,
556088,
556322,
556557,
556713,
556869,
557026,
557182,
557416,
557651,
558119,
558276,
558901,
559213,
559526,
559682,
559838,
559994,
560229,
560385,
560697,
560932,
561166,
561322,
561557,
561791,
562026,
562182,
562416,
562572,
562885,
563276,
563432,
563588,
563744,
564057,
564213,
564447,
564682,
564916,
565072,
565307,
565776,
565932,
566088,
566322,
566635,
567026,
567182,
567416,
567651,
567807,
568119,
568276,
568744,
569057,
569526,
569682,
569994,
570151,
570541,
570776,
570932,
571166,
571322,
571557,
571713,
571947,
572104,
572416,
572572,
572885,
573119,
573354,
573510,
573744,
573979,
574213,
574369,
574526,
574682,
574838,
574994,
575151,
575385,
575619,
575932,
576088,
576244,
576557,
576713,
576947,
577182,
577416,
577651,
577885,
578119,
578276,
578432,
578588,
578744,
579135,
579369,
579526,
579760,
579994,
580229,
580385,
580697,
580932,
581088,
581244,
581401,
581557,
581791,
581947,
582182,
582494,
582651,
582807,
582963,
583197,
583432,
583588,
583744,
584057,
584291,
584526,
584682,
584994,
585307,
585619,
585776,
585932,
586166,
586322,
586557,
586713,
587026,
587260,
587494,
587807,
588432,
588744,
589135,
589994,
590151,
590463,
590619,
590932,
591088,
591401,
591713,
591869,
592182,
592338,
592963,
593119,
593432,
593588,
593901,
594213,
594369,
594838,
594994,
595463,
595619,
595932,
596088,
596401,
596713,
597026,
597182,
597494,
597651,
597963,
598276,
598588,
598744,
598901,
599135,
599369,
599526,
599682,
599838,
600151,
600463,
600776,
600932,
601244,
601401,
601635,
601791,
602026,
602260,
602416,
602651,
602807,
602963,
603197,
603432,
603744,
603901,
604213,
604369,
604526,
604760,
604916,
605072,
605307,
605541,
605776,
605932,
606401,
606557,
606869,
607026,
607494,
607651,
607807,
608197,
608432,
608588,
608744,
609057,
609291,
609604,
609760,
609916,
610072,
611401,
611713,
611869,
612026,
612338,
612494,
612651,
612807,
612963,
613197,
613432,
613666,
613901,
614057,
614213,
614447,
614604,
614838,
614994,
615151,
615463,
615697,
615932,
616088,
616244,
616401,
616713,
616947,
617104,
617260,
617494,
617651,
617885,
618041,
618276,
618432,
618588,
618822,
618979,
619213,
619447,
619682,
619838,
619994,
620151,
620307,
620463,
620619,
620776,
620932,
621088,
621557,
621713,
621869,
622104,
622260,
622494,
622729,
622963,
623197,
623354,
623588,
623744,
623901,
624135,
624291,
624526,
624682,
624838,
624994,
625229,
625463,
625619,
625776,
625932,
626088,
626322,
626557,
626713,
626869,
627026,
627182,
627338,
627572,
627729,
627963,
628119,
628276,
628588,
628744,
628901,
629057,
629213,
629369,
629682,
629838,
629994,
630151,
630385,
630541,
630776,
630932,
631713,
632026,
632338,
632494,
632651,
632885,
633119,
633432,
633588,
633744,
634057,
634213,
634447,
634682,
634838,
635151,
635463,
635619,
635776,
636088,
636244,
636401,
636713,
637182,
637338,
637651,
637885,
638119,
638432,
638588,
638901,
639057,
639369,
639526,
639838,
639994,
640307,
640541,
640776,
640932,
641557,
641713,
641869,
642026,
642182,
642338,

1 Column Long Note Times:
21244,
164994,
451244,
461244,
511244,
521244,
589369,
610776,
631088,
641244,
642494,

1 Column Release Times:
21401,
165151,
451401,
461401,
511401,
521401,
589682,
611244,
631557,
641401,
642963,

2 Column Hit Times:
2026,
2963,
3588,
4213,
4838,
5776,
6088,
6713,
7338,
7651,
8276,
9213,
10151,
10463,
11088,
11401,
11947,
12182,
12338,
12729,
12963,
13119,
13510,
13666,
13979,
14291,
14526,
14682,
14916,
15072,
15229,
15463,
15697,
15932,
16166,
16401,
16557,
16869,
17026,
17260,
17494,
17729,
17885,
18119,
18276,
18510,
18666,
18901,
19057,
19213,
19526,
19682,
19994,
20463,
20619,
20854,
21010,
21166,
21557,
21713,
21947,
22182,
22338,
22494,
22651,
22885,
23041,
23276,
23432,
23666,
23822,
24057,
24213,
24447,
24604,
24838,
24994,
25151,
25385,
25619,
25854,
26088,
26244,
26401,
26713,
26869,
27026,
27260,
27416,
27572,
27729,
28041,
28276,
28432,
28588,
28822,
28979,
29213,
29447,
29604,
29838,
30151,
30463,
30697,
30854,
31166,
31401,
31635,
31791,
32026,
32182,
32338,
32572,
33041,
33354,
33666,
33901,
34135,
34291,
34526,
34760,
34916,
35072,
35307,
35619,
35776,
36010,
36166,
36557,
36869,
37026,
37338,
37494,
37651,
37885,
38041,
38197,
38432,
38666,
38979,
39213,
39369,
39604,
39760,
39994,
40151,
40385,
40541,
40776,
41010,
41166,
41322,
41557,
41713,
41869,
42338,
42494,
42729,
42885,
43041,
43276,
43432,
43588,
43979,
44135,
44291,
44526,
44682,
44838,
45072,
45307,
45463,
45619,
45932,
46088,
46244,
46479,
46713,
46869,
47026,
47260,
47572,
47729,
47963,
48119,
48276,
48510,
48666,
48901,
49057,
49213,
49447,
49682,
49838,
49994,
50229,
50463,
50619,
50776,
51010,
51166,
51401,
51635,
51947,
52260,
52494,
52651,
52963,
53276,
53510,
53744,
53979,
54213,
54447,
54604,
54916,
55151,
55463,
55697,
55854,
56244,
56401,
56635,
56791,
57026,
57338,
57572,
57729,
57963,
58119,
58510,
58666,
58901,
59135,
59526,
59682,
59916,
60619,
60776,
61088,
61557,
61869,
62026,
62260,
62416,
62651,
62807,
63197,
63510,
63666,
63901,
64135,
64369,
64526,
64682,
64994,
65229,
65541,
65697,
65932,
66166,
66322,
66557,
66713,
66947,
67182,
67494,
67651,
67807,
68041,
68276,
68432,
68666,
68901,
69057,
69291,
69447,
69682,
70072,
70229,
70463,
70854,
71088,
71244,
71479,
71635,
71869,
72026,
72182,
72416,
72572,
72729,
72963,
73197,
73354,
73588,
73744,
73901,
74135,
74291,
74526,
74838,
74994,
75229,
75385,
75541,
75776,
76010,
76166,
76401,
76635,
76791,
77026,
77338,
77494,
77651,
77885,
78041,
78276,
78588,
78744,
78901,
79213,
79369,
79604,
79760,
79916,
80151,
80307,
80619,
80932,
81088,
81322,
81557,
81947,
82182,
82338,
82572,
82729,
82963,
83119,
83354,
83510,
83666,
83822,
84057,
84213,
84447,
84604,
84838,
84994,
85151,
85385,
85541,
85776,
85932,
86166,
86401,
86635,
86869,
87026,
87260,
87494,
87651,
87807,
88119,
88276,
88510,
88744,
89057,
89291,
89526,
89760,
89916,
90072,
90307,
90541,
90776,
90932,
91088,
91401,
91557,
91791,
91947,
92182,
92338,
92572,
92729,
92963,
93119,
93276,
93510,
93666,
93822,
94057,
94447,
94604,
94760,
94994,
95151,
95385,
95541,
95776,
95932,
96088,
96244,
96479,
96635,
96869,
97026,
97260,
97416,
97572,
97729,
97963,
98119,
98354,
98588,
98822,
98979,
99213,
99369,
99604,
99916,
100072,
100229,
100463,
100619,
100776,
101010,
101166,
101322,
101557,
101713,
101869,
102104,
102260,
102416,
102572,
102963,
103432,
103588,
104213,
104526,
104838,
105151,
105463,
105932,
106244,
106713,
106947,
107182,
107338,
107651,
108119,
108432,
108822,
109057,
109213,
109526,
109682,
109994,
110151,
110463,
110619,
110932,
111244,
111557,
111713,
112026,
112182,
112338,
112651,
112807,
113197,
113354,
113588,
113901,
114213,
114369,
114604,
114760,
114994,
115151,
115463,
115619,
115776,
116010,
116244,
116401,
116557,
116713,
116947,
117104,
117338,
117494,
117651,
117885,
118041,
118276,
118510,
118744,
118979,
119213,
119369,
119604,
119760,
119994,
120229,
120385,
120619,
120776,
121088,
121244,
121479,
121713,
121869,
122026,
122260,
122416,
122572,
122729,
122963,
123197,
123432,
123588,
123901,
124057,
124213,
124447,
124682,
124994,
125229,
125385,
125541,
125776,
126088,
126244,
126479,
126635,
126791,
127260,
127494,
127651,
127885,
128119,
128276,
128510,
128666,
128901,
129057,
129213,
129526,
129760,
129916,
130151,
130307,
130463,
130619,
130854,
131010,
131166,
131401,
131557,
131713,
132026,
132182,
132338,
132494,
132651,
132885,
133041,
133276,
133432,
133666,
133979,
134369,
134604,
134838,
135072,
135229,
135463,
135776,
135932,
136166,
136401,
136557,
136713,
136947,
137182,
137338,
137572,
137729,
137963,
138197,
138354,
138666,
138822,
139057,
139213,
139447,
139604,
139838,
139994,
140151,
140463,
140619,
140932,
141088,
141479,
141713,
141947,
142104,
142338,
142494,
142651,
143041,
143276,
143432,
143744,
143901,
144135,
144291,
144526,
144682,
144838,
144994,
145151,
145541,
145776,
146166,
146322,
146713,
146947,
147104,
147260,
147494,
147729,
147885,
148119,
148354,
148588,
148901,
149135,
149291,
149682,
149916,
150072,
150307,
150541,
150776,
151010,
151557,
151713,
152026,
152182,
152572,
152729,
152963,
153119,
153432,
153588,
153744,
153979,
154213,
154369,
154604,
154760,
154916,
155151,
155307,
155463,
155619,
155854,
156010,
156244,
156401,
156557,
156713,
156947,
157182,
157338,
157572,
157729,
157963,
158119,
158354,
158510,
158666,
158822,
159057,
159213,
159447,
159604,
159838,
159994,
160151,
160385,
160541,
160776,
161010,
161166,
161322,
161635,
161869,
162104,
162260,
162416,
162651,
162885,
163041,
163197,
163432,
163588,
163744,
163901,
164135,
164369,
164526,
165307,
165463,
165697,
165854,
166088,
166244,
166557,
166713,
166947,
167104,
167338,
167494,
167807,
168041,
168197,
168432,
168588,
168822,
169057,
169291,
169526,
169838,
169994,
170385,
170541,
170697,
170932,
171088,
171322,
171557,
171791,
171947,
172182,
172338,
172494,
172651,
172963,
173276,
173432,
173666,
173822,
174057,
174213,
174447,
174760,
174994,
175151,
175385,
175619,
176010,
176244,
176557,
176713,
176869,
177104,
177338,
177651,
177885,
178119,
178354,
178588,
178822,
178979,
179213,
179369,
179604,
179760,
179994,
180229,
180385,
180619,
180776,
181088,
181244,
181479,
181635,
181869,
182026,
182260,
182416,
182572,
182729,
182963,
183119,
183276,
183510,
183666,
183901,
184213,
184369,
184526,
184760,
184916,
185151,
185307,
185463,
185697,
185854,
186088,
186401,
186635,
186791,
187026,
187260,
187416,
187572,
187729,
187963,
188119,
188276,
188432,
188666,
188901,
189213,
189369,
189526,
189760,
189994,
190151,
190385,
190541,
190776,
190932,
191088,
191322,
191479,
191635,
191869,
192026,
192260,
192416,
192572,
192885,
193119,
193354,
193510,
193744,
194135,
194291,
194526,
194760,
194994,
195307,
195463,
195619,
195854,
196010,
196244,
196401,
196635,
196869,
197104,
197338,
197494,
197651,
197885,
198041,
198276,
198432,
198588,
198822,
199135,
199291,
199604,
199760,
199916,
200151,
200307,
200463,
200776,
200932,
201088,
201244,
201401,
201557,
201713,
202182,
202416,
202572,
202729,
202963,
203119,
203276,
203510,
203666,
203901,
204135,
204291,
204526,
204838,
204994,
205151,
205385,
205541,
205776,
205932,
206088,
206322,
206479,
206713,
206947,
207104,
207338,
207572,
207729,
207963,
208197,
208432,
208588,
208901,
209057,
209369,
209526,
209760,
209994,
210151,
210307,
210463,
210697,
210932,
211166,
211401,
211557,
211713,
211947,
212104,
212338,
212494,
212651,
212885,
213041,
213276,
213510,
213666,
213901,
214057,
214213,
214447,
214604,
214838,
214994,
215151,
215307,
215463,
215697,
215854,
216010,
216244,
216713,
217026,
217260,
217494,
217651,
217807,
218041,
218276,
218510,
218744,
218901,
219213,
219526,
219760,
219916,
220151,
220463,
220697,
220932,
221088,
221322,
221557,
221791,
222026,
222182,
222416,
222651,
222963,
223119,
223432,
223666,
223822,
224057,
224291,
224526,
224682,
224916,
225151,
225307,
225541,
225776,
226010,
226244,
226401,
226635,
226791,
226947,
227182,
227338,
227494,
227729,
227963,
228119,
228354,
228588,
228901,
229135,
229291,
229526,
229838,
230072,
230229,
230463,
230697,
230932,
231166,
231401,
231713,
231869,
232104,
232416,
232572,
232807,
233041,
233276,
233510,
233744,
233979,
234213,
234369,
234604,
234838,
234994,
235229,
235463,
235619,
235776,
236010,
236166,
236401,
236557,
236713,
236947,
237104,
237338,
237651,
237963,
238197,
238354,
238588,
238822,
238979,
239291,
239447,
239682,
239994,
240151,
240385,
240541,
240776,
241010,
241244,
241479,
241635,
241869,
242104,
242260,
242416,
242651,
242963,
243119,
243354,
243588,
243822,
243979,
244213,
244369,
244526,
244760,
244994,
245229,
245385,
245619,
245854,
246010,
246166,
246479,
246713,
246869,
247026,
247260,
247416,
247651,
247807,
247963,
248197,
248432,
248588,
248744,
248979,
249135,
249291,
249526,
249760,
249916,
250151,
250307,
250463,
250697,
250854,
251088,
251244,
251401,
251635,
251791,
252026,
252260,
252494,
252651,
252963,
253119,
253432,
253588,
253822,
254057,
254213,
254447,
254604,
254838,
254994,
255229,
255463,
255619,
255932,
256088,
256322,
256479,
256713,
256869,
257026,
257260,
257416,
257651,
257807,
257963,
258276,
258510,
258666,
258901,
259135,
259291,
259526,
259838,
260072,
260307,
260463,
260697,
260854,
261088,
261244,
261479,
261635,
261791,
262026,
262260,
262416,
262572,
262807,
262963,
263276,
263510,
263666,
263901,
264057,
264213,
264447,
264604,
264838,
264994,
265229,
265463,
265619,
265854,
266088,
266244,
266479,
266713,
266869,
267026,
267182,
267338,
267494,
267651,
267885,
268119,
268276,
268510,
268666,
268822,
269057,
269213,
269369,
269604,
269760,
269994,
270151,
270385,
270619,
270776,
270932,
271166,
271401,
271635,
271791,
272026,
272182,
272338,
272494,
272651,
272885,
273119,
273354,
273510,
273744,
273901,
274135,
274291,
274526,
274682,
274916,
275072,
275307,
275463,
275697,
275854,
276088,
276322,
276479,
276635,
276791,
276947,
277182,
277416,
277572,
277729,
277963,
278197,
278432,
278744,
278979,
279213,
279447,
279604,
279994,
280229,
280463,
280776,
281010,
281166,
281401,
281713,
281947,
282182,
282338,
282572,
282807,
283041,
283276,
283588,
283822,
284057,
284291,
284447,
284682,
284916,
285151,
285385,
285619,
285776,
286010,
286322,
286479,
286791,
287026,
287182,
287338,
287572,
287729,
287963,
288119,
288354,
288510,
288744,
288901,
289135,
289369,
289604,
289760,
289994,
290229,
290385,
290619,
290854,
291088,
291322,
291479,
291635,
291869,
292026,
292260,
292416,
292651,
292807,
293041,
293197,
293432,
293666,
293822,
294057,
294213,
294447,
294604,
294838,
295072,
295229,
295463,
295619,
295854,
296088,
296244,
296479,
296713,
296869,
297026,
297182,
297338,
297494,
297651,
297885,
298041,
298276,
298432,
298666,
298901,
299135,
299369,
299526,
299838,
300151,
300307,
300541,
300776,
301010,
301244,
301557,
301791,
302026,
302338,
302494,
302651,
302885,
303041,
303276,
303510,
303744,
303901,
304135,
304369,
304682,
304838,
304994,
305229,
305463,
305697,
305932,
306244,
306479,
306635,
306947,
307104,
307260,
307416,
307572,
307807,
308119,
308432,
308744,
309213,
309526,
309838,
310151,
310463,
310619,
311088,
311244,
311401,
311713,
312026,
312338,
312494,
312807,
313276,
314057,
314213,
314682,
315151,
315463,
315776,
315932,
316244,
316557,
316947,
317338,
317494,
317729,
317963,
318119,
318510,
318744,
318901,
319213,
319526,
319760,
319994,
320307,
320541,
320776,
320932,
321166,
321401,
321791,
322104,
322338,
322572,
322807,
323041,
323197,
323432,
323666,
323822,
324135,
324369,
324526,
324760,
324916,
325151,
325463,
325697,
325932,
326244,
326479,
326635,
326869,
327026,
327338,
327494,
327651,
327885,
328041,
328276,
328432,
328588,
328901,
329057,
329213,
329447,
329604,
329838,
329994,
330229,
330463,
330619,
330854,
331088,
331244,
331479,
331635,
331791,
332026,
332182,
332338,
332572,
332729,
332963,
333119,
333354,
333588,
333744,
333979,
334213,
334447,
334604,
334760,
334994,
335151,
335385,
335619,
335932,
336557,
336713,
337026,
337182,
337416,
337572,
337729,
337963,
338119,
338276,
338432,
338588,
338822,
338979,
339213,
339369,
339526,
339760,
339994,
340151,
340307,
340463,
340697,
340854,
341088,
341244,
341401,
341635,
341791,
342026,
342182,
342338,
342572,
342729,
342963,
343197,
343354,
343588,
343822,
343979,
344213,
344369,
344526,
344682,
344838,
344994,
345307,
345697,
345932,
346166,
347182,
347651,
347807,
348041,
348276,
348510,
348744,
348901,
349135,
349369,
349760,
349916,
350151,
350463,
350619,
350932,
351244,
351479,
351635,
351869,
352104,
352338,
352494,
352651,
352807,
353119,
353432,
353666,
353822,
354135,
354291,
354604,
354838,
354994,
355229,
355463,
355697,
356088,
356244,
356635,
357026,
357182,
357338,
357494,
357651,
357885,
358119,
358354,
358510,
358744,
358979,
359135,
359369,
359604,
359916,
360072,
360229,
360385,
360619,
360776,
361010,
361244,
361401,
361635,
361791,
362104,
362338,
362494,
362651,
362885,
363041,
363197,
363432,
363666,
363822,
364057,
364213,
364447,
364760,
364916,
365151,
365385,
365619,
365932,
366088,
366401,
366713,
367026,
367182,
367338,
367494,
367651,
367885,
368041,
368276,
368510,
368666,
368901,
369057,
369213,
369447,
369682,
369838,
370072,
370307,
370463,
370697,
370932,
371088,
371322,
371479,
371713,
371869,
372026,
372338,
372494,
372651,
372807,
372963,
373197,
373354,
373588,
373744,
373979,
374135,
374369,
374526,
374682,
374916,
375151,
375385,
375619,
375854,
376088,
376322,
376479,
376713,
376869,
377104,
377260,
377494,
377651,
377807,
378041,
378276,
378510,
378744,
379057,
379291,
379604,
379838,
379994,
380229,
380463,
380697,
380932,
381088,
381322,
381635,
381791,
382026,
382260,
382416,
382651,
382807,
383041,
383276,
383588,
383822,
383979,
384213,
384447,
384760,
384916,
385151,
385385,
385619,
385854,
386088,
386244,
386557,
386713,
386947,
387104,
387338,
387572,
387729,
387963,
388276,
388510,
388744,
388901,
389135,
389291,
389526,
389760,
389916,
390151,
390463,
390619,
390776,
391010,
391166,
391401,
391635,
391869,
392026,
392260,
392416,
392651,
392885,
393119,
393276,
393510,
393666,
393901,
394135,
394291,
394526,
394760,
394994,
395151,
395385,
395541,
395776,
396088,
396401,
396557,
396713,
396869,
397104,
397260,
397416,
397572,
397729,
398041,
398276,
398432,
398666,
398901,
399135,
399291,
399526,
399760,
399994,
400229,
400463,
400619,
400854,
401088,
401244,
401479,
401713,
401947,
402182,
402338,
402494,
402729,
402885,
403119,
403354,
403588,
403744,
403979,
404291,
404526,
404682,
404916,
405151,
405307,
405541,
405776,
406088,
406322,
406557,
406713,
406947,
407104,
407260,
407416,
407572,
407807,
407963,
408197,
408432,
408588,
408744,
408979,
409135,
409369,
409526,
409760,
409994,
410151,
410385,
410541,
410697,
410932,
411088,
411322,
411479,
411713,
411869,
412104,
412260,
412494,
412651,
412807,
413041,
413276,
413510,
413666,
413901,
414057,
414213,
414447,
414604,
414838,
414994,
415151,
415619,
416244,
416947,
417104,
417260,
417416,
417572,
417963,
418901,
419213,
419682,
419994,
420307,
420776,
421088,
421557,
422182,
422651,
423276,
423901,
424369,
424838,
425151,
425307,
426401,
426557,
426869,
427026,
427338,
427494,
427963,
428119,
428901,
429057,
429369,
429526,
429994,
430151,
430776,
431088,
431244,
431401,
431713,
431947,
432182,
432338,
432494,
432651,
432963,
433119,
433432,
433744,
434057,
434369,
434682,
434916,
435151,
435385,
435541,
435776,
436010,
436166,
436401,
436635,
436791,
437026,
437260,
437416,
437651,
437807,
437963,
438197,
438354,
438588,
438822,
438979,
439213,
439369,
439526,
439838,
440072,
440229,
440463,
440697,
440854,
441010,
441166,
441401,
441557,
442182,
442651,
442807,
442963,
443197,
443354,
443588,
443744,
443979,
444135,
444369,
444526,
444682,
444994,
445151,
445385,
445541,
445697,
445932,
446088,
446244,
446401,
446713,
446869,
447104,
447260,
447494,
447651,
447885,
448041,
448197,
448432,
448666,
448822,
449057,
449291,
449526,
449838,
449994,
450151,
450385,
450541,
450776,
450932,
451166,
451557,
451713,
451947,
452260,
452416,
452572,
452729,
452885,
453041,
453276,
453588,
453822,
453979,
454135,
454369,
454526,
454760,
454994,
455151,
455307,
455463,
455776,
455932,
456088,
456401,
456557,
456869,
457104,
457260,
457494,
457651,
457885,
458041,
458276,
458432,
458588,
458901,
459135,
459291,
459526,
459760,
459916,
460151,
460307,
460463,
460932,
461557,
461713,
461947,
462104,
462338,
462572,
462729,
462963,
463119,
463276,
463510,
463666,
463822,
464057,
464369,
464526,
464760,
464916,
465151,
465307,
465463,
465697,
465932,
466166,
466401,
466557,
466713,
466947,
467104,
467338,
467494,
467651,
467885,
468041,
468197,
468588,
468744,
468901,
469057,
469291,
469447,
469682,
469994,
470151,
470385,
470541,
470776,
471010,
471244,
471401,
471635,
471869,
472026,
472260,
472416,
472651,
472807,
472963,
473197,
473432,
473588,
473744,
473901,
474213,
474369,
474526,
474760,
474916,
475151,
475307,
475619,
475776,
475932,
476088,
476322,
476479,
476635,
476869,
477026,
477260,
477416,
477651,
477807,
478119,
478276,
478510,
478666,
478901,
479135,
479291,
479526,
479760,
479916,
480151,
480385,
480541,
480697,
481010,
481166,
481401,
481557,
481791,
481947,
482104,
482338,
482572,
482729,
482963,
483119,
483276,
483510,
483666,
483901,
484057,
484213,
484526,
484682,
484838,
485072,
485229,
485463,
485697,
485854,
486088,
486244,
486401,
486635,
486869,
487026,
487416,
487572,
487729,
487963,
488119,
488276,
488588,
488744,
488901,
489135,
489291,
489526,
489682,
489916,
490072,
490229,
490385,
490541,
490776,
490932,
491088,
491244,
491401,
491635,
491869,
492026,
492260,
492416,
492807,
492963,
493197,
493432,
493588,
493901,
494057,
494213,
494369,
494604,
494760,
494994,
495307,
495541,
495776,
496088,
496322,
496479,
496713,
496869,
497026,
497182,
497416,
497572,
497729,
497885,
498041,
498276,
498432,
498588,
498822,
498979,
499213,
499369,
499526,
499682,
499838,
500072,
500229,
500463,
500697,
500854,
501088,
501244,
501401,
501557,
501869,
502026,
502260,
502494,
502651,
502963,
503276,
503588,
503901,
504213,
504682,
504838,
505151,
505619,
505776,
506088,
506244,
506557,
506869,
507182,
507338,
507651,
508119,
508276,
508588,
508744,
509057,
509526,
509838,
509994,
510385,
510697,
510854,
511088,
511557,
511791,
512104,
512338,
512494,
512729,
512963,
513119,
513354,
513588,
513744,
513979,
514135,
514291,
514526,
514838,
514994,
515307,
515463,
515697,
515854,
516166,
516401,
516635,
516869,
517026,
517260,
517416,
517572,
517807,
518119,
518276,
518588,
518822,
518979,
519213,
519369,
519682,
519994,
520151,
520307,
520619,
520854,
521088,
521557,
521713,
522182,
522338,
522572,
522807,
522963,
523197,
523432,
523588,
523744,
523979,
524213,
524369,
524526,
524838,
524994,
525229,
525385,
525541,
525776,
525932,
526244,
526401,
526635,
526791,
527182,
527494,
527729,
527963,
528197,
528354,
528588,
528744,
528901,
529057,
529213,
529447,
529604,
529838,
529994,
530151,
530385,
530541,
530776,
531088,
531322,
531479,
531713,
531869,
532026,
532182,
532338,
532494,
532807,
533197,
533432,
533588,
533822,
534057,
534213,
534447,
534604,
534760,
534994,
535385,
535619,
535776,
535932,
536088,
536557,
536713,
536947,
537651,
537963,
538119,
538354,
538588,
538822,
538979,
539213,
539447,
539682,
539838,
540072,
540229,
540463,
540776,
541088,
541322,
541635,
541791,
542026,
542260,
542572,
542807,
543041,
543197,
543510,
543744,
543979,
544213,
544369,
544682,
544916,
545072,
545307,
545776,
545932,
546166,
546322,
546557,
546713,
546869,
547026,
547182,
547338,
547572,
547729,
547963,
548119,
548354,
548588,
548901,
549057,
549213,
549369,
549526,
549760,
549916,
550151,
550385,
550619,
550854,
551010,
551244,
551557,
551713,
551947,
552182,
552338,
552572,
552729,
553041,
553276,
553510,
553744,
553979,
554291,
554526,
554760,
554994,
555229,
555463,
555697,
555854,
556088,
556244,
556401,
556713,
556947,
557182,
557338,
557494,
557651,
558119,
558432,
558588,
558901,
559057,
559369,
559526,
559682,
559838,
559994,
560151,
560463,
560619,
560854,
561088,
561244,
561479,
561713,
561869,
562026,
562182,
562494,
562651,
562807,
563041,
563197,
563354,
563588,
563822,
564057,
564213,
564369,
564604,
564838,
564994,
565385,
565541,
565776,
565932,
566088,
566244,
566557,
566791,
567026,
567260,
567572,
567807,
568119,
568276,
568588,
568744,
569057,
569213,
569369,
569526,
569994,
570229,
570385,
570619,
570776,
571010,
571244,
571479,
571791,
572026,
572182,
572338,
572494,
572807,
572963,
573197,
573432,
573666,
573822,
574213,
574526,
574682,
574916,
575072,
575307,
575463,
575697,
575854,
576088,
576244,
576479,
576713,
576869,
577104,
577260,
577572,
577807,
578041,
578276,
578510,
578666,
578822,
579057,
579213,
579369,
579604,
579760,
579916,
580072,
580307,
580541,
580776,
580932,
581166,
581322,
581557,
581869,
582104,
582260,
582494,
582807,
582963,
583119,
583354,
583588,
583744,
583901,
584057,
584369,
584526,
584760,
584916,
585151,
585385,
585541,
585776,
586010,
586244,
586557,
586791,
586947,
587182,
587416,
587885,
588119,
588432,
588901,
589135,
589682,
589838,
590151,
590463,
590932,
591088,
591401,
591713,
591869,
592338,
592494,
592807,
592963,
593119,
593588,
593901,
594213,
594682,
594838,
595307,
595463,
595619,
595932,
596088,
596401,
596557,
596869,
597026,
597338,
597494,
597807,
598276,
598432,
598744,
599135,
599369,
599526,
599682,
600151,
600307,
600541,
600776,
601010,
601166,
601401,
601557,
601713,
602026,
602338,
602494,
602651,
602885,
603041,
603276,
603588,
603744,
603979,
604213,
604369,
604526,
604916,
605072,
605229,
605463,
605776,
606010,
606166,
606401,
606635,
606791,
607026,
607260,
607494,
607651,
607885,
608041,
608276,
608432,
608588,
608822,
608979,
609213,
609447,
609604,
609760,
609916,
610072,
611322,
611713,
612104,
612338,
612729,
612963,
613119,
613354,
613588,
613744,
613979,
614213,
614369,
614682,
614838,
614994,
615229,
615385,
615541,
615776,
615932,
616166,
616479,
616713,
617026,
617182,
617338,
617572,
617729,
617963,
618276,
618510,
618666,
618901,
619135,
619291,
619526,
619838,
619994,
620151,
620385,
620776,
621010,
621557,
621791,
621947,
622104,
622260,
622494,
622651,
622807,
622963,
623119,
623276,
623510,
623666,
623901,
624057,
624213,
624447,
624604,
624838,
624994,
625151,
625385,
625541,
625776,
625932,
626088,
626244,
626479,
626635,
626791,
627026,
627182,
627338,
627651,
627807,
627963,
628119,
628354,
628510,
628666,
628901,
629057,
629213,
629447,
629604,
629838,
629994,
630151,
630307,
630463,
630697,
630854,
631088,
631713,
631947,
632338,
632494,
632651,
632807,
633041,
633197,
633354,
633588,
633822,
633979,
634135,
634369,
634604,
634838,
634994,
635229,
635385,
635619,
635854,
636010,
636244,
636401,
636713,
636869,
637182,
637494,
637651,
637963,
638197,
638354,
638588,
638744,
638901,
639135,
639291,
639526,
639682,
639916,
640072,
640229,
640463,
640776,
641010,
641166,
642026,
642182,
642338,
642494,

2 Column Long Note Times:
151244,
164994,
461244,

2 Column Release Times:
151401,
165151,
461401,

3 Column Hit Times:
2338,
3276,
4526,
5463,
5776,
7026,
7338,
8276,
8901,
9838,
10151,
10776,
11088,
11557,
11869,
12026,
12182,
12494,
12807,
13041,
13276,
13432,
13744,
13901,
14135,
14369,
14604,
14838,
14994,
15307,
15541,
15854,
16088,
16244,
16635,
16791,
17026,
17338,
17651,
17807,
18041,
18197,
18354,
18588,
18822,
18979,
19135,
19369,
19760,
19916,
20151,
20307,
20541,
20776,
20932,
21088,
21713,
21947,
22260,
22416,
22572,
22807,
22963,
23119,
23354,
23510,
23744,
23901,
24213,
24369,
24526,
24760,
24916,
25072,
25229,
25541,
25697,
25932,
26166,
26322,
26557,
26791,
27026,
27182,
27338,
27494,
27651,
27885,
28119,
28276,
28510,
28666,
28901,
29057,
29369,
29526,
29760,
29916,
30151,
30385,
30541,
30776,
31088,
31244,
31401,
31713,
31947,
32104,
32260,
32651,
32885,
33119,
33276,
33510,
33744,
33979,
34369,
34838,
35072,
35229,
35463,
35697,
35932,
36088,
36322,
36479,
36713,
36947,
37260,
37416,
37572,
37729,
37963,
38119,
38354,
38510,
38744,
38901,
39135,
39447,
39682,
39838,
39994,
40229,
40463,
40619,
40776,
41088,
41322,
41479,
41635,
41791,
42182,
42338,
42651,
42807,
42963,
43119,
43354,
43588,
43744,
43901,
44057,
44213,
44447,
44604,
44838,
44994,
45229,
45385,
45541,
45776,
46010,
46166,
46401,
46557,
46713,
46869,
47104,
47338,
47494,
47651,
47807,
47963,
48197,
48432,
48588,
48822,
48979,
49213,
49369,
49526,
49760,
49916,
50151,
50307,
50463,
50697,
50932,
51088,
51244,
51479,
51635,
51869,
52026,
52338,
52572,
52729,
53041,
53197,
53354,
53666,
53822,
54135,
54526,
54838,
54994,
55229,
55385,
55619,
55776,
56010,
56322,
56479,
56869,
57260,
57416,
57651,
57807,
58276,
58432,
58822,
58979,
59213,
59604,
59760,
59994,
60307,
60463,
60776,
60932,
61244,
61713,
61947,
62104,
62338,
62572,
62729,
62963,
63119,
63354,
63588,
63744,
63979,
64213,
64369,
64604,
64760,
64916,
65151,
65385,
65619,
65776,
66010,
66244,
66479,
66635,
66869,
67026,
67260,
67416,
67651,
67885,
68119,
68354,
68588,
68822,
68979,
69135,
69369,
69526,
69760,
69916,
70151,
70307,
70697,
71010,
71244,
71401,
71791,
71947,
72104,
72338,
72494,
72807,
72963,
73276,
73510,
73666,
73822,
74213,
74369,
74526,
74760,
74916,
75151,
75307,
75463,
75697,
75932,
76088,
76244,
76479,
76713,
76947,
77104,
77338,
77494,
77651,
77963,
78197,
78432,
78666,
78822,
79057,
79291,
79447,
79682,
79994,
80151,
80385,
80541,
80776,
80932,
81166,
81401,
81635,
81869,
82104,
82260,
82494,
82651,
82885,
83041,
83197,
83432,
83588,
83744,
83979,
84135,
84369,
84526,
84760,
84916,
85229,
85463,
85697,
85932,
86088,
86244,
86479,
86713,
86947,
87104,
87416,
87572,
87729,
87963,
88119,
88432,
88666,
88901,
89057,
89213,
89369,
89604,
89838,
89994,
90229,
90385,
90697,
90932,
91166,
91322,
91557,
91713,
91869,
92104,
92260,
92416,
92651,
92807,
92963,
93276,
93432,
93588,
93744,
93979,
94213,
94369,
94682,
94838,
94994,
95151,
95463,
95697,
95854,
96088,
96322,
96557,
96713,
96947,
97104,
97260,
97494,
97651,
97885,
98119,
98276,
98432,
98744,
98901,
99135,
99291,
99526,
99760,
99994,
100151,
100385,
100541,
100697,
100932,
101088,
101244,
101401,
101557,
101791,
102026,
102182,
102338,
102494,
102651,
103744,
104057,
104526,
104994,
105307,
105619,
105776,
106088,
106401,
106869,
107026,
107338,
107494,
107651,
108276,
108744,
108901,
109057,
109369,
109682,
109994,
110151,
110385,
110541,
110776,
111010,
111166,
111401,
111869,
112104,
112416,
112572,
112729,
112963,
113119,
113276,
113510,
113744,
114057,
114291,
114447,
114682,
114916,
115151,
115307,
115541,
115697,
115932,
116088,
116322,
116479,
116635,
116791,
117026,
117182,
117416,
117572,
117729,
117963,
118197,
118354,
118588,
118744,
118901,
119057,
119291,
119526,
119838,
120072,
120307,
120463,
120697,
120932,
121166,
121322,
121635,
121869,
122104,
122260,
122494,
122651,
122885,
123119,
123354,
123666,
123822,
123979,
124135,
124369,
124604,
124838,
125072,
125307,
125619,
125854,
126010,
126166,
126401,
126557,
126947,
127104,
127416,
127572,
127729,
127963,
128197,
128354,
128588,
128822,
128979,
129135,
129291,
129526,
129682,
129838,
130151,
130385,
130541,
130697,
130932,
131088,
131244,
131401,
131713,
131869,
132104,
132416,
132572,
132729,
132963,
133197,
133354,
133588,
133744,
133901,
134135,
134447,
134760,
134916,
135151,
135463,
135619,
135854,
136088,
136244,
136635,
136869,
137104,
137260,
137416,
137651,
137807,
138041,
138276,
138510,
138744,
138901,
139135,
139291,
139526,
139760,
139916,
140151,
140307,
140697,
140854,
141010,
141166,
141401,
141557,
141791,
141947,
142182,
142416,
142572,
142807,
142963,
143197,
143354,
143588,
143822,
144057,
144369,
144604,
144760,
144916,
145072,
145229,
145463,
145854,
146088,
146244,
146479,
146635,
146791,
146947,
147182,
147338,
147494,
147651,
148041,
148276,
148510,
148666,
148822,
149213,
149447,
149604,
149760,
149994,
150229,
150463,
150619,
150854,
151010,
151635,
151869,
152026,
152494,
152651,
152885,
153041,
153197,
153354,
153588,
153744,
153901,
154057,
154291,
154447,
154682,
154838,
154994,
155151,
155385,
155541,
155697,
155932,
156166,
156322,
156557,
156713,
156869,
157104,
157260,
157494,
157651,
157807,
158041,
158197,
158432,
158588,
158901,
159057,
159291,
159526,
159760,
159916,
160151,
160307,
160463,
160697,
160854,
161088,
161244,
161401,
161635,
161869,
162182,
162338,
162572,
162729,
162963,
163119,
163276,
163510,
163666,
163822,
164057,
164213,
164682,
164838,
165385,
165541,
165776,
165932,
166088,
166322,
166479,
166713,
166869,
167104,
167260,
167416,
167572,
167885,
168119,
168276,
168510,
168744,
168901,
169135,
169447,
169682,
169916,
170072,
170229,
170463,
170854,
171010,
171244,
171479,
171713,
171947,
172104,
172260,
172416,
172572,
172885,
173119,
173354,
173510,
173744,
173979,
174135,
174369,
174526,
174682,
174916,
175072,
175307,
175541,
175697,
175932,
176322,
176479,
176635,
177026,
177260,
177494,
177729,
178041,
178276,
178432,
178901,
179057,
179291,
179526,
179838,
180072,
180307,
180463,
180697,
181166,
181322,
181557,
181713,
181947,
182104,
182260,
182494,
182651,
182885,
183041,
183276,
183432,
183588,
183822,
183979,
184213,
184526,
184682,
184838,
185151,
185307,
185463,
185776,
185932,
186088,
186322,
186479,
186713,
186947,
187104,
187338,
187494,
187651,
187885,
188041,
188276,
188510,
188744,
188901,
189135,
189291,
189526,
189682,
189916,
190072,
190229,
190463,
190697,
190854,
191088,
191244,
191557,
191713,
191947,
192104,
192260,
192494,
192651,
192807,
192963,
193197,
193354,
193588,
193744,
194213,
194447,
194682,
194838,
195072,
195229,
195385,
195697,
195932,
196166,
196322,
196557,
196791,
196947,
197182,
197494,
197651,
197963,
198119,
198354,
198510,
198666,
198901,
199057,
199213,
199447,
199682,
199838,
200072,
200229,
200463,
200619,
200854,
201010,
201166,
201322,
201557,
201713,
201869,
202338,
202494,
202651,
202963,
203197,
203354,
203588,
203822,
203979,
204213,
204369,
204526,
204760,
204916,
205072,
205229,
205463,
205619,
205854,
206010,
206166,
206401,
206635,
206791,
207026,
207260,
207416,
207651,
207807,
208041,
208354,
208510,
208744,
208979,
209135,
209291,
209447,
209682,
209838,
209994,
210151,
210385,
210541,
210776,
211010,
211244,
211479,
211635,
211869,
212026,
212182,
212416,
212651,
212807,
212963,
213197,
213354,
213588,
213822,
213979,
214135,
214291,
214526,
214682,
214838,
214994,
215151,
215385,
215541,
215776,
215932,
216166,
216557,
216791,
217104,
217338,
217572,
217729,
217963,
218119,
218354,
218588,
218822,
219135,
219291,
219526,
219838,
220229,
220619,
220776,
221010,
221244,
221479,
221635,
221869,
222104,
222338,
222651,
222885,
223197,
223432,
223744,
224135,
224369,
224604,
224838,
225072,
225229,
225619,
225854,
226088,
226322,
226557,
226713,
226869,
227026,
227260,
227494,
227651,
228041,
228197,
228432,
228666,
228822,
229057,
229369,
229604,
229838,
230151,
230463,
230619,
230932,
231244,
231479,
231713,
231947,
232182,
232338,
232572,
232729,
232963,
233119,
233354,
233744,
233901,
234213,
234369,
234682,
234838,
235072,
235307,
235541,
235697,
235932,
236088,
236322,
236635,
236791,
237026,
237338,
237572,
237729,
238041,
238276,
238510,
238744,
239057,
239369,
239604,
239916,
240072,
240307,
240619,
240932,
241166,
241322,
241557,
241791,
242026,
242182,
242338,
242494,
242729,
242963,
243197,
243432,
243666,
243901,
244291,
244604,
244916,
245072,
245307,
245463,
245697,
245932,
246088,
246401,
246557,
246713,
246947,
247182,
247338,
247572,
247729,
247885,
248041,
248276,
248510,
248666,
248901,
249057,
249213,
249369,
249604,
249838,
250072,
250385,
250541,
250776,
251010,
251166,
251401,
251557,
251713,
251947,
252104,
252260,
252416,
252651,
252807,
252963,
253197,
253432,
253588,
253744,
253979,
254213,
254369,
254682,
254838,
255151,
255385,
255541,
255697,
256088,
256401,
256791,
257026,
257338,
257572,
257729,
257963,
258197,
258354,
258588,
258901,
259213,
259447,
259604,
259838,
259994,
260229,
260463,
260776,
261088,
261401,
261713,
261947,
262104,
262338,
262572,
262729,
262963,
263197,
263354,
263588,
263744,
263979,
264213,
264526,
264838,
265072,
265307,
265463,
265776,
266010,
266166,
266401,
266557,
266713,
266869,
267104,
267260,
267416,
267572,
267729,
267963,
268119,
268354,
268588,
268744,
268979,
269213,
269447,
269682,
269838,
270072,
270307,
270541,
270854,
271088,
271322,
271479,
271713,
271869,
272104,
272338,
272494,
272651,
272807,
273041,
273197,
273432,
273588,
273822,
273979,
274213,
274369,
274604,
274760,
274994,
275151,
275307,
275541,
275776,
276010,
276166,
276401,
276557,
276713,
276947,
277104,
277260,
277494,
277651,
278041,
278276,
278510,
278666,
278901,
279057,
279291,
279526,
279682,
279916,
280151,
280385,
280541,
280776,
281088,
281401,
281635,
281791,
282026,
282260,
282494,
282729,
282963,
283119,
283354,
283510,
283744,
283979,
284135,
284369,
284526,
284838,
284994,
285151,
285463,
285697,
285932,
286244,
286401,
286713,
286869,
287104,
287260,
287416,
287572,
287807,
287963,
288197,
288432,
288666,
288901,
289057,
289291,
289447,
289682,
289838,
290072,
290307,
290463,
290697,
290932,
291166,
291401,
291557,
291791,
292026,
292182,
292338,
292572,
292729,
292885,
293119,
293276,
293510,
293744,
293901,
294135,
294369,
294526,
294760,
294916,
295151,
295385,
295541,
295776,
295932,
296088,
296322,
296557,
296791,
297104,
297260,
297416,
297572,
297807,
298119,
298354,
298588,
298822,
298979,
299213,
299447,
299760,
299916,
300151,
300385,
300619,
300932,
301166,
301322,
301713,
301947,
302182,
302416,
302651,
302807,
303119,
303432,
303666,
303822,
304057,
304291,
304447,
304682,
304994,
305151,
305463,
305619,
305932,
306166,
306322,
306557,
306713,
306869,
307026,
307182,
307338,
307494,
307651,
307963,
308119,
308276,
308588,
308901,
309057,
309526,
309682,
310463,
310776,
311088,
311713,
312026,
312182,
312572,
312963,
313119,
313588,
313901,
314369,
314838,
315307,
315619,
316088,
316401,
316869,
317026,
317260,
317651,
317807,
318041,
318354,
318588,
318822,
319057,
319291,
319447,
319682,
319916,
320072,
320385,
320619,
320854,
321088,
321322,
321557,
321869,
322026,
322338,
322494,
322729,
322963,
323276,
323510,
323744,
323901,
324057,
324291,
324447,
324682,
324994,
325229,
325463,
325619,
325932,
326166,
326322,
326557,
326713,
326947,
327182,
327338,
327572,
327729,
327963,
328119,
328354,
328588,
328744,
328979,
329135,
329291,
329526,
329682,
329838,
330072,
330307,
330463,
330776,
330932,
331088,
331322,
331557,
331713,
331869,
332260,
332416,
332572,
332807,
332963,
333276,
333432,
333588,
333822,
334057,
334213,
334369,
334526,
334760,
334916,
335151,
335463,
335619,
335932,
336244,
337026,
337338,
337494,
337651,
337885,
338119,
338354,
338510,
338666,
338901,
339057,
339213,
339369,
339604,
339838,
339994,
340151,
340385,
340541,
340776,
341010,
341166,
341401,
341557,
341713,
341947,
342104,
342260,
342416,
342651,
342807,
342963,
343119,
343276,
343510,
343666,
343901,
344057,
344213,
344369,
344760,
344994,
345229,
345463,
345776,
346010,
346244,
347338,
347729,
347963,
348119,
348354,
348588,
348822,
349057,
349291,
349526,
349838,
350072,
350229,
350463,
350619,
350854,
351010,
351244,
351557,
351869,
352260,
352572,
352807,
353041,
353197,
353510,
353744,
354057,
354369,
354682,
354916,
355151,
355385,
355619,
355854,
356088,
356322,
356557,
356713,
357104,
357260,
357416,
357572,
357807,
358041,
358197,
358432,
358588,
358822,
359057,
359291,
359526,
359682,
359994,
360307,
360541,
360776,
360932,
361244,
361479,
361713,
361869,
362182,
362416,
362572,
362729,
362963,
363119,
363354,
363510,
363744,
363979,
364135,
364369,
364526,
364838,
365151,
365307,
365541,
365697,
365932,
366166,
366322,
366635,
366791,
366947,
367104,
367260,
367416,
367572,
367729,
367963,
368119,
368354,
368588,
368744,
368979,
369213,
369369,
369526,
369838,
369994,
370229,
370385,
370619,
370854,
371010,
371244,
371557,
371713,
371869,
372104,
372260,
372572,
372729,
372963,
373119,
373432,
373588,
373822,
374057,
374291,
374447,
374682,
374838,
375072,
375229,
375463,
375619,
375776,
376010,
376166,
376401,
376557,
376791,
376947,
377182,
377338,
377494,
377729,
377963,
378197,
378432,
378588,
378822,
379057,
379213,
379447,
379682,
379916,
380151,
380385,
380541,
380776,
381010,
381244,
381401,
381713,
382026,
382338,
382494,
382729,
382963,
383119,
383354,
383510,
383744,
383901,
384213,
384369,
384604,
384838,
385072,
385229,
385463,
385776,
385932,
386088,
386322,
386635,
386791,
387026,
387260,
387416,
387651,
387807,
388041,
388276,
388432,
388588,
388901,
389213,
389526,
389838,
389994,
390151,
390385,
390541,
390776,
391088,
391322,
391479,
391713,
392026,
392338,
392572,
392729,
392963,
393276,
393588,
393822,
393979,
394213,
394369,
394682,
394916,
395072,
395229,
395463,
395619,
395776,
396010,
396166,
396401,
396635,
396869,
397026,
397182,
397338,
397494,
397651,
397963,
398119,
398354,
398588,
398744,
398901,
399213,
399369,
399682,
399916,
400072,
400307,
400541,
400776,
400932,
401166,
401401,
401791,
402026,
402260,
402494,
402651,
402963,
403197,
403432,
403666,
403901,
404135,
404369,
404604,
404760,
404994,
405229,
405463,
405697,
405932,
406166,
406401,
406635,
406869,
407026,
407182,
407338,
407494,
407651,
407807,
408119,
408276,
408432,
408666,
408822,
409057,
409213,
409447,
409682,
409916,
410072,
410229,
410463,
410619,
410854,
411088,
411244,
411557,
411713,
411947,
412182,
412338,
412572,
412807,
412963,
413119,
413354,
413588,
413822,
414057,
414291,
414447,
414682,
414916,
415151,
415307,
415619,
415932,
416244,
416791,
417026,
417182,
417338,
417494,
417651,
418119,
419057,
419838,
420463,
420776,
421713,
422026,
422494,
422807,
423119,
424213,
424526,
424994,
425307,
425463,
425932,
426088,
426244,
426557,
426713,
426947,
427182,
427651,
427963,
428119,
428276,
428588,
428744,
429057,
429213,
429526,
430072,
430776,
431401,
431557,
431869,
432026,
432260,
432416,
432572,
432729,
433041,
433276,
433510,
433666,
433901,
434135,
434291,
434526,
434760,
434994,
435307,
435619,
435932,
436244,
436557,
436869,
437182,
437338,
437494,
437651,
437885,
438041,
438276,
438510,
438666,
438901,
439135,
439291,
439526,
439682,
439838,
440151,
440385,
440541,
440776,
440932,
441088,
441322,
441557,
442026,
442182,
442651,
442885,
443041,
443276,
443510,
443666,
443822,
444057,
444291,
444447,
444682,
444838,
445072,
445229,
445463,
445619,
445776,
446010,
446166,
446322,
446557,
446791,
447026,
447182,
447416,
447572,
447729,
447963,
448119,
448276,
448510,
448744,
448901,
449213,
449369,
449526,
449760,
449916,
450072,
450229,
450463,
450619,
450854,
451010,
451635,
451947,
452182,
452338,
452494,
452651,
452963,
453119,
453276,
453432,
453588,
453901,
454213,
454447,
454604,
454916,
455072,
455229,
455463,
455776,
456010,
456166,
456322,
456479,
456713,
456947,
457182,
457338,
457494,
457651,
457963,
458119,
458276,
458588,
458822,
458979,
459213,
459369,
459526,
459838,
460072,
460229,
460385,
460619,
460932,
461635,
461869,
462026,
462260,
462494,
462651,
462885,
463041,
463276,
463588,
463744,
463979,
464135,
464291,
464526,
464838,
464994,
465151,
465463,
465619,
465776,
466010,
466322,
466479,
466635,
466869,
467182,
467338,
467572,
467729,
467963,
468119,
468276,
468510,
468666,
468822,
468979,
469213,
469369,
469604,
469838,
469994,
470151,
470463,
470697,
470932,
471088,
471322,
471557,
471713,
471947,
472182,
472338,
472494,
472651,
472963,
473119,
473354,
473510,
473666,
473822,
473979,
474213,
474369,
474604,
474838,
475072,
475229,
475463,
475619,
475776,
476010,
476166,
476401,
476557,
476713,
476947,
477104,
477338,
477572,
477729,
477963,
478197,
478354,
478588,
478822,
478979,
479213,
479447,
479604,
479838,
480072,
480229,
480463,
480619,
480854,
481088,
481244,
481401,
481635,
481869,
482026,
482260,
482416,
482651,
482885,
483041,
483197,
483432,
483588,
483744,
483901,
484213,
484447,
484604,
484838,
484994,
485151,
485385,
485619,
485932,
486088,
486401,
486557,
486791,
486947,
487104,
487338,
487494,
487651,
487885,
488041,
488276,
488432,
488588,
488822,
488979,
489213,
489447,
489604,
489760,
489994,
490151,
490307,
490463,
490619,
490854,
491010,
491166,
491322,
491557,
491713,
491947,
492182,
492338,
492494,
492885,
493041,
493276,
493432,
493666,
493822,
493979,
494213,
494447,
494682,
494838,
495072,
495229,
495463,
495697,
495932,
496088,
496244,
496401,
496557,
496791,
496947,
497104,
497260,
497416,
497651,
497807,
497963,
498197,
498354,
498588,
498744,
498901,
499135,
499291,
499447,
499604,
499838,
499994,
500151,
500385,
500541,
500776,
501010,
501166,
501322,
501557,
501713,
501947,
502182,
502338,
502572,
502807,
502963,
503276,
503432,
503744,
504057,
504369,
504994,
505307,
505463,
505776,
505932,
506244,
506713,
507026,
507338,
507494,
507807,
507963,
508119,
508432,
508588,
508901,
509369,
509682,
509838,
510307,
510463,
510619,
510776,
511088,
511557,
511791,
512026,
512182,
512416,
512572,
512807,
513041,
513197,
513432,
513666,
513901,
514213,
514447,
514682,
514916,
515385,
515619,
515932,
516088,
516322,
516479,
516713,
516947,
517104,
517338,
517494,
517729,
517963,
518197,
518432,
518666,
518901,
519057,
519213,
519447,
519604,
519838,
519994,
520151,
520385,
520541,
520776,
520932,
521635,
521869,
522026,
522338,
522494,
522651,
522885,
523041,
523276,
523588,
523822,
524057,
524213,
524369,
524682,
524838,
525072,
525307,
525463,
525697,
525854,
526088,
526244,
526479,
526635,
526869,
527104,
527494,
527651,
527885,
528041,
528276,
528432,
528588,
528822,
528979,
529213,
529369,
529526,
529682,
529838,
530151,
530307,
530463,
530619,
530776,
531010,
531166,
531401,
531557,
531713,
531947,
532104,
532260,
532494,
532885,
533119,
533276,
533510,
533744,
533901,
534135,
534369,
534526,
534760,
534994,
535307,
535463,
535697,
535932,
536088,
536244,
536635,
536791,
537026,
537338,
537494,
537729,
537963,
538197,
538510,
538666,
538901,
539291,
539526,
539760,
539994,
540307,
540541,
540854,
541010,
541244,
541401,
541713,
541947,
542104,
542338,
542494,
542729,
542885,
543119,
543432,
543666,
543901,
544213,
544447,
544682,
544838,
545151,
545385,
545619,
545776,
546010,
546244,
546401,
546713,
546947,
547182,
547338,
547494,
547651,
547885,
548197,
548432,
548666,
548822,
549135,
549291,
549526,
549682,
549994,
550307,
550541,
550697,
550932,
551166,
551322,
551557,
551791,
552026,
552182,
552416,
552572,
552807,
552963,
553197,
553354,
553588,
553744,
554057,
554213,
554526,
554682,
554916,
555072,
555385,
555541,
555776,
556010,
556166,
556401,
556635,
556869,
557026,
557260,
557416,
557572,
558510,
559760,
559916,
560072,
560307,
560463,
560619,
560776,
561010,
561244,
561401,
561635,
561869,
562104,
562260,
562494,
562729,
562963,
563119,
563276,
563510,
563666,
563901,
564135,
564369,
564526,
564760,
564994,
565151,
565463,
565619,
565854,
566010,
566244,
566479,
566713,
566869,
567104,
567338,
567494,
567651,
568276,
568588,
568744,
569291,
569526,
569682,
570307,
570463,
570619,
570854,
571088,
571244,
571401,
571635,
571869,
572026,
572260,
572494,
572729,
572963,
573276,
573432,
573588,
573744,
573901,
574057,
574213,
574447,
574604,
574760,
574994,
575229,
575463,
575619,
575776,
576166,
576401,
576557,
576791,
577026,
577338,
577494,
577729,
577963,
578119,
578354,
578510,
578744,
578901,
579057,
579213,
579447,
579682,
579838,
579994,
580151,
580463,
580619,
580854,
581010,
581244,
581479,
581635,
581869,
582026,
582182,
582338,
582494,
582729,
582885,
583119,
583276,
583666,
583822,
584057,
584213,
584447,
584604,
584838,
585072,
585229,
585463,
585697,
586088,
586244,
586479,
586635,
586869,
587182,
587338,
587963,
588276,
588588,
588901,
589057,
589213,
589682,
589838,
590151,
590307,
590776,
591244,
591557,
592026,
592338,
592651,
593276,
593588,
593744,
594057,
594526,
594760,
595151,
595776,
596244,
596713,
596869,
597338,
597963,
598119,
598588,
598901,
599057,
599213,
599604,
599994,
600229,
600463,
600619,
600776,
601088,
601322,
601479,
601713,
601947,
602104,
602338,
602651,
602963,
603119,
603354,
603510,
603744,
604057,
604213,
604447,
604682,
604838,
604994,
605151,
605385,
605619,
605776,
606088,
606244,
606401,
606713,
606947,
607104,
607338,
607494,
607729,
607963,
608119,
608276,
608510,
608666,
608901,
609213,
609369,
609526,
609682,
609838,
609994,
610151,
611244,
611557,
611791,
612026,
612182,
612651,
612807,
613041,
613276,
613432,
613588,
613744,
613901,
614135,
614291,
614526,
614682,
614916,
615151,
615307,
615619,
615776,
616088,
616244,
616401,
616635,
616791,
617026,
617182,
617338,
617651,
617807,
617963,
618197,
618354,
618588,
618744,
618901,
619057,
619213,
619526,
619760,
619916,
620151,
620463,
620697,
621088,
621635,
621791,
622026,
622182,
622338,
622651,
622807,
622963,
623119,
623276,
623432,
623588,
623744,
623979,
624213,
624369,
624526,
624760,
624916,
625072,
625307,
625463,
625697,
625854,
626010,
626166,
626401,
626557,
626713,
626947,
627104,
627260,
627416,
627651,
627807,
627963,
628197,
628432,
628588,
628822,
628979,
629213,
629369,
629526,
629682,
629838,
630072,
630229,
630463,
630619,
630776,
631010,
631557,
631869,
632026,
632260,
632572,
632729,
632963,
633276,
633432,
633744,
633901,
634057,
634291,
634526,
634682,
634916,
635072,
635307,
635541,
635697,
635932,
636088,
636322,
636869,
637182,
637416,
637729,
637963,
638276,
638510,
638744,
638979,
639213,
639604,
639760,
639994,
640151,
640463,
640697,
640854,
641088,
641557,
641713,
641869,
642026,
642182,
642338,
642494,

3 Column Long Note Times:
21244,
151244,
451244,
511244,
521244,
641244,

3 Column Release Times:
21401,
151401,
451401,
511401,
521401,
641401,

4 Column Hit Times:
1401,
2651,
3276,
3901,
4526,
5151,
5463,
6401,
7651,
8588,
9526,
9838,
11401,
11869,
12026,
12494,
12651,
12963,
13276,
13588,
13901,
14213,
14526,
14838,
15151,
15385,
15619,
15776,
16088,
16322,
16479,
16713,
16947,
17182,
17416,
17651,
17807,
17963,
18432,
18588,
18744,
19213,
19447,
19604,
19838,
20151,
20385,
20697,
20932,
21088,
21713,
21869,
22026,
22260,
22416,
22572,
22729,
22963,
23197,
23588,
23744,
23979,
24135,
24526,
24682,
25072,
25307,
25463,
25776,
25932,
26088,
26244,
26557,
26713,
26947,
27104,
27338,
27494,
27651,
27963,
28276,
28588,
28901,
29135,
29291,
29526,
29838,
29994,
30151,
30307,
30619,
30776,
31010,
31322,
31479,
31713,
31869,
32104,
32260,
32416,
32651,
32807,
32963,
33276,
33588,
33822,
34213,
34447,
34604,
34838,
34994,
35151,
35463,
35619,
35854,
36244,
36401,
36713,
37026,
37182,
37416,
37651,
37963,
38276,
38588,
38901,
39291,
39526,
39682,
39838,
40072,
40307,
40463,
40697,
40932,
41088,
41244,
41401,
41635,
41869,
42182,
42651,
42807,
42963,
43197,
43432,
43588,
43744,
43901,
44213,
44369,
44682,
44838,
44994,
45151,
45463,
45776,
45932,
46088,
46401,
46557,
46713,
46947,
47182,
47338,
47494,
47651,
47885,
48041,
48276,
48432,
48588,
48744,
49057,
49213,
49369,
49604,
49838,
49994,
50151,
50385,
50541,
50776,
50932,
51088,
51322,
51557,
51713,
51869,
52026,
52416,
52651,
52807,
53119,
53432,
53901,
54057,
54291,
54526,
54760,
55072,
55307,
55619,
55776,
56088,
56244,
56557,
56713,
56947,
57104,
57338,
57651,
57885,
58041,
58276,
58588,
58744,
59213,
59369,
59526,
59838,
59994,
60307,
60463,
60776,
60932,
61244,
61713,
61947,
62182,
62338,
62494,
62651,
62963,
63119,
63276,
63588,
63822,
64057,
64291,
64526,
64838,
64994,
65151,
65463,
65619,
65854,
66088,
66401,
66713,
66869,
67026,
67338,
67572,
67729,
67963,
68197,
68432,
68744,
68901,
69213,
69369,
69682,
69994,
70151,
70385,
70541,
70776,
70932,
71166,
71401,
71713,
71947,
72104,
72338,
72494,
72651,
72885,
73041,
73276,
73432,
73588,
73901,
74057,
74213,
74604,
74838,
75072,
75463,
75776,
75932,
76088,
76322,
76557,
76713,
77026,
77182,
77338,
77572,
77729,
77963,
78276,
78510,
78744,
79057,
79213,
79369,
79682,
79838,
79994,
80151,
80463,
80697,
81010,
81244,
81401,
81713,
82026,
82338,
82494,
82651,
82807,
83119,
83276,
83588,
83744,
83901,
84213,
84369,
84682,
84838,
85072,
85307,
85463,
85619,
85854,
86088,
86244,
86401,
86557,
86791,
87026,
87182,
87338,
87651,
87807,
87963,
88197,
88354,
88588,
88744,
88901,
89135,
89369,
89526,
89682,
89994,
90151,
90463,
90619,
90776,
91010,
91244,
91401,
91635,
91869,
92026,
92494,
92651,
92885,
93041,
93276,
93588,
93744,
93901,
94213,
94526,
94682,
94838,
95072,
95229,
95463,
95619,
95776,
96010,
96166,
96401,
96557,
96713,
96869,
97182,
97338,
97494,
97651,
97963,
98197,
98510,
98666,
98901,
99057,
99369,
99526,
99838,
100151,
100307,
100619,
100854,
101088,
101244,
101401,
101635,
101869,
102026,
102182,
102338,
102494,
102651,
103119,
103901,
104213,
104682,
105385,
105619,
105776,
106010,
106401,
106869,
107026,
107494,
107651,
108276,
108432,
108901,
109369,
109526,
109838,
110151,
110307,
110619,
110776,
111088,
111401,
111869,
112026,
112494,
112651,
112963,
113276,
113588,
113822,
113979,
114213,
114526,
114682,
114994,
115229,
115463,
115619,
115932,
116244,
116713,
117026,
117182,
117338,
117651,
118119,
118432,
118588,
118901,
119135,
119369,
119682,
119994,
120151,
120541,
120854,
121088,
121401,
121557,
121713,
121947,
122182,
122338,
122494,
122651,
122963,
123119,
123432,
123744,
124213,
124369,
124526,
124838,
124994,
125151,
125463,
125697,
125932,
126322,
126557,
126713,
127026,
127182,
127338,
127651,
127807,
128041,
128432,
128588,
128901,
129213,
129369,
129526,
129838,
130072,
130229,
130463,
130776,
130932,
131088,
131244,
131557,
131713,
131869,
132104,
132260,
132416,
132572,
132807,
132963,
133588,
133744,
134057,
134213,
134526,
134994,
135151,
135307,
135541,
135776,
136010,
136322,
136557,
136713,
137026,
137260,
137494,
137651,
137885,
138119,
138276,
138588,
138744,
138979,
139213,
139369,
139526,
139838,
140151,
140385,
140541,
140776,
141244,
141401,
141713,
141869,
142026,
142260,
142494,
142807,
142963,
143276,
143588,
143744,
144057,
144213,
144526,
144838,
145151,
145307,
145463,
145776,
145932,
146088,
146401,
146557,
146869,
147026,
147182,
147338,
147494,
147963,
148119,
148276,
148744,
149057,
149213,
149526,
149838,
150151,
150463,
150697,
150932,
151088,
151635,
151869,
152026,
152182,
152494,
152651,
152807,
152963,
153276,
153432,
153588,
153744,
153901,
154135,
154369,
154526,
154682,
154838,
155072,
155229,
155463,
155619,
155776,
155932,
156244,
156557,
156713,
156869,
157026,
157338,
157494,
157651,
157885,
158119,
158276,
158588,
158744,
158979,
159135,
159369,
159526,
159682,
159994,
160151,
160463,
160619,
160776,
161088,
161244,
161401,
161869,
162182,
162338,
162651,
162963,
163119,
163354,
163588,
163901,
164057,
164213,
164369,
164682,
165463,
165619,
165776,
166010,
166166,
166401,
166557,
166869,
167026,
167182,
167494,
167651,
167963,
168276,
168432,
168666,
168979,
169213,
169369,
169682,
169838,
170151,
170307,
170463,
170776,
171088,
171244,
171557,
171713,
171869,
172026,
172494,
172807,
172963,
173119,
173276,
173588,
173901,
174213,
174369,
174838,
175151,
175307,
175463,
175776,
175932,
176166,
176401,
176713,
177026,
177338,
177572,
177807,
177963,
178276,
178510,
178666,
178901,
179213,
179526,
179682,
179916,
180151,
180463,
180619,
180854,
181010,
181244,
181401,
181557,
181791,
181947,
182182,
182338,
182494,
182651,
182963,
183276,
183588,
183744,
183901,
184135,
184291,
184526,
184838,
184994,
185151,
185385,
185541,
185776,
186088,
186244,
186401,
186713,
186869,
187026,
187338,
187494,
187651,
187963,
188197,
188354,
188588,
188901,
189057,
189213,
189526,
189682,
189838,
190151,
190463,
190619,
190776,
191088,
191244,
191401,
191557,
191791,
191947,
192182,
192338,
192494,
192651,
192807,
193041,
193276,
193432,
193588,
193744,
194057,
194213,
194526,
194682,
194838,
195151,
195541,
195776,
195932,
196088,
196401,
196557,
196713,
197026,
197260,
197416,
197572,
197807,
197963,
198197,
198588,
198901,
199057,
199213,
199526,
199682,
199838,
200151,
200385,
200541,
200776,
201088,
201401,
201635,
201869,
202182,
202494,
202651,
202885,
203041,
203276,
203588,
203744,
203901,
204213,
204526,
204682,
204838,
205151,
205463,
205619,
205776,
206088,
206244,
206401,
206557,
206713,
207026,
207182,
207338,
207494,
207651,
207963,
208119,
208276,
208588,
208744,
208901,
209213,
209526,
209682,
209838,
210072,
210229,
210385,
210619,
210776,
210932,
211088,
211322,
211713,
211869,
212026,
212260,
212494,
212651,
212963,
213276,
213432,
213588,
213901,
214213,
214369,
214526,
214682,
214838,
215072,
215229,
215385,
215619,
215776,
215932,
216088,
216244,
216635,
216869,
217026,
217338,
217651,
217963,
218119,
218432,
218666,
219057,
219369,
219604,
219838,
220072,
220307,
220541,
220854,
221166,
221713,
221947,
222338,
222572,
222807,
223041,
223276,
223510,
223744,
223979,
224213,
224447,
224760,
224994,
225151,
225463,
225619,
225932,
226166,
226401,
226713,
226869,
227026,
227182,
227416,
227651,
227885,
228276,
228432,
228744,
229213,
229447,
229682,
229916,
230151,
230385,
230619,
230854,
231088,
231322,
231557,
231791,
232026,
232182,
232338,
232494,
232651,
232963,
233119,
233432,
233666,
233901,
234135,
234447,
234682,
234916,
235151,
235385,
235697,
235854,
236088,
236244,
236479,
236635,
237026,
237260,
237494,
237807,
238119,
238276,
238744,
238901,
239135,
239369,
239526,
239838,
240229,
240463,
240619,
240854,
241088,
241401,
241557,
241713,
242026,
242182,
242338,
242572,
242807,
243041,
243276,
243510,
243744,
243901,
244135,
244447,
244682,
244838,
245151,
245307,
245541,
245776,
245932,
246088,
246322,
246557,
246791,
246947,
247104,
247338,
247494,
247963,
248119,
248276,
248588,
248822,
249057,
249213,
249369,
249526,
249838,
249994,
250229,
250463,
250619,
250932,
251088,
251322,
251557,
251713,
251869,
252026,
252182,
252338,
252572,
252729,
252963,
253119,
253354,
253588,
253744,
254213,
254369,
254682,
254838,
255072,
255307,
255463,
255776,
256010,
256166,
256401,
256635,
256791,
256947,
257104,
257338,
257494,
257651,
257963,
258119,
258432,
258588,
258822,
259057,
259213,
259526,
259682,
259838,
260151,
260385,
260541,
260776,
261010,
261166,
261401,
261713,
261869,
262182,
262338,
262494,
262651,
262963,
263119,
263432,
263588,
263822,
264135,
264291,
264526,
264760,
264916,
265151,
265385,
265541,
265776,
265932,
266088,
266322,
266557,
266713,
266947,
267104,
267260,
267416,
267572,
267807,
267963,
268197,
268432,
268588,
268901,
269057,
269291,
269526,
269682,
269916,
270151,
270307,
270463,
270697,
270932,
271088,
271244,
271557,
271713,
271947,
272260,
272416,
272651,
272807,
272963,
273276,
273432,
273666,
273901,
274057,
274369,
274526,
274838,
274994,
275151,
275385,
275619,
275776,
275932,
276244,
276557,
276713,
276869,
277026,
277338,
277494,
277651,
277885,
278119,
278354,
278588,
278901,
279135,
279369,
279760,
279994,
280151,
280463,
280619,
280854,
281088,
281322,
281557,
281869,
282104,
282494,
282651,
282963,
283197,
283432,
283666,
283901,
284369,
284526,
284760,
284994,
285229,
285541,
285854,
286166,
286401,
286635,
286869,
287026,
287260,
287494,
287651,
287807,
288041,
288276,
288432,
288588,
288822,
289057,
289213,
289526,
289682,
289916,
290151,
290307,
290541,
290776,
290932,
291088,
291244,
291557,
291713,
291947,
292182,
292494,
292651,
292963,
293119,
293354,
293588,
293901,
294057,
294291,
294526,
294682,
294994,
295151,
295307,
295463,
295697,
295932,
296166,
296401,
296557,
296713,
296947,
297104,
297260,
297416,
297572,
297729,
297963,
298197,
298588,
299057,
299291,
299682,
299994,
300229,
300463,
300697,
301088,
301401,
301635,
301869,
302104,
302338,
302651,
302963,
303119,
303354,
303588,
304057,
304213,
304526,
304760,
304916,
305151,
305385,
305619,
305854,
306088,
306401,
306557,
306713,
306869,
307026,
307182,
307338,
307494,
307651,
307963,
308588,
308901,
309213,
309838,
310151,
310307,
310776,
310932,
311244,
311557,
312338,
312651,
312963,
313119,
313588,
313901,
314213,
314369,
314526,
314838,
314994,
315463,
315619,
315932,
316088,
316401,
316713,
316869,
317338,
317651,
317885,
318276,
318588,
318744,
319135,
319369,
319682,
319838,
320151,
320463,
320697,
321088,
321401,
321635,
321869,
322026,
322260,
322494,
322651,
322963,
323119,
323276,
323588,
323744,
323979,
324213,
324526,
324838,
325072,
325307,
325619,
325854,
326088,
326401,
326557,
326713,
327026,
327182,
327416,
327572,
327807,
327963,
328197,
328588,
328822,
329213,
329526,
329760,
329916,
330151,
330385,
330541,
330697,
331010,
331166,
331401,
331713,
331869,
332104,
332260,
332494,
332651,
332885,
333041,
333197,
333510,
333666,
333901,
334213,
334369,
334526,
334682,
334838,
335072,
335229,
335463,
335619,
336244,
336869,
337026,
337338,
337494,
337651,
337807,
338041,
338276,
338588,
338744,
338901,
339135,
339369,
339526,
339682,
339838,
340072,
340229,
340463,
340619,
340776,
340932,
341088,
341322,
341557,
341713,
341869,
342260,
342494,
342651,
342807,
342963,
343119,
343276,
343432,
343588,
343744,
344057,
344213,
344447,
344604,
344760,
344916,
345151,
345541,
345854,
346088,
347338,
347494,
347651,
347963,
348119,
348432,
348666,
349057,
349369,
349604,
349994,
350307,
350541,
350776,
351088,
351322,
351557,
351791,
352026,
352338,
352494,
352729,
352963,
353276,
353588,
353744,
353979,
354213,
354447,
354760,
355151,
355307,
355619,
355932,
356166,
356401,
356557,
356713,
356869,
357104,
357260,
357416,
357572,
357729,
357963,
358276,
358432,
358666,
358901,
359057,
359213,
359526,
359760,
359994,
360151,
360307,
360463,
360697,
360932,
361166,
361557,
361713,
361947,
362260,
362572,
362807,
362963,
363276,
363588,
363744,
364213,
364369,
364604,
364838,
365072,
365307,
365463,
365776,
366010,
366244,
366557,
366869,
367104,
367260,
367416,
367572,
367807,
367963,
368197,
368432,
368588,
368822,
369135,
369369,
369604,
369760,
369994,
370151,
370463,
370619,
370776,
371088,
371244,
371401,
371557,
371791,
372026,
372182,
372416,
372572,
372885,
373119,
373276,
373432,
373666,
373901,
374057,
374213,
374604,
374838,
374994,
375307,
375463,
375776,
375932,
376244,
376557,
376713,
377026,
377182,
377338,
377651,
377963,
378119,
378432,
378666,
378901,
379135,
379526,
379760,
380151,
380307,
380619,
380854,
381244,
381479,
381713,
381947,
382104,
382338,
382572,
382807,
382963,
383197,
383432,
383666,
383901,
384135,
384369,
384526,
384838,
384994,
385307,
385541,
385776,
385932,
386166,
386401,
386869,
387026,
387260,
387494,
387651,
387885,
388119,
388276,
388588,
388822,
388979,
389213,
389447,
389604,
389838,
390072,
390229,
390463,
390697,
390854,
391088,
391244,
391401,
391713,
391947,
392104,
392338,
392494,
392651,
392963,
393197,
393354,
393588,
393744,
393901,
394213,
394369,
394604,
394838,
395151,
395463,
395776,
395932,
396088,
396322,
396479,
396869,
397026,
397182,
397338,
397494,
397651,
397885,
398197,
398510,
398744,
398979,
399213,
399369,
399604,
399838,
400151,
400463,
400697,
401010,
401401,
401635,
401869,
402104,
402260,
402416,
402651,
402963,
403276,
403588,
403822,
404213,
404526,
404838,
405151,
405385,
405776,
406010,
406244,
406479,
406791,
407026,
407182,
407338,
407494,
407651,
407885,
408041,
408276,
408510,
408744,
408901,
409057,
409291,
409526,
409682,
409838,
410151,
410307,
410619,
410776,
411010,
411244,
411401,
411557,
411791,
412026,
412182,
412416,
412729,
412963,
413197,
413432,
413588,
413744,
413979,
414135,
414369,
414526,
414760,
415151,
415307,
415932,
417026,
417182,
417338,
417494,
417651,
418276,
418901,
419369,
419682,
419994,
420463,
421401,
421869,
422026,
423276,
423901,
424369,
424526,
424994,
425463,
425619,
426401,
427026,
427182,
427651,
428276,
428588,
428744,
428901,
429213,
429682,
429994,
430151,
430463,
430619,
430776,
431401,
431713,
431869,
432026,
432260,
432416,
432572,
432807,
432963,
433276,
433588,
433901,
434213,
434526,
434838,
435072,
435229,
435463,
435697,
435854,
436088,
436322,
436479,
436713,
436947,
437104,
437338,
437494,
437651,
437963,
438276,
438432,
438588,
438901,
439057,
439213,
439526,
439760,
439916,
440151,
440307,
440463,
440776,
440932,
441088,
441244,
441401,
442026,
442182,
442651,
442807,
443119,
443276,
443432,
443744,
444057,
444213,
444369,
444682,
444916,
445151,
445463,
445619,
445776,
445932,
446088,
446244,
446557,
446713,
446869,
447026,
447338,
447572,
447807,
447963,
448119,
448354,
448588,
448744,
448979,
449135,
449369,
449526,
449682,
449838,
449994,
450307,
450463,
450697,
450932,
451635,
451869,
452026,
452182,
452338,
452651,
452807,
452963,
453276,
453588,
453744,
453901,
454057,
454291,
454682,
454838,
455151,
455385,
455541,
455697,
455854,
456088,
456401,
456713,
456869,
457026,
457338,
457572,
457729,
457963,
458197,
458354,
458588,
458744,
458901,
459213,
459447,
459604,
459838,
459994,
460151,
460385,
460619,
460932,
461635,
461869,
462026,
462338,
462651,
462963,
463197,
463354,
463588,
463744,
464057,
464447,
464604,
464838,
465072,
465229,
465463,
465619,
465932,
466088,
466244,
466557,
466713,
467026,
467260,
467416,
467651,
467807,
467963,
468119,
468354,
468588,
468901,
469057,
469213,
469369,
469682,
469838,
470072,
470229,
470463,
470619,
470932,
471166,
471401,
471557,
471713,
472026,
472182,
472338,
472572,
472729,
472963,
473119,
473276,
473588,
473901,
474057,
474213,
474447,
474682,
474838,
474994,
475151,
475463,
475619,
475854,
476088,
476244,
476401,
476557,
476791,
477026,
477182,
477338,
477651,
477963,
478276,
478588,
478901,
479213,
479369,
479526,
479838,
479994,
480151,
480463,
480619,
480776,
481088,
481322,
481479,
481713,
481869,
482026,
482338,
482494,
482651,
482963,
483276,
483588,
483901,
484135,
484291,
484526,
484838,
485151,
485463,
485776,
486010,
486166,
486401,
486713,
487026,
487182,
487338,
487494,
487651,
487963,
488276,
488510,
488666,
488901,
489213,
489526,
489838,
489994,
490151,
490307,
490541,
490697,
490854,
491010,
491244,
491557,
491869,
492182,
492338,
492494,
492963,
493119,
493354,
493588,
493744,
494057,
494291,
494526,
494838,
494994,
495151,
495385,
495619,
495776,
495932,
496166,
496401,
496557,
496713,
496869,
497104,
497338,
497494,
497651,
497807,
497963,
498276,
498588,
498744,
498901,
499057,
499213,
499526,
499682,
499838,
499994,
500151,
500463,
500619,
500776,
501088,
501322,
501557,
501713,
501947,
502182,
502338,
502651,
502963,
503432,
503588,
504057,
504213,
504526,
504994,
505307,
505463,
505619,
506088,
506401,
506713,
507026,
507494,
507807,
507963,
508588,
508744,
509213,
509369,
509526,
509838,
509994,
510307,
510463,
510776,
510932,
511713,
511869,
512026,
512260,
512494,
512807,
512963,
513276,
513510,
513744,
514057,
514213,
514369,
514682,
514838,
515072,
515229,
515463,
515776,
515932,
516088,
516244,
516557,
516713,
516869,
517182,
517338,
517494,
517807,
517963,
518119,
518432,
518588,
518744,
519057,
519213,
519369,
519682,
519838,
520072,
520229,
520463,
520619,
520776,
520932,
521635,
521869,
522182,
522494,
522729,
522963,
523119,
523354,
523510,
523666,
524057,
524213,
524447,
524682,
524838,
524994,
525307,
525463,
525776,
525932,
526088,
526322,
526557,
526713,
526869,
527182,
527494,
527807,
527963,
528276,
528432,
528588,
528744,
528901,
529213,
529526,
529760,
529916,
530151,
530463,
530619,
530776,
530932,
531088,
531401,
531557,
531713,
531869,
532026,
532338,
532494,
532963,
533119,
533588,
533901,
534057,
534369,
534526,
534682,
534838,
534994,
535307,
535463,
535619,
535776,
536010,
536244,
536635,
536869,
537026,
537338,
537651,
537807,
538041,
538276,
538432,
538744,
538901,
539135,
539369,
539604,
539916,
540151,
540385,
540619,
540932,
541166,
541479,
541713,
542182,
542338,
542494,
542963,
543119,
543354,
543588,
543822,
544057,
544291,
544526,
544760,
544994,
545463,
545619,
545854,
546088,
546244,
546401,
546635,
546791,
546947,
547104,
547338,
547494,
547651,
547807,
548041,
548276,
548588,
548979,
549447,
549682,
549994,
550229,
550463,
550776,
551088,
551401,
551635,
551869,
552104,
552338,
552494,
552651,
552807,
552963,
553432,
553588,
553901,
554057,
554213,
554447,
554682,
554838,
555151,
555307,
555463,
555776,
555932,
556088,
556401,
556557,
556713,
557026,
557338,
557494,
558276,
558744,
559213,
559369,
559526,
559760,
559994,
560151,
560307,
560541,
560776,
560932,
561244,
561401,
561557,
561713,
561947,
562338,
562494,
562807,
562963,
563119,
563432,
563744,
563979,
564291,
564526,
564682,
564994,
565229,
565463,
565697,
566166,
566401,
566713,
566947,
567182,
567338,
567494,
567651,
567807,
568119,
568588,
569135,
569447,
569682,
569994,
570307,
570463,
570697,
570932,
571244,
571557,
571713,
571869,
572182,
572494,
572651,
572807,
573041,
573276,
573588,
573744,
574135,
574291,
574526,
574838,
574994,
575307,
575541,
575776,
576010,
576322,
576635,
576869,
577026,
577338,
577494,
577807,
577963,
578197,
578432,
578588,
578744,
578979,
579291,
579526,
579682,
579838,
579994,
580307,
580463,
580619,
580776,
581088,
581244,
581557,
581713,
581869,
582182,
582416,
582572,
583041,
583276,
583510,
583744,
583979,
584135,
584682,
584838,
584994,
585307,
585463,
585619,
585854,
586088,
586401,
586713,
586869,
587104,
587338,
588197,
588744,
589057,
589213,
589369,
589838,
589994,
590463,
590619,
590776,
591088,
591244,
591713,
592026,
592182,
592494,
592651,
592963,
593276,
593432,
593744,
594213,
594526,
594838,
595151,
595463,
595776,
596088,
596244,
596713,
597182,
597338,
597651,
597963,
598119,
598588,
598901,
599057,
599213,
599604,
599838,
600151,
600385,
600697,
600854,
601088,
601401,
601713,
601869,
602026,
602182,
602338,
602572,
602729,
602963,
603119,
603432,
603666,
603822,
604135,
604291,
604447,
604604,
604838,
604994,
605151,
605463,
605697,
605854,
606088,
606322,
606479,
606713,
607026,
607182,
607416,
607572,
607807,
607963,
608119,
608354,
608510,
608744,
608901,
609135,
609369,
609526,
609682,
609838,
609994,
611401,
611557,
611869,
612182,
612494,
612651,
612885,
613119,
613276,
613510,
613822,
614057,
614369,
614526,
614760,
615072,
615307,
615463,
615619,
615854,
616010,
616322,
616557,
616713,
616869,
617026,
617260,
617416,
617651,
617963,
618119,
618588,
618901,
619213,
619369,
619604,
620072,
620307,
620463,
620619,
620776,
620932,
621713,
621869,
622026,
622182,
622338,
622651,
622885,
623041,
623276,
623432,
623588,
623822,
624057,
624213,
624369,
624526,
624682,
624838,
625151,
625307,
625463,
625619,
625776,
626088,
626244,
626401,
626713,
626869,
627026,
627260,
627494,
627651,
627885,
628041,
628276,
628432,
628588,
628744,
628901,
629135,
629291,
629526,
629760,
629916,
630151,
630307,
630463,
630619,
630776,
630932,
631088,
631635,
631869,
632026,
632338,
632651,
632963,
633119,
633276,
633510,
633666,
633901,
634213,
634369,
634526,
634760,
634994,
635151,
635307,
635463,
635776,
635932,
636166,
636401,
636713,
636869,
637651,
637807,
638041,
638276,
638432,
638666,
638822,
639213,
639447,
639682,
639838,
640151,
640385,
640619,
640932,
641088,
641557,
641713,
641869,
642026,
642182,
642338,

4 Column Long Note Times:
21244,
151244,
164994,
346244,
416244,
451244,
461244,
511244,
521244,
557651,
587494,
610151,
621088,
641244,
642494,

4 Column Release Times:
21401,
151401,
165151,
346869,
416713,
451401,
461401,
511401,
521401,
558119,
587963,
610776,
621557,
641401,
642963,

