Artist : hololive
Song Name : hololive song pack
Difficulty : 0
BPM : 190
Background Image : charts\hololive-hololive song pack\Kimagure Mercy - Nakiri Ayame x Nana Kagura.png
Audio : charts\hololive-hololive song pack\Kimagure Mercy - Nakiri Ayame x Nana Kagura.ogg

1 Column Hit Times:
3800,
4268,
4550,
5300,
5675,
6425,
6987,
7268,
7925,
9050,
9800,
9987,
10268,
11300,
11768,
12612,
12800,
14300,
14581,
15237,
15612,
15987,
16268,
16550,
17112,
17487,
18050,
18612,
19362,
20112,
20300,
20581,
21987,
22362,
24050,
24425,
24800,
26300,
26862,
27800,
27987,
28550,
29768,
30050,
30612,
30987,
31268,
31550,
32581,
33050,
33518,
34925,
35112,
35675,
36237,
37175,
37925,
39800,
40268,
40550,
40925,
41300,
41675,
42425,
42987,
43550,
44300,
44581,
45050,
45237,
46550,
46925,
47487,
48050,
48237,
48800,
49737,
50112,
50300,
50862,
51425,
51800,
51987,
52550,
53300,
54050,
54237,
55362,
57800,
58175,
58550,
59112,
60425,
61550,
61925,
62300,
62675,
63050,
64362,
64925,
65112,
65675,
65862,
66800,
67175,
68862,
69050,
69425,
70175,
70362,
70925,
71112,
71675,
72050,
72425,
72612,
73175,
74862,
75706,
76925,
77300,
78050,
78987,
79362,
79737,
80018,
80300,
82456,
85456,
87612,
87706,
88550,
90050,
92112,
92300,
92675,
93237,
95300,
95675,
96800,
97362,
97737,
98112,
99800,
100550,
101675,
102050,
102612,
102987,
103550,
103925,
104300,
105800,
105987,
106550,
107300,
107862,
108237,
108800,
111800,
112175,
112550,
113112,
114425,
115550,
115925,
116300,
116675,
117050,
118362,
118925,
119112,
119675,
119862,
120800,
121175,
122862,
123050,
124175,
124362,
124925,
125112,
125675,
126050,
126425,
126612,
127175,
128862,
129706,
130925,
131300,
132050,
133175,
133550,
133925,
134112,
136268,
136550,
137300,
137675,
138425,
138987,
139268,
139925,
140581,
141800,
141987,
142268,
143300,
143768,
144612,
144800,
146300,
146581,
147425,
147800,
147987,
149300,
149675,
149862,
150800,
151550,
152300,
152487,
153050,
153425,
153612,
154175,
154550,
155300,
155675,
156050,
162425,
162987,
163362,
163925,
164675,
165425,
166550,
166925,
167300,
167675,
168050,
169362,
169925,
170112,
170675,
170862,
171800,
172175,
173675,
173862,
175175,
175362,
175925,
176675,
177050,
177425,
177612,
178175,
179675,
181175,
182300,
182675,
182862,
184175,
184550,
184925,
185300,
186800,
187268,
187550,
187925,
188300,
188675,
189425,
189987,
190550,
191300,
191675,
192050,
192425,
192800,
193268,
193550,
193925,
194300,
194675,
195425,
195800,
196081,
196362,
196643,
196925,
197112,
197300,
198425,
198612,
198800,
199081,
199362,
199643,
199925,
200206,

1 Column Long Note Times:
4925,
5956,
6612,
8112,
9425,
10737,
13737,
14862,
18237,
20862,
23300,
25550,
27237,
28737,
30237,
31737,
33800,
34175,
36612,
38300,
38862,
41956,
43925,
45612,
46175,
52925,
54800,
55737,
57425,
59487,
60050,
60800,
61175,
63800,
66237,
67550,
67925,
73550,
73925,
75237,
76550,
78237,
81800,
83487,
84612,
86300,
90800,
93800,
99050,
99425,
100175,
101112,
104675,
105425,
106925,
109737,
110675,
111050,
111425,
113487,
114050,
114800,
115175,
117800,
120237,
121550,
121925,
123612,
127550,
127925,
129237,
130550,
132237,
135050,
136925,
137956,
138612,
140112,
140862,
142737,
145737,
146862,
156800,
157175,
158112,
158487,
158862,
159050,
164300,
165050,
165800,
166175,
168425,
168800,
171237,
172550,
172925,
174425,
174612,
178550,
178925,
180237,
180706,
181550,
183237,
188956,
190925,
194956,
200768,
201050,

1 Column Release Times:
5112,
6237,
6800,
8300,
9518,
10925,
13925,
15050,
18425,
21612,
23675,
25925,
27425,
28925,
30425,
31925,
33987,
34362,
36800,
38487,
39050,
42237,
44112,
45800,
46362,
53112,
55175,
56112,
57518,
59675,
60237,
60987,
61362,
64175,
66425,
67737,
68112,
73737,
74112,
75425,
76737,
78612,
81987,
83581,
84706,
87425,
91550,
94550,
99143,
99518,
100362,
101300,
104862,
105612,
107112,
109925,
110862,
111237,
111518,
113675,
114237,
114987,
115362,
118175,
120425,
121737,
122112,
123800,
127737,
128112,
129612,
130737,
132612,
135800,
137112,
138237,
138800,
140300,
141050,
142925,
145925,
147050,
156893,
157268,
158206,
158581,
158956,
159143,
164487,
165237,
165987,
166362,
168612,
169175,
171425,
172737,
173112,
174518,
174706,
178737,
179112,
180425,
180800,
181925,
183612,
189237,
191112,
195237,
200956,
201800,

2 Column Hit Times:
4175,
4550,
5393,
5675,
6800,
7175,
7550,
8300,
8487,
8675,
8862,
9050,
9800,
10175,
10925,
11300,
11675,
12425,
12800,
13175,
14675,
15143,
15425,
15706,
16175,
16550,
17675,
18050,
18425,
19081,
19643,
20112,
20862,
22925,
23675,
23862,
24800,
25175,
25550,
25925,
26581,
27050,
27800,
28175,
28550,
28925,
29487,
29675,
30050,
30425,
31175,
31550,
33050,
33425,
33706,
34550,
35300,
35862,
36800,
37175,
37550,
37737,
39050,
39987,
40925,
41675,
42050,
42612,
43175,
43550,
44581,
45143,
45331,
45800,
45987,
46550,
47675,
48425,
48800,
49175,
49925,
50487,
51050,
51800,
52175,
53300,
53487,
54425,
54800,
55175,
55362,
56487,
57237,
57800,
58175,
58550,
58737,
59300,
59675,
59862,
60425,
61925,
62300,
63050,
63800,
64175,
64550,
64737,
65675,
66050,
66425,
67175,
67550,
68487,
68675,
69050,
69518,
70550,
70737,
71675,
72800,
73925,
74300,
74487,
74862,
75612,
76175,
76550,
77112,
77300,
77675,
78237,
78612,
79175,
79550,
79925,
80112,
82175,
82550,
85175,
85550,
87800,
88550,
89300,
89675,
90050,
90425,
90800,
91550,
92487,
93050,
93425,
93612,
93800,
94550,
96050,
97550,
98206,
99987,
100737,
101300,
101487,
102050,
102425,
102800,
103175,
103737,
104487,
104862,
105237,
105800,
106175,
106925,
107300,
107487,
108050,
108800,
111800,
112175,
112550,
112737,
113300,
113675,
113862,
114425,
115925,
116300,
117050,
117800,
118175,
118550,
118737,
119675,
120050,
120425,
121175,
121550,
122487,
122675,
123050,
123800,
123987,
124175,
124550,
124737,
125675,
126800,
127925,
128300,
128487,
128862,
129612,
130175,
130550,
131112,
131300,
131675,
132237,
132612,
133175,
133550,
133925,
134206,
135800,
136175,
136550,
137393,
137675,
138800,
139175,
139550,
140300,
141050,
141800,
142175,
142925,
143300,
143675,
144425,
144800,
145175,
146675,
147237,
147800,
148550,
149300,
149487,
150050,
150425,
150612,
151175,
151362,
151925,
152112,
153425,
153800,
154925,
155675,
156050,
156425,
162800,
163175,
163550,
163737,
163925,
164675,
165425,
166925,
167300,
167675,
168050,
168800,
169175,
169550,
169737,
170675,
171050,
171425,
172175,
172550,
173675,
174050,
174893,
175081,
175550,
175737,
176675,
177800,
178925,
179300,
179675,
179862,
180800,
180987,
181175,
181362,
181550,
182300,
182862,
183050,
183237,
183612,
183987,
184362,
184737,
185018,
185300,
186987,
187925,
188675,
189050,
189612,
190175,
190550,
192237,
192612,
192800,
192987,
193925,
194675,
195050,
195612,
196362,
196925,
197300,
197581,
198143,
198518,
198800,
199362,
199925,
200112,
201050,
201800,

2 Column Long Note Times:
6237,
7737,
10456,
11956,
13456,
13925,
14300,
16925,
21800,
22175,
27425,
31925,
32675,
36425,
38487,
39612,
40456,
44300,
44862,
47112,
51425,
52362,
56112,
56862,
60987,
61362,
65300,
67737,
68112,
69893,
70081,
71300,
72237,
72987,
73362,
75800,
83956,
84331,
96800,
98862,
106362,
109362,
110487,
110862,
111237,
114987,
115362,
119300,
121737,
122112,
123425,
125300,
126237,
126987,
127362,
129800,
138237,
139737,
140675,
141425,
142456,
143956,
145456,
145925,
146300,
154362,
155112,
156800,
157175,
157550,
157737,
158862,
159050,
165987,
166362,
168237,
170300,
172737,
173112,
176300,
177237,
177987,
178362,
180612,
187456,
191675,
193456,
200487,

2 Column Release Times:
6425,
7925,
10737,
12237,
13737,
14112,
14487,
17112,
21987,
22362,
27612,
32112,
32862,
36612,
38862,
39800,
40737,
44487,
45050,
47300,
51612,
52550,
56300,
57050,
61175,
61550,
65487,
67925,
68300,
69987,
70175,
71487,
72425,
73175,
73550,
75987,
84050,
84425,
97362,
99050,
106550,
109737,
110675,
111050,
111425,
115175,
115550,
119487,
121925,
122300,
123612,
125487,
126425,
127175,
127550,
129987,
138425,
139925,
140862,
141612,
142737,
144237,
145737,
146112,
146487,
154550,
155300,
156893,
157268,
157643,
157831,
158956,
159143,
166175,
166550,
168425,
170487,
172925,
173300,
176487,
177425,
178175,
178550,
180706,
187737,
191862,
193737,
200675,

3 Column Hit Times:
3987,
5487,
6050,
7175,
10175,
10550,
11675,
12050,
13175,
13550,
13925,
15050,
15425,
15800,
16175,
16925,
17300,
17675,
18800,
19925,
20300,
20581,
22550,
22925,
23112,
25175,
26300,
26675,
28175,
29300,
29675,
30800,
31175,
31925,
32675,
33237,
33425,
33987,
34362,
34925,
35487,
36050,
36800,
37362,
38112,
38675,
40175,
40550,
41112,
41487,
42800,
43175,
43925,
45518,
47300,
47675,
48050,
49175,
49550,
49925,
50300,
51237,
51612,
52925,
53675,
53862,
54050,
54612,
54800,
57987,
58362,
58925,
59112,
59675,
60800,
61175,
62675,
63800,
64175,
64550,
65112,
66425,
66612,
67925,
68300,
68862,
69612,
70175,
70925,
72425,
73175,
73550,
74675,
75518,
75800,
76925,
77487,
77862,
78050,
80206,
82268,
82831,
84987,
85268,
85831,
87800,
88550,
90050,
90800,
91550,
92112,
92300,
92487,
92675,
93050,
93237,
93518,
93706,
94550,
95300,
95675,
96050,
96800,
97362,
97550,
97737,
98206,
99800,
100175,
101675,
101862,
102425,
103175,
103550,
104112,
104300,
105050,
105612,
107675,
108050,
108425,
108612,
108800,
111987,
112362,
112925,
113112,
113675,
114800,
115175,
116675,
117800,
118175,
118550,
119112,
120425,
120612,
121925,
122300,
122862,
123893,
124081,
124925,
126425,
127175,
127550,
128675,
129518,
129800,
130925,
131487,
131862,
132050,
134300,
135987,
137487,
138050,
139175,
140675,
141237,
142175,
142550,
143675,
144050,
145175,
145550,
145925,
147050,
147425,
147800,
148175,
148362,
148925,
149112,
150800,
150987,
152300,
153050,
153237,
153800,
154175,
154550,
155300,
156425,
163925,
164112,
164862,
165800,
166175,
167675,
169175,
169550,
169925,
171425,
171612,
172925,
173300,
173675,
174800,
174987,
175175,
175925,
176112,
177425,
178175,
178550,
179675,
180050,
180800,
181175,
181550,
181925,
182112,
182487,
182675,
183050,
183237,
183612,
184175,
184550,
184925,
185112,
185300,
186800,
187175,
187550,
188112,
188487,
189800,
190175,
190925,
192518,
192706,
193175,
193550,
194112,
194487,
195800,
196081,
196643,
197862,
198425,
198800,
199081,
199362,
199643,
200018,
201050,
201800,

3 Column Long Note Times:
4737,
5112,
6425,
7456,
10925,
12425,
14675,
16456,
17956,
18425,
24237,
24612,
27612,
28456,
28925,
30425,
32300,
36237,
39237,
42237,
43456,
44675,
46362,
46925,
50675,
53112,
55737,
57425,
60237,
61737,
62112,
62862,
65487,
66987,
67362,
69237,
69800,
69987,
71487,
72050,
73737,
74112,
75237,
76550,
78612,
83300,
83675,
84050,
86300,
98675,
100362,
100925,
107112,
109925,
111425,
114237,
115737,
116112,
116862,
119487,
120987,
121362,
123237,
125487,
126050,
127737,
128112,
130550,
132612,
136737,
137112,
138425,
139456,
140300,
141612,
142925,
144425,
146675,
155862,
156800,
157175,
157550,
157737,
158112,
158487,
162800,
163175,
164487,
165237,
166737,
167112,
167862,
168612,
170487,
171987,
172362,
174237,
176487,
177050,
178737,
179112,
180518,
189237,
190456,
191300,
191862,
195237,
200487,
200768,

3 Column Release Times:
4925,
5300,
6612,
7737,
11112,
12612,
14862,
16737,
18237,
18612,
24425,
24800,
27800,
28737,
29112,
30612,
32487,
36425,
39612,
42425,
43737,
44862,
46550,
47112,
50862,
53300,
56112,
57518,
60425,
61925,
62300,
63237,
65675,
67175,
67550,
69425,
69893,
70081,
71675,
72237,
73925,
74300,
75425,
76737,
79925,
83393,
83768,
84143,
86675,
98862,
100550,
101112,
107300,
110112,
111518,
114425,
115925,
116300,
117237,
119675,
121175,
121550,
123425,
125675,
126237,
127925,
128300,
130737,
133925,
136925,
137300,
138612,
139737,
140487,
141800,
143112,
144612,
146862,
156050,
156893,
157268,
157643,
157831,
158206,
158581,
162987,
163362,
164675,
165425,
166925,
167300,
168237,
168800,
170675,
172175,
172550,
174425,
176675,
177237,
178925,
179300,
180612,
189425,
190737,
191487,
192050,
195425,
200675,
200956,

4 Column Hit Times:
3800,
4175,
4925,
5300,
5768,
6050,
6800,
7550,
8300,
8487,
8675,
8862,
9050,
9800,
10550,
11112,
11487,
12050,
12987,
13268,
13550,
14112,
14581,
15050,
15518,
15800,
17300,
17768,
18800,
19081,
19362,
19643,
19925,
20300,
20581,
21800,
22175,
22550,
22737,
23300,
23675,
24050,
24987,
25362,
25925,
26112,
26675,
27050,
27800,
28268,
29112,
29300,
30800,
32112,
32300,
32581,
33612,
33800,
34175,
34550,
34737,
35300,
35675,
36050,
36425,
36987,
37550,
37925,
38300,
38675,
39050,
39800,
40175,
41300,
41768,
42050,
42800,
43268,
44112,
44675,
45050,
45425,
45800,
46175,
46737,
47300,
47862,
48425,
48612,
48987,
49362,
49550,
50675,
51050,
51800,
52550,
52737,
53300,
53675,
54425,
54612,
55175,
56112,
56862,
58737,
58925,
59675,
60050,
60425,
60612,
61175,
62487,
64737,
64925,
65300,
65675,
66425,
67925,
68300,
68487,
69706,
70175,
70550,
70925,
71300,
71675,
71862,
72425,
73925,
74300,
74487,
75050,
75425,
76175,
77300,
77675,
78050,
78612,
79175,
79550,
79925,
80300,
81987,
83112,
86112,
87425,
87518,
89300,
89675,
90425,
91550,
92487,
93050,
93800,
94550,
96050,
97550,
98206,
100550,
100925,
101300,
102237,
102800,
103362,
103925,
104675,
105050,
105425,
105800,
106550,
106737,
107300,
107675,
108425,
108612,
112737,
112925,
113675,
114050,
114425,
114612,
115175,
116487,
118737,
118925,
119300,
119675,
120425,
121925,
122300,
122487,
124175,
124550,
124925,
125300,
125675,
125862,
126425,
127925,
128300,
128487,
129050,
129425,
130175,
131300,
131675,
132050,
132612,
132987,
133362,
133737,
134018,
134300,
135800,
136175,
136925,
137300,
137768,
138050,
138800,
139550,
140581,
141050,
141800,
142550,
143112,
143487,
144050,
144987,
145268,
145550,
146112,
146581,
147050,
147612,
148550,
148737,
149300,
150050,
150237,
150800,
151550,
151737,
152300,
152675,
152862,
153800,
154550,
154925,
155300,
156050,
162800,
163175,
163550,
164300,
164675,
165050,
165425,
165612,
166175,
167487,
168800,
169925,
170300,
170675,
171425,
172925,
173300,
173487,
174050,
175175,
175550,
175925,
176300,
176675,
176862,
177425,
178925,
179300,
179487,
180050,
182300,
182487,
182675,
183050,
185206,
186800,
187175,
188300,
188768,
189050,
189800,
190268,
191112,
191581,
192050,
192425,
192800,
193175,
194300,
194768,
195050,
195800,
196925,
197112,
197300,
197581,
197862,
198143,
198425,
198612,
199081,
199643,
199925,

4 Column Long Note Times:
4456,
7925,
9425,
12237,
16737,
20862,
24425,
29956,
31456,
32862,
40737,
42425,
43737,
52175,
55362,
56487,
57237,
57800,
58175,
59300,
61550,
61925,
63237,
64175,
66050,
66800,
67175,
72800,
73175,
75800,
83768,
84800,
87800,
98487,
99237,
99612,
106175,
110112,
111800,
112175,
113300,
115550,
115925,
117237,
118175,
120050,
120800,
121175,
126800,
127175,
129800,
136456,
139925,
144237,
156612,
157550,
157737,
158112,
158487,
158862,
159050,
161300,
161675,
162050,
166550,
166925,
168237,
169175,
171050,
171800,
172175,
174518,
174706,
177800,
178175,
180425,
180800,
183612,
187737,
189425,
190737,
193737,
195425,
200487,
200768,
201050,

4 Column Release Times:
4737,
8112,
9518,
12425,
16925,
21612,
24612,
30237,
31737,
33050,
40925,
42612,
43925,
52362,
55737,
56675,
57425,
57987,
58362,
59487,
61737,
62112,
63612,
64362,
66237,
66987,
67362,
72987,
73362,
75987,
83862,
84987,
88550,
98675,
99331,
99706,
106362,
111425,
111987,
112362,
113487,
115737,
116112,
117612,
118362,
120237,
120987,
121362,
126987,
127362,
129987,
136737,
140112,
144425,
156800,
157643,
157831,
158206,
158581,
158956,
159143,
161393,
161768,
162143,
166737,
167112,
168612,
169362,
171237,
171987,
172362,
174612,
174800,
177987,
178362,
180518,
181175,
184925,
187925,
189612,
190925,
193925,
195612,
200675,
200956,
201800,

