Artist : hololive
Song Name : hololive song pack
Difficulty : 0
BPM : 190
Background Image : charts\hololive-hololive song pack\KING - Gawr Gura x Calliope Mori.png
Audio : charts\hololive-hololive song pack\KING - Gawr Gura x Calliope Mori.ogg

1 Column Hit Times:
5074,
5255,
5436,
6158,
6339,
7243,
7514,
7785,
7966,
8101,
8237,
8508,
8689,
9050,
9231,
9411,
9592,
9773,
9954,
10134,
10225,
10405,
10676,
10857,
10993,
11219,
11490,
11942,
12122,
12303,
13026,
13387,
13568,
13749,
13884,
14110,
14291,
14472,
15014,
15737,
15917,
16189,
16460,
17002,
17182,
17544,
17725,
18086,
18267,
18809,
19170,
19893,
20436,
20616,
21339,
21701,
22062,
22785,
22966,
23146,
23508,
23689,
24050,
24592,
24773,
25676,
26038,
26399,
26761,
26942,
27845,
28026,
28478,
29201,
29923,
30195,
30737,
30917,
31369,
32092,
32363,
33538,
33628,
33809,
34261,
34532,
34984,
35707,
35978,
36158,
36429,
36520,
36701,
36881,
37062,
37243,
37423,
37604,
37785,
37966,
38146,
38327,
38463,
38598,
38734,
38869,
39050,
39186,
39321,
39457,
39592,
41219,
41580,
41942,
43207,
43387,
43658,
43749,
43929,
44110,
44291,
44472,
44833,
45104,
45375,
45556,
45917,
46098,
46460,
46640,
47002,
47363,
47544,
47679,
47905,
48086,
48267,
48448,
48809,
49170,
49442,
49532,
49713,
49893,
50255,
50616,
50887,
51158,
51881,
52062,
52333,
52423,
52604,
53869,
53960,
54457,
55315,
55676,
56219,
56399,
56580,
57032,
57122,
57303,
57439,
58613,
58749,
58929,
59110,
59246,
59381,
59562,
59652,
59833,
60240,
61098,
61460,
62002,
62182,
62363,
62815,
62905,
63086,
63222,
64351,
64532,
64713,
64893,
65029,
65255,
65436,
65661,
65752,
65797,
67243,
67423,
67604,
67785,
68689,
68869,
69050,
69773,
69954,
70857,
71128,
71399,
71580,
71716,
71851,
72122,
72303,
72664,
72845,
73026,
73207,
73387,
73568,
73749,
73839,
74020,
74291,
74472,
74607,
74833,
75104,
75556,
75737,
75917,
76640,
77002,
77182,
77363,
77499,
77725,
77905,
78086,
78628,
79351,
79532,
79803,
80074,
81972,
82062,
82243,
84592,
84682,
84954,
87484,
87574,
87755,
87845,
88026,
88929,
89110,
89291,
89675,
89856,
90036,
90375,
90646,
90917,
91098,
92363,
92815,
92905,
93086,
93448,
95255,
95616,
95797,
96701,
96836,
97062,
98598,
98689,
98869,
101038,
101490,
101580,
101761,
103026,
103116,
103613,
104472,
104833,
105375,
105556,
105737,
106189,
106279,
106460,
106595,
107770,
107905,
108086,
108267,
108402,
108538,
108719,
108809,
108990,
109396,
110255,
110616,
111158,
111339,
111520,
111972,
112062,
112243,
112378,
113508,
113689,
113869,
114050,
114186,
114411,
114592,
114818,
114908,
114954,
116399,
116580,
116761,
116942,
117845,
118026,
118207,
118387,
118929,
119110,
119291,
119472,
119652,
119788,
120014,
120285,
120375,
120556,
120646,
120782,
120917,
122182,
122363,
122544,
122725,
122905,
122996,
123131,
123267,
123538,
123628,
123990,
124351,
124713,
125255,
125616,
125797,
126068,
126339,
126701,
126881,
127062,
127423,
127604,
127785,
127966,
128327,
128508,
128689,
129050,
129231,
129773,
130134,
130496,
131219,
131580,
131942,
134110,
134472,
134833,

1 Column Long Note Times:
3086,
3448,
3809,
4170,
5797,
6610,
6791,
8869,
11670,
12664,
12845,
14743,
15195,
16640,
18448,
19532,
20978,
22423,
24231,
25315,
27122,
27484,
28207,
28929,
29652,
30375,
31098,
31821,
32544,
32725,
32905,
33086,
33267,
33990,
34713,
35436,
39773,
40676,
42303,
52785,
53146,
53508,
54231,
54592,
54954,
55496,
55857,
56761,
57664,
58026,
58387,
60014,
60375,
60737,
61279,
61640,
62544,
63448,
63809,
64170,
66158,
67966,
69411,
70225,
70405,
72484,
75285,
76279,
76460,
78357,
78809,
80255,
80436,
80616,
80797,
82604,
82966,
83146,
83327,
83508,
83689,
83869,
84050,
84231,
85315,
85496,
85676,
86761,
86942,
87122,
88568,
88749,
91279,
91460,
91640,
91821,
92544,
93267,
93628,
93990,
94261,
94532,
94713,
95074,
96158,
96520,
96881,
97243,
97423,
97604,
97966,
98327,
99050,
99411,
99773,
100044,
100315,
100496,
101219,
101942,
102303,
102664,
103387,
103749,
104110,
104652,
105014,
105917,
106821,
107182,
107544,
109170,
109532,
109893,
110436,
110797,
111701,
112604,
112966,
113327,
115315,
117122,
118568,
121098,
121460,
121821,
122002,
129411,
132303,
133207,

1 Column Release Times:
3222,
3673,
4125,
5029,
5887,
6701,
6881,
8960,
11761,
12755,
12936,
14833,
15556,
16821,
18628,
19713,
21158,
22604,
24411,
25496,
27303,
27664,
28297,
29020,
29743,
30646,
31189,
31911,
32634,
32815,
32996,
33176,
33357,
34080,
34803,
35526,
40044,
40722,
42393,
52966,
53327,
53689,
54411,
54908,
55270,
55631,
56173,
56851,
57710,
58071,
58432,
60195,
60692,
61053,
61414,
61957,
62634,
63493,
63854,
64216,
66204,
68327,
69502,
70315,
70496,
72574,
75375,
76369,
76550,
78448,
79170,
80345,
80526,
80707,
80887,
82695,
83056,
83237,
83417,
83598,
83779,
83960,
84140,
84411,
85405,
85586,
85857,
86851,
87032,
87303,
88658,
88839,
91369,
91550,
91731,
91911,
92634,
93357,
93719,
94080,
94351,
94622,
94803,
95164,
96249,
96610,
96972,
97333,
97514,
97695,
98056,
98417,
99140,
99502,
99863,
100134,
100405,
100586,
101309,
102122,
102484,
102845,
103568,
104065,
104426,
104788,
105330,
106008,
106866,
107228,
107589,
109351,
109848,
110210,
110571,
111113,
111791,
112649,
113011,
113372,
115360,
117484,
118658,
121189,
121550,
121911,
122092,
129592,
132664,
133387,

2 Column Hit Times:
5119,
5255,
5436,
5616,
6881,
7062,
7243,
7423,
7604,
7785,
7966,
8056,
8327,
8508,
8689,
9457,
9637,
9773,
10134,
10270,
10451,
10586,
10857,
10948,
11128,
11399,
12303,
12484,
12664,
13116,
13297,
13568,
13749,
13839,
14020,
14291,
14472,
14833,
15104,
15285,
15556,
15827,
16008,
16279,
16460,
16640,
17002,
17363,
17634,
17905,
18357,
18628,
18990,
19170,
19532,
19893,
20074,
20255,
20526,
20797,
20978,
21158,
22243,
22423,
22604,
22875,
23056,
23869,
24411,
24592,
24954,
25315,
25676,
25857,
26038,
26399,
26761,
26942,
27484,
28026,
28568,
29291,
30014,
30375,
31460,
32182,
33538,
33809,
34351,
35074,
35797,
36158,
36339,
36520,
36972,
37243,
37514,
37695,
37966,
38237,
38327,
38417,
38689,
38869,
39050,
39140,
39411,
39592,
41219,
41580,
41942,
42664,
43026,
43387,
43658,
43929,
44110,
44472,
44652,
45556,
45917,
46279,
46460,
46550,
46821,
47002,
47363,
47544,
47679,
48086,
48267,
48990,
49170,
49442,
49713,
50074,
50436,
50616,
50887,
51158,
51339,
51701,
51881,
52243,
52423,
52604,
53869,
53960,
54502,
55270,
55676,
55948,
56128,
56399,
57122,
57258,
57393,
57484,
57845,
58207,
58568,
58658,
58794,
58929,
59065,
59201,
59291,
59472,
59652,
60285,
61053,
61460,
61731,
61911,
62182,
62905,
63041,
63176,
63267,
63628,
63990,
64351,
64577,
64713,
64984,
65074,
65300,
65436,
65661,
65752,
65797,
67243,
67423,
67604,
67785,
68734,
68869,
69050,
69231,
70496,
70676,
70857,
71038,
71219,
71399,
71580,
71670,
71942,
72122,
72303,
73071,
73252,
73387,
73749,
73884,
74065,
74201,
74472,
74562,
74743,
75014,
75917,
76098,
76279,
76731,
76911,
77182,
77363,
77454,
77634,
77905,
78086,
78448,
78719,
78899,
79170,
79442,
79622,
79893,
80074,
81701,
81791,
81972,
82062,
82243,
84592,
84682,
84863,
84954,
85134,
87755,
87845,
88026,
88929,
89110,
89291,
89472,
89675,
89856,
90036,
90375,
90466,
90646,
90737,
90917,
91098,
91279,
92815,
93086,
93809,
94170,
94442,
95616,
95707,
95978,
96339,
96701,
96836,
97062,
98146,
98598,
98869,
99231,
99592,
101038,
101399,
101580,
101761,
103026,
103116,
103658,
104426,
104833,
105104,
105285,
105556,
106279,
106414,
106550,
106640,
107002,
107363,
107725,
107815,
107951,
108086,
108222,
108357,
108448,
108628,
108809,
109442,
110210,
110616,
110887,
111068,
111339,
112062,
112198,
112333,
112423,
112785,
113146,
113508,
113734,
113869,
114140,
114231,
114457,
114592,
114818,
114908,
114954,
116399,
116580,
116761,
116942,
117890,
118026,
118207,
118342,
119336,
119472,
119652,
119743,
119923,
120104,
120285,
120556,
120737,
120827,
121008,
122228,
122408,
122544,
122725,
122905,
123041,
123176,
123267,
123448,
123628,
123990,
124170,
124351,
124532,
125436,
125616,
125978,
126158,
128146,
128508,
128869,
129231,
134110,
134472,
134833,

2 Column Long Note Times:
2905,
4713,
5887,
6158,
6520,
6701,
8960,
11580,
11942,
12755,
12936,
14652,
21791,
21972,
27664,
28207,
28387,
28749,
28929,
29110,
29472,
29652,
29833,
30195,
30646,
31098,
31279,
31640,
31821,
32002,
32363,
32905,
33086,
33267,
33990,
34170,
34532,
34713,
34893,
35255,
35436,
35616,
35978,
36701,
39773,
40496,
41038,
42303,
52785,
53508,
54231,
54592,
54954,
55496,
56580,
56761,
56942,
60014,
60375,
60737,
61279,
62363,
62544,
62725,
66339,
66881,
68327,
69502,
69773,
70134,
70315,
72574,
75195,
75556,
76369,
76550,
78267,
80255,
80436,
80616,
80797,
80978,
81158,
81339,
82423,
82604,
82785,
82966,
83869,
84050,
84231,
85315,
85496,
86038,
86219,
86399,
86580,
86761,
86942,
87122,
88207,
88387,
88568,
88749,
91460,
91640,
91821,
92182,
92544,
93267,
93628,
94713,
95074,
95436,
96158,
96520,
97243,
97423,
97604,
98327,
99773,
100044,
100315,
100496,
100857,
101942,
102664,
103387,
103749,
104110,
104652,
105737,
105917,
106098,
109170,
109532,
109893,
110436,
111520,
111701,
111881,
115496,
116038,
117484,
118658,
118929,
121279,
121460,
121640,
121821,
124893,
126339,
129411,
130857,
131399,
131761,
132122,
132845,
133568,

2 Column Release Times:
2996,
4893,
5978,
6339,
6610,
6791,
9050,
11670,
12122,
12845,
13026,
14743,
21881,
22062,
27845,
28297,
28478,
28839,
29020,
29201,
29562,
29743,
29923,
30285,
30917,
31189,
31369,
31731,
31911,
32092,
32454,
32996,
33176,
33357,
34080,
34261,
34622,
34803,
34984,
35345,
35526,
35707,
36068,
36881,
39954,
40541,
41083,
42393,
52966,
53689,
54457,
54908,
55225,
55631,
56670,
56851,
57032,
60240,
60692,
61008,
61414,
62454,
62634,
62815,
66384,
66926,
68643,
69592,
69954,
70225,
70405,
72664,
75285,
75737,
76460,
76640,
78357,
80345,
80526,
80707,
80887,
81068,
81249,
81520,
82514,
82695,
82875,
83056,
83960,
84140,
84411,
85405,
85586,
86128,
86309,
86490,
86670,
86851,
87032,
87303,
88297,
88478,
88658,
88839,
91550,
91731,
91911,
92273,
92634,
93357,
93719,
94803,
95164,
95526,
96249,
96610,
97333,
97514,
97695,
98417,
99863,
100134,
100405,
100586,
100948,
102122,
102845,
103613,
104065,
104381,
104788,
105827,
106008,
106189,
109396,
109848,
110164,
110571,
111610,
111791,
111972,
115541,
116083,
117800,
118749,
119110,
121369,
121550,
121731,
121911,
125255,
127966,
129773,
131219,
131580,
131942,
132303,
133026,
133749,

3 Column Hit Times:
5074,
5164,
5436,
5616,
5797,
6520,
6701,
7243,
7423,
7604,
7875,
8011,
8146,
8327,
8508,
9411,
9547,
9728,
9863,
10044,
10179,
10360,
10496,
10767,
10902,
11038,
11219,
11399,
11580,
11942,
12845,
13026,
13207,
13387,
13658,
13794,
13929,
14110,
15195,
15466,
15646,
16640,
16911,
17182,
17363,
17725,
17905,
18086,
18448,
18809,
19080,
19351,
19532,
19803,
20074,
20255,
20616,
20978,
21339,
22062,
22243,
22785,
23146,
23508,
23689,
23869,
24050,
24231,
24502,
24954,
25315,
25586,
25857,
26219,
26580,
27122,
27393,
27845,
28207,
29652,
30375,
30556,
30737,
31821,
33538,
33990,
34713,
35436,
36881,
37152,
37333,
37604,
37875,
38056,
38327,
38508,
38689,
38779,
39050,
39231,
39411,
39502,
41219,
41580,
41942,
42664,
43026,
43207,
43387,
43568,
43658,
43929,
44291,
44652,
44833,
45104,
45375,
45556,
45917,
46098,
46279,
46550,
46821,
47182,
47634,
47725,
47905,
48448,
48809,
48990,
49351,
49532,
49893,
50074,
50255,
50436,
50616,
50887,
51158,
51339,
51701,
52062,
52243,
52333,
52695,
53914,
54005,
54547,
54773,
55225,
55676,
56038,
56219,
56761,
57122,
57213,
57348,
57484,
57845,
58207,
58568,
58704,
58839,
58929,
59020,
59155,
59291,
59833,
60330,
60556,
61008,
61460,
61821,
62002,
62544,
62905,
62996,
63131,
63267,
63628,
63990,
64442,
64622,
64713,
64939,
65074,
65345,
65436,
65616,
65707,
65797,
67243,
67423,
67604,
67785,
68689,
68779,
69050,
69231,
69411,
70134,
70315,
70857,
71038,
71219,
71490,
71625,
71761,
71942,
72122,
73026,
73161,
73342,
73478,
73658,
73794,
73975,
74110,
74381,
74517,
74652,
74833,
75014,
75195,
75556,
76460,
76640,
76821,
77002,
77273,
77408,
77544,
77725,
78809,
79080,
79261,
81701,
81791,
81972,
82062,
82243,
84592,
84682,
84863,
84954,
85134,
87484,
87574,
87845,
88952,
89133,
89314,
89472,
89652,
89833,
90014,
90375,
90466,
90646,
90737,
90917,
91098,
91279,
91460,
92363,
92725,
92815,
93086,
93448,
93809,
95255,
95707,
95978,
96429,
96791,
97152,
97333,
97514,
98146,
98508,
98689,
99231,
99592,
101399,
101490,
101851,
103071,
103161,
103704,
103929,
104381,
104833,
105195,
105375,
105917,
106279,
106369,
106505,
106640,
107002,
107363,
107725,
107860,
107996,
108086,
108176,
108312,
108448,
108990,
109487,
109713,
110164,
110616,
110978,
111158,
111701,
112062,
112152,
112288,
112423,
112785,
113146,
113598,
113779,
113869,
114095,
114231,
114502,
114592,
114773,
114863,
114954,
116399,
116580,
116761,
116942,
117845,
117936,
118207,
118297,
118387,
118568,
119291,
119381,
119562,
119698,
119833,
120014,
120195,
120375,
120646,
120737,
120872,
122182,
122318,
122499,
122634,
122815,
122951,
123086,
123267,
123448,
123628,
124170,
124532,
124713,
126520,
126881,
127243,
127604,
132664,
133026,
133387,

3 Column Long Note Times:
2725,
4713,
6068,
6881,
7062,
8779,
9050,
11761,
12393,
12574,
14472,
14833,
15917,
21701,
21881,
26761,
28387,
28568,
28749,
29110,
29291,
29472,
29833,
30014,
30195,
30917,
31279,
31460,
31640,
32002,
32182,
32363,
32544,
32725,
33267,
33628,
34170,
34351,
34532,
34893,
35074,
35255,
35616,
35797,
35978,
36429,
39773,
40315,
40857,
42303,
53146,
54231,
54954,
55315,
55857,
56399,
56580,
56942,
57664,
58026,
58387,
59472,
60014,
60737,
61098,
61640,
62182,
62363,
62725,
63448,
63809,
64170,
66520,
67062,
68327,
69682,
70496,
70676,
72393,
72664,
75375,
76008,
76189,
78086,
78448,
79532,
80255,
80436,
80616,
80797,
80978,
81158,
81339,
82423,
82604,
82785,
82966,
83146,
83327,
83508,
83689,
85315,
85676,
86038,
86219,
86399,
86580,
86761,
86942,
87122,
88207,
88387,
88568,
88749,
91640,
91821,
92182,
92544,
93990,
94261,
94532,
94713,
95074,
95436,
96881,
97604,
97966,
99050,
99411,
99773,
100044,
100315,
100496,
100857,
101219,
102303,
103387,
104110,
104472,
105014,
105556,
105737,
106098,
106821,
107182,
107544,
108628,
109170,
109893,
110255,
110797,
111339,
111520,
111881,
112604,
112966,
113327,
115676,
116219,
117484,
118839,
121098,
121279,
121460,
121640,
122002,
124893,
127966,
129954,
130315,
130676,
133749,
134291,
135014,

3 Column Release Times:
2770,
4893,
6158,
6972,
7152,
8869,
9231,
11851,
12484,
12664,
14562,
15014,
16279,
21791,
21972,
26942,
28478,
28658,
28839,
29201,
29381,
29562,
29923,
30104,
30285,
31098,
31369,
31550,
31731,
32092,
32273,
32454,
32634,
32815,
33357,
33719,
34261,
34442,
34622,
34984,
35164,
35345,
35707,
35887,
36068,
36701,
39863,
40360,
40902,
42393,
53327,
54502,
55179,
55631,
55993,
56490,
56670,
57032,
57755,
58116,
58478,
59652,
60285,
60963,
61414,
61776,
62273,
62454,
62815,
63538,
63899,
64261,
66565,
67107,
68643,
69773,
70586,
70767,
72484,
72845,
75466,
76098,
76279,
78176,
78628,
79893,
80345,
80526,
80707,
80887,
81068,
81249,
81520,
82514,
82695,
82875,
83056,
83237,
83417,
83598,
83779,
85405,
85857,
86128,
86309,
86490,
86670,
86851,
87032,
87303,
88297,
88478,
88658,
88839,
91731,
91911,
92273,
92634,
94080,
94351,
94622,
94803,
95164,
95526,
96972,
97695,
98056,
99140,
99502,
99863,
100134,
100405,
100586,
100948,
101309,
102484,
103658,
104336,
104788,
105149,
105646,
105827,
106189,
106911,
107273,
107634,
108809,
109442,
110119,
110571,
110932,
111429,
111610,
111972,
112695,
113056,
113417,
115722,
116264,
117800,
118929,
121189,
121369,
121550,
121731,
122092,
126339,
129411,
130134,
130496,
130857,
133929,
134472,
135195,

4 Column Hit Times:
2183,
2544,
5074,
5210,
5345,
5616,
5797,
6158,
6339,
6520,
6881,
7333,
7604,
7785,
7966,
8146,
8327,
9050,
9231,
9411,
9502,
9682,
9954,
10134,
10315,
10496,
10676,
10857,
11038,
11219,
11399,
11580,
12122,
12664,
13026,
13207,
13387,
13568,
13749,
13929,
14110,
14291,
14833,
15014,
15195,
15375,
16098,
16821,
17363,
17725,
18448,
18628,
18809,
19170,
19351,
19713,
20255,
20616,
20797,
21158,
21701,
22062,
22423,
22604,
23146,
23508,
24231,
24592,
24954,
25134,
25496,
26038,
26399,
26580,
27122,
27303,
27484,
27664,
28116,
28478,
28749,
28929,
29201,
29472,
29923,
30466,
30646,
30737,
30917,
31098,
31369,
31640,
32092,
33267,
33538,
33990,
34261,
34622,
34984,
35345,
35707,
36520,
36701,
36881,
37062,
37243,
37423,
37604,
37785,
37966,
38146,
38372,
38508,
38689,
38824,
38960,
39095,
39231,
39411,
39547,
39682,
41219,
41580,
41942,
42664,
43026,
43568,
43749,
44110,
44472,
44833,
45104,
45375,
46279,
46550,
46640,
46821,
47002,
47182,
47363,
47634,
47725,
48086,
48267,
48448,
48809,
49170,
49351,
49442,
49713,
49893,
50255,
51339,
51701,
52062,
52333,
52695,
53914,
54005,
54592,
54773,
55179,
55676,
56038,
56219,
56670,
56761,
56942,
57167,
57303,
57484,
57845,
58207,
58568,
58749,
58884,
58975,
59110,
59652,
60375,
60556,
60963,
61460,
61821,
62002,
62454,
62544,
62725,
62951,
63086,
63267,
63628,
63990,
64351,
64532,
64667,
64893,
65074,
65255,
65390,
65616,
65707,
65797,
67243,
67423,
67604,
67785,
68689,
68824,
68960,
69231,
69411,
69773,
69954,
70134,
70496,
70948,
71219,
71399,
71580,
71761,
71942,
72664,
72845,
73026,
73116,
73297,
73568,
73749,
73929,
74110,
74291,
74472,
74652,
74833,
75014,
75195,
75737,
76279,
76640,
76821,
77002,
77182,
77363,
77544,
77725,
77905,
78448,
78628,
78809,
78990,
79713,
81701,
81791,
82062,
84863,
84954,
85134,
87484,
87574,
87755,
87845,
88026,
88952,
89133,
89314,
89472,
89652,
89833,
90014,
90466,
90737,
91098,
91279,
91460,
91640,
92725,
92905,
95707,
95797,
95978,
96339,
96791,
98508,
98598,
98869,
99954,
100225,
101490,
101851,
103071,
103161,
103749,
103929,
104336,
104833,
105195,
105375,
105827,
105917,
106098,
106324,
106460,
106640,
107002,
107363,
107725,
107905,
108041,
108131,
108267,
108809,
109532,
109713,
110119,
110616,
110978,
111158,
111610,
111701,
111881,
112107,
112243,
112423,
112785,
113146,
113508,
113689,
113824,
114050,
114231,
114411,
114547,
114773,
114863,
114954,
116399,
116580,
116761,
116942,
117845,
117981,
118116,
118252,
118387,
118568,
118929,
119110,
119291,
119426,
119652,
119833,
120014,
120195,
120375,
120556,
120737,
120917,
122182,
122273,
122454,
122544,
122725,
122905,
123086,
123222,
123538,
125255,
125436,
125797,
125978,
126158,
126520,
126701,
127062,
127243,
127423,
127785,
127966,
128146,
128327,
128689,
128869,
129050,
129773,
130134,
130496,
131219,
131580,
131942,
132664,
133026,
133387,

4 Column Long Note Times:
3267,
3628,
3990,
4351,
5978,
6972,
7152,
8689,
11851,
12303,
12484,
14562,
15556,
16279,
17002,
18086,
19893,
21339,
22785,
23869,
25676,
27845,
28568,
29291,
30014,
31460,
32182,
32544,
32725,
32905,
33086,
33628,
33809,
34351,
35074,
35797,
36158,
40134,
42303,
52785,
53146,
53508,
54231,
54954,
55315,
55857,
56399,
57664,
58026,
58387,
59291,
60014,
60737,
61098,
61640,
62182,
63448,
63809,
64170,
66701,
67966,
69592,
70586,
70767,
72303,
75466,
75917,
76098,
78176,
79170,
79893,
80978,
81158,
81339,
82423,
82785,
83146,
83327,
83508,
83689,
83869,
84050,
84231,
85496,
85676,
86038,
86219,
86399,
86580,
86761,
88207,
88387,
91821,
92182,
93267,
93628,
93990,
94261,
94532,
94713,
95436,
96158,
96520,
96881,
97243,
97423,
97604,
97966,
98327,
99050,
99411,
100496,
100857,
101219,
101942,
102303,
102664,
103387,
104110,
104472,
105014,
105556,
106821,
107182,
107544,
108448,
109170,
109893,
110255,
110797,
111339,
112604,
112966,
113327,
115857,
117122,
118749,
121098,
121279,
121640,
121821,
122002,
123628,
129411,
130857,
132303,
133749,
134652,

4 Column Release Times:
3448,
3899,
4306,
5029,
6068,
7062,
7243,
8779,
11942,
12393,
12574,
14652,
15917,
16640,
17182,
18267,
20074,
21520,
22966,
24050,
25857,
28026,
28658,
29381,
30104,
31550,
32273,
32634,
32815,
32996,
33176,
33719,
33899,
34442,
35164,
35887,
36429,
40179,
42393,
52966,
53327,
53689,
54547,
55134,
55631,
55993,
56490,
57755,
58116,
58478,
59472,
60330,
60917,
61414,
61776,
62273,
63538,
63899,
64261,
66746,
68327,
69682,
70676,
70857,
72393,
75556,
76008,
76189,
78267,
79532,
80255,
81068,
81249,
81520,
82514,
82875,
83237,
83417,
83598,
83779,
83960,
84140,
84411,
85586,
85857,
86128,
86309,
86490,
86670,
86942,
88297,
88478,
91911,
92273,
93357,
93719,
94080,
94351,
94622,
94803,
95526,
96249,
96610,
96972,
97333,
97514,
97695,
98056,
98417,
99140,
99502,
100586,
100948,
101309,
102122,
102484,
102845,
103704,
104291,
104788,
105149,
105646,
106911,
107273,
107634,
108628,
109487,
110074,
110571,
110932,
111429,
112695,
113056,
113417,
115902,
117484,
118839,
121189,
121369,
121731,
121911,
122092,
124893,
129592,
131038,
132484,
134110,
134833,

