Artist : hololive
Song Name : hololive song pack
Difficulty : 0
BPM : 190
Background Image : charts\hololive-hololive song pack\Kiseki Musubi - hololive 4th Gen.png
Audio : charts\hololive-hololive song pack\Kiseki Musubi - hololive 4th Gen.ogg

1 Column Hit Times:
1198,
3409,
16988,
18251,
18567,
19830,
20146,
20777,
21093,
21409,
22041,
22198,
22672,
23304,
23462,
23935,
24093,
24567,
24883,
25120,
25356,
25593,
25830,
28356,
30883,
31198,
31514,
31830,
32146,
32462,
32777,
33093,
34672,
34830,
35146,
36251,
36409,
36883,
37041,
38462,
38620,
39725,
39883,
40988,
41620,
41777,
43198,
43356,
43672,
43830,
44620,
45093,
45409,
45725,
46672,
47304,
47620,
47935,
48567,
48883,
50146,
51409,
51883,
52672,
53146,
53620,
54251,
54409,
58672,
58988,
59462,
59777,
60251,
60883,
61198,
61514,
61672,
62146,
62620,
63409,
63725,
64988,
65620,
65777,
66093,
66251,
67198,
67356,
67672,
67988,
68462,
68777,
69093,
69567,
69883,
70988,
71777,
72251,
73672,
73830,
74462,
74620,
75093,
75409,
75567,
76356,
76672,
76830,
77935,
78725,
79830,
80462,
81409,
81883,
84409,
85041,
85988,
86462,
86777,
86935,
87409,
88672,
88988,
89620,
90409,
91041,
91514,
91830,
92462,
93093,
93725,
94041,
94356,
94514,
95304,
95462,
96567,
96725,
97514,
97988,
98462,
98620,
99093,
99409,
99725,
100041,
100356,
100672,
100988,
101304,
101620,
104146,
107304,
107620,
108093,
108409,
110146,
110304,
111093,
111251,
111725,
113304,
113462,
114251,
114567,
114725,
115514,
115672,
116462,
116620,
117093,
117251,
117883,
118198,
118514,
118830,
119146,
119777,
120567,
121041,
123567,
124356,
124514,
124988,
125620,
126251,
126567,
126725,
127198,
127672,
127988,
129409,
129567,
130041,
130356,
130830,
130988,
131304,
131620,
131935,
132251,
132883,
133514,
133830,
134462,
134935,
135409,
136198,
136356,
136514,
136830,
138251,
138567,
138725,
139198,
139514,
140146,
140304,
140935,
141251,
141409,
142041,
142356,
142672,
143620,
143935,
144567,
144883,
145198,
145514,
145988,
146620,
146777,
147093,
148356,
149462,
151041,
151356,
151672,
151830,
152146,
153251,
154041,
155462,
155777,
156251,
157198,
157514,
157988,
159725,
159883,
160198,
160514,
160988,
161935,
164777,
165093,
165409,
165725,
166041,
166356,
166672,
166988,
171251,
171409,
172356,
172672,
173304,
173620,
174251,
174409,
175198,
175672,
175988,
176462,
177409,
177567,
177725,
177883,
179935,
180251,
180409,
181514,
181988,
182462,
183093,
183251,
184988,
195725,
197935,
198567,
198883,
212777,
214041,
215304,
215620,
215935,
216093,
216725,
217041,
218146,
218462,
218620,
219409,
219725,
220356,
220672,
220988,
221304,
221777,
222409,
222567,
222883,
223198,
223356,
224146,
224304,
225251,
225725,
226830,
227146,
227462,
227620,
227935,
229041,
229672,
231251,
231567,
232041,
232988,
235514,
235672,
235988,
236304,
236777,
238041,
238356,
238672,
238988,
239304,
239620,
239935,
241041,
241672,
242462,
243567,
244041,
244198,
244672,
245304,
245620,
246093,
246567,
246883,
247041,
247514,
247672,
254462,

1 Column Long Note Times:
1830,
4356,
7514,
8146,
8777,
9725,
11620,
14462,
17777,
19041,
21725,
35462,
46041,
49198,
55041,
56146,
56777,
58041,
64041,
64672,
66567,
72725,
76041,
77462,
79198,
80777,
82514,
83146,
83620,
85356,
87725,
109041,
120251,
122146,
123093,
128777,
137620,
139830,
147409,
148041,
148988,
149935,
150251,
150725,
152777,
153567,
154356,
154988,
156567,
158935,
171567,
176620,
201725,
202672,
203304,
205830,
207725,
208988,
209620,
211514,
212146,
212462,
213409,
214356,
214988,
217198,
223830,
224777,
226041,
226514,
228567,
229356,
230146,
230777,
232356,
233304,
233777,
234725,
235198,
237093,
240251,
242935,
248462,

1 Column Release Times:
3093,
5620,
7830,
8620,
9093,
9883,
11777,
15409,
17935,
19198,
21883,
35620,
46356,
49514,
55356,
56620,
57251,
58514,
64198,
64830,
66725,
73041,
76198,
77620,
79356,
81093,
82672,
83304,
83935,
85672,
88514,
109198,
120409,
122304,
123251,
129093,
137777,
139988,
147567,
148198,
149146,
150093,
150409,
150883,
152935,
153725,
154672,
155146,
156883,
159251,
171883,
176935,
202041,
203146,
203620,
207646,
208909,
209541,
210172,
212067,
212383,
212698,
213567,
214514,
215146,
217356,
223988,
224935,
226198,
226672,
228725,
229514,
230462,
230935,
232672,
233462,
234093,
234883,
235356,
237409,
240409,
243409,
254304,

2 Column Hit Times:
1514,
2462,
3725,
5304,
17462,
18725,
19988,
22356,
22672,
22830,
23620,
23935,
24251,
24409,
24646,
24883,
25198,
25435,
25672,
25830,
33409,
33725,
34988,
35935,
37514,
37672,
38304,
39093,
39251,
40356,
40514,
40988,
41146,
42567,
42725,
43751,
43988,
44620,
45093,
45409,
45725,
46041,
46514,
46988,
47620,
49041,
49830,
51093,
51725,
52041,
52356,
52672,
52988,
53462,
53777,
54093,
55041,
55988,
59304,
59935,
60883,
61830,
62462,
62777,
62935,
63409,
63725,
64830,
65304,
65462,
65935,
66172,
66883,
67041,
67514,
68146,
68698,
69409,
69883,
70356,
70672,
71304,
71620,
71777,
72409,
73514,
73751,
74146,
74304,
75014,
76277,
77777,
78093,
78567,
78804,
79514,
79672,
80304,
80620,
81409,
81725,
82356,
82830,
83304,
83935,
85356,
85988,
86620,
87093,
87251,
87567,
88988,
89304,
89935,
90725,
91356,
91514,
92146,
92935,
93567,
93725,
94988,
95146,
95935,
96093,
97198,
97514,
98304,
104146,
104462,
104777,
105093,
105409,
105725,
106041,
106356,
107146,
107777,
108093,
109514,
109672,
110777,
110935,
111725,
111883,
112672,
112830,
113935,
114093,
114883,
115041,
117014,
117567,
118277,
119304,
119935,
121830,
122777,
123093,
123409,
123725,
124672,
124988,
125146,
125935,
126093,
126883,
127514,
129725,
130041,
130198,
130514,
130672,
130830,
131146,
131462,
131935,
132567,
132725,
133041,
133830,
133988,
134777,
135883,
136041,
136356,
136514,
136909,
138172,
138883,
139041,
140462,
140620,
141725,
141962,
142988,
143304,
144251,
146304,
146620,
146935,
148198,
149620,
151198,
151672,
152146,
152462,
152620,
154356,
155304,
156409,
156883,
158935,
159409,
159567,
160041,
160356,
160672,
160830,
161777,
162251,
167304,
167620,
167935,
168251,
172041,
172988,
174883,
175277,
176304,
176620,
177251,
178356,
178514,
179304,
179462,
180251,
180567,
180883,
181041,
181356,
181672,
182146,
182777,
183409,
195409,
196672,
198251,
199356,
213093,
213251,
213962,
215146,
215777,
216251,
216409,
218146,
218777,
219093,
219883,
220198,
221146,
222093,
222409,
223041,
223988,
224462,
224620,
224935,
225409,
225883,
226988,
227462,
227935,
228251,
228409,
230146,
230304,
231093,
232198,
232672,
232830,
235514,
235830,
236146,
236462,
236620,
238198,
238830,
239462,
242146,
243409,
243725,
244514,
244830,
244988,
245462,
245935,
246251,
246567,
246725,
246883,
247198,
247356,
247514,
247672,
247830,
254383,

2 Column Long Note Times:
5935,
6567,
9093,
10041,
10672,
12883,
15409,
17935,
19356,
20777,
21409,
35620,
47935,
50462,
56777,
57409,
58041,
64356,
73041,
74777,
75725,
76988,
77304,
79988,
82041,
84251,
84725,
108883,
119620,
121198,
121514,
122462,
124041,
137304,
137935,
145672,
147725,
148672,
149304,
150567,
153093,
153883,
155620,
156093,
157672,
158304,
183567,
200462,
201409,
207725,
209620,
210251,
212146,
212462,
213725,
214672,
217514,
221462,
223514,
225093,
226356,
228883,
229672,
231409,
231883,
233462,
234093,
234409,
234725,
235198,
237409,
240409,
242620,
248462,

2 Column Release Times:
6251,
6725,
9251,
10198,
11146,
13198,
15567,
18093,
19514,
21093,
21567,
35777,
48251,
50777,
57251,
57883,
58514,
64514,
73356,
74935,
75883,
77146,
77462,
80146,
82198,
84409,
85041,
109041,
119777,
121356,
121672,
122620,
124198,
137462,
138093,
145988,
147883,
148830,
149462,
150725,
153251,
154041,
155777,
156251,
157988,
158620,
184988,
200777,
201725,
208909,
210172,
211435,
212383,
212698,
213883,
214830,
217672,
221777,
223672,
225251,
226514,
229041,
229830,
231567,
232041,
233777,
234251,
234567,
234883,
235356,
237725,
241830,
242777,
254304,

3 Column Hit Times:
883,
2619,
4041,
4672,
5146,
5620,
16988,
20067,
20620,
22041,
22988,
23146,
23462,
23777,
24093,
24409,
24725,
24962,
25198,
25514,
25751,
28356,
28672,
28988,
29304,
29620,
29935,
30251,
30567,
34672,
34830,
36567,
36725,
38146,
38777,
38935,
39409,
39567,
40041,
40198,
40909,
41304,
41462,
42251,
42409,
43514,
43988,
44304,
45014,
46356,
46988,
48251,
49514,
50146,
50462,
50777,
51251,
51409,
51725,
52198,
52514,
52988,
53304,
53856,
54725,
55830,
58672,
59304,
59462,
59777,
60567,
60725,
61514,
62620,
62777,
63093,
63251,
63646,
64909,
65620,
65777,
67198,
67356,
68462,
68620,
69567,
70041,
70988,
73041,
73356,
73672,
74462,
74620,
74935,
75409,
75567,
76356,
76830,
77935,
78409,
78883,
79198,
79356,
81093,
82041,
83146,
83620,
85672,
86146,
86304,
86777,
87093,
87409,
87567,
89462,
90093,
90251,
90883,
91356,
91672,
92304,
93251,
93567,
93883,
95620,
95777,
96567,
96883,
97041,
98146,
99093,
106672,
106988,
107935,
108251,
109198,
109356,
112356,
112514,
113620,
113777,
114251,
114409,
115198,
115356,
116146,
116304,
116777,
116935,
117251,
117883,
118356,
118672,
118988,
120251,
120883,
121198,
122304,
125304,
125462,
125935,
126251,
126409,
127198,
127830,
129409,
129567,
129883,
130041,
130356,
130514,
130672,
131146,
131304,
131620,
131856,
132567,
133198,
134146,
135093,
135725,
136041,
136198,
136672,
136988,
138093,
138567,
138725,
139198,
139435,
140146,
140304,
140777,
141409,
141883,
142672,
143146,
143620,
143935,
144567,
144883,
145041,
145672,
146777,
147014,
148277,
149541,
151041,
151356,
151830,
152067,
152777,
152935,
153567,
153883,
154672,
154988,
155620,
156093,
156567,
157198,
158620,
159251,
159883,
160356,
160514,
160830,
168567,
168883,
169198,
169514,
171883,
172356,
173620,
173935,
174251,
175356,
175672,
176462,
177093,
178041,
178198,
179620,
179777,
180567,
180725,
181514,
181988,
182304,
183093,
183251,
184988,
196041,
196356,
212777,
213883,
215225,
215935,
216093,
216567,
218146,
218462,
218935,
219409,
219725,
220041,
220672,
220830,
221462,
222567,
222804,
223198,
223356,
223672,
224067,
225330,
225567,
226830,
227146,
227620,
227856,
228567,
228725,
229356,
229830,
229988,
230462,
230777,
231409,
231883,
232356,
232514,
232988,
235672,
236146,
236304,
236620,
240725,
241356,
241988,
243409,
243883,
244041,
244356,
245146,
245304,
246093,
246409,
246883,
247041,
247198,
247514,
247830,
254304,

3 Column Long Note Times:
7198,
11777,
14146,
18093,
19514,
21093,
21567,
35777,
47304,
48567,
55356,
56146,
57409,
64041,
64672,
72409,
76041,
77304,
79830,
80620,
82356,
82830,
84409,
85041,
97672,
122777,
123725,
128146,
128777,
137620,
146304,
147409,
148041,
148988,
150251,
150567,
153251,
155304,
157514,
157988,
200777,
202356,
203777,
207093,
208988,
209620,
210251,
211514,
212462,
213409,
214356,
214988,
217198,
222093,
223830,
224777,
226041,
226356,
229041,
231093,
233304,
233777,
235041,
235356,
237883,
240093,
242777,
247988,

3 Column Release Times:
7514,
12567,
14462,
18251,
19830,
21251,
21725,
35935,
47620,
48883,
55672,
56620,
57883,
64198,
64830,
72725,
76198,
77462,
79988,
80777,
82514,
82988,
84725,
85356,
97988,
122935,
123883,
128620,
129093,
137777,
146620,
147567,
148198,
149146,
150409,
150725,
153409,
155462,
157672,
158304,
201093,
202672,
205198,
207646,
209541,
210172,
211435,
212067,
212698,
213567,
214514,
215146,
217356,
222409,
223988,
224935,
226198,
226514,
229198,
231251,
233462,
234093,
235198,
235514,
239935,
240251,
242935,
248146,

4 Column Hit Times:
2146,
2777,
4988,
5620,
17462,
18251,
20146,
20462,
20777,
21725,
22356,
22514,
22988,
23304,
23620,
23777,
24251,
24567,
24804,
25041,
25277,
25514,
25830,
26146,
26462,
26777,
27093,
27409,
27725,
28041,
30883,
33409,
34041,
34356,
35146,
35935,
36093,
37198,
37356,
37830,
37988,
38462,
40672,
40830,
41935,
42093,
42883,
43041,
43514,
43830,
44304,
44935,
45251,
45567,
45883,
46356,
47777,
48251,
48883,
49198,
49514,
50304,
50777,
51093,
51567,
52041,
52356,
52830,
53225,
53620,
53935,
54567,
55356,
55672,
58672,
58988,
59620,
60251,
60567,
61198,
61672,
62146,
62935,
63093,
63251,
63567,
64988,
65304,
65462,
65935,
66251,
66883,
67041,
67672,
67988,
68146,
68777,
69093,
69409,
69725,
70356,
70672,
71304,
71620,
71935,
72251,
72725,
73356,
73514,
73830,
74146,
74304,
75093,
76198,
76672,
77777,
78093,
78409,
78567,
78883,
79988,
80777,
82198,
82514,
82988,
83935,
84251,
84725,
86462,
86620,
86935,
87251,
87725,
88672,
89146,
89777,
90567,
91198,
91988,
92620,
92777,
93409,
94041,
94672,
94830,
96251,
96409,
96883,
97198,
97356,
98462,
98620,
99093,
101620,
101935,
102251,
102567,
102883,
103198,
103514,
103830,
106672,
107304,
107935,
108409,
109198,
109830,
109988,
110462,
110620,
111409,
111567,
112041,
112198,
112988,
113146,
114172,
115830,
115988,
116777,
117093,
117567,
118356,
118672,
118988,
119304,
119620,
121514,
121830,
122146,
122462,
124041,
124356,
124672,
124830,
125304,
125620,
125777,
126488,
126883,
127356,
129093,
129409,
129725,
129883,
130198,
130672,
130988,
131304,
131462,
131777,
131935,
132251,
132725,
133041,
133514,
134146,
134462,
134777,
134935,
135409,
135883,
136672,
136988,
138251,
138883,
139041,
139356,
139514,
140462,
140620,
140935,
141251,
141725,
142041,
142356,
142988,
143146,
144251,
145041,
145514,
146935,
147093,
148356,
149620,
151198,
151988,
153093,
153725,
154672,
155146,
157672,
158304,
159251,
159725,
160041,
160198,
160672,
161935,
162251,
162567,
162883,
163198,
163514,
163830,
164146,
164462,
169830,
170146,
170462,
170777,
171093,
172988,
173146,
174567,
174883,
175356,
175988,
176304,
176935,
177409,
178672,
178830,
178988,
179146,
179935,
180883,
181356,
182462,
182777,
183409,
195093,
196830,
199198,
212777,
213093,
213251,
214041,
215304,
215620,
215777,
216251,
216409,
216725,
217041,
218146,
218462,
218620,
218935,
219251,
219567,
220041,
220356,
220514,
220830,
221304,
222725,
222883,
224146,
224462,
224620,
225409,
225725,
225883,
226198,
226988,
227304,
227777,
228883,
229514,
230462,
230935,
235830,
235988,
236462,
238514,
239146,
239777,
240567,
240883,
241198,
241514,
241830,
243725,
244356,
244672,
244988,
245620,
245935,
246251,
246409,
246725,
247198,
247356,
247830,
254462,

4 Column Long Note Times:
567,
3093,
6251,
6725,
7830,
9251,
10356,
11146,
13198,
15567,
18883,
19198,
19514,
21251,
21883,
46672,
49830,
54725,
56146,
58041,
64356,
66567,
74777,
75725,
76988,
77462,
79514,
80304,
81093,
81725,
83304,
85672,
97672,
108725,
119935,
120567,
120883,
123409,
128146,
137304,
137935,
139830,
145988,
147725,
148672,
149304,
149935,
150725,
152462,
154041,
155777,
156409,
156883,
158620,
160988,
172041,
181672,
183567,
201093,
202041,
203620,
206462,
207725,
208988,
210251,
211514,
212146,
213725,
214672,
217514,
221777,
223514,
225093,
226514,
228251,
229830,
231567,
232198,
232672,
233462,
234093,
234409,
235041,
235356,
236777,
237725,
242304,
243093,
247988,
248462,

4 Column Release Times:
1830,
4356,
6567,
7198,
8146,
9409,
10514,
11620,
14146,
16988,
19041,
19356,
19830,
21409,
22041,
46988,
50146,
55041,
56620,
58514,
64514,
66725,
74935,
75883,
77146,
77620,
79672,
80462,
81409,
81883,
83620,
85988,
97988,
108883,
120093,
120725,
121041,
123567,
128620,
137462,
138093,
139988,
146304,
147883,
148830,
149462,
150093,
150883,
152620,
154356,
155935,
156567,
157198,
158935,
161777,
172356,
181988,
184988,
201409,
202356,
203777,
207646,
208909,
209541,
211435,
212067,
212383,
213883,
214830,
217672,
222093,
223672,
225251,
226672,
228409,
230146,
231725,
232356,
232988,
233777,
234251,
234567,
235198,
235514,
237093,
237883,
242620,
243409,
248146,
254304,

