Artist : hololive
Song Name : hololive song pack
Difficulty : 0
BPM : 190
Background Image : charts\hololive-hololive song pack\Mage of Violet - Murasaki Shion.png
Audio : charts\hololive-hololive song pack\Mage of Violet - Murasaki Shion.ogg

1 Column Hit Times:
1285,
3580,
3908,
4892,
5547,
13416,
14072,
14400,
14728,
15056,
15383,
16039,
16367,
17351,
17679,
18662,
18826,
19318,
19646,
22269,
24400,
25383,
25547,
26859,
27187,
27515,
29482,
31777,
34400,
35383,
36203,
36367,
37351,
38990,
40138,
40793,
42269,
42924,
43580,
43799,
44017,
44892,
45547,
46203,
46859,
47077,
47296,
48170,
48826,
49482,
49700,
49919,
50793,
55383,
56039,
56203,
58006,
58170,
59482,
60957,
61121,
64072,
65383,
65711,
66531,
67842,
68498,
68662,
76039,
76203,
77679,
78334,
78498,
79646,
81613,
83416,
84728,
85547,
86203,
86531,
88498,
90465,
93088,
93744,
94400,
94564,
96695,
98170,
99646,
99810,
100465,
100629,
102597,
102815,
103034,
104564,
105220,
105875,
106531,
107842,
108061,
108280,
109154,
109810,
113088,
113252,
113416,
113580,
113908,
114400,
115383,
115547,
117023,
117187,
118498,
119974,
120138,
123088,
124892,
125056,
125220,
125383,
126039,
126859,
128170,
128334,
132105,
132761,
134072,
134400,
134728,
135383,
136695,
136859,
139318,
139482,
140138,
140629,
140957,
141777,
144564,
145056,
145711,
147679,
149810,
155056,
158990,
159482,
160629,
160793,
162924,
163088,
164400,
165056,
165220,
166039,
166531,
169318,
169646,
169974,
170793,
170957,
171121,
171285,
172269,
172433,
173416,
173580,
174728,
175056,
175383,
176695,
176859,
177351,
178006,

1 Column Long Note Times:
2269,
5875,
7515,
7842,
8498,
10793,
12105,
12433,
28498,
28826,
51449,
54564,
56695,
57351,
59810,
61941,
62597,
63252,
69810,
70465,
72433,
73744,
87515,
87842,
102269,
110465,
115711,
116367,
118826,
120957,
121613,
122269,
129482,
130793,
135711,
138006,
138334,
142269,
143252,
156367,
161613,
162269,
166859,
167515,
168170,
168826,
176039,

1 Column Release Times:
2597,
6203,
7679,
8170,
8826,
11121,
12269,
12761,
28662,
29154,
52105,
54892,
56859,
57515,
60138,
62105,
62761,
63416,
69974,
70629,
72761,
74400,
87679,
88170,
102378,
111121,
115875,
116531,
119154,
121121,
121777,
122433,
129646,
131121,
136039,
138170,
138498,
142433,
143580,
157515,
161777,
162433,
167023,
167679,
168334,
168990,
176367,

2 Column Hit Times:
302,
629,
2597,
3744,
4892,
5220,
6203,
6531,
8170,
8990,
9318,
11613,
15711,
18334,
20465,
20629,
20957,
21613,
21941,
22597,
23252,
24236,
24728,
25056,
27351,
27679,
29974,
30301,
32924,
33252,
33580,
33908,
34564,
35056,
38006,
39974,
40465,
41121,
41285,
41941,
43034,
43471,
44892,
45110,
45329,
45985,
46859,
47515,
47952,
48389,
48608,
49482,
50356,
54072,
54892,
55383,
55547,
58662,
58826,
60465,
61613,
61777,
63416,
63744,
66695,
68006,
71941,
72761,
73416,
75383,
77023,
77842,
79154,
79482,
80138,
81285,
82269,
83252,
83908,
84072,
84892,
88990,
89318,
90793,
91777,
92433,
93908,
95220,
95383,
96367,
96859,
97679,
98334,
98990,
99154,
100957,
103252,
103471,
103689,
105875,
106094,
106312,
107187,
107405,
107624,
108498,
109154,
109373,
109591,
114072,
114236,
114728,
114892,
117679,
117842,
119482,
120629,
120793,
122433,
122761,
124400,
125875,
127023,
130138,
131777,
132269,
133744,
134728,
135056,
135711,
139974,
140793,
141285,
141613,
141941,
144892,
145138,
145547,
145793,
148334,
158170,
159154,
159318,
159974,
161285,
161449,
163580,
163744,
164564,
165875,
166695,
168334,
168662,
170465,
173088,
173416,
173580,
176859,
177679,
178006,

2 Column Long Note Times:
7023,
9646,
9974,
12924,
13416,
26531,
28006,
29482,
30629,
30957,
52761,
53416,
56859,
57515,
62105,
62761,
64236,
67351,
70138,
71121,
85875,
87023,
88498,
89646,
89974,
102159,
102378,
112105,
115875,
116531,
121121,
121777,
123252,
126367,
128826,
129154,
136203,
136531,
137023,
138826,
139154,
142597,
144236,
151121,
161777,
162433,
167023,
167679,
171777,

2 Column Release Times:
7187,
9810,
10138,
13088,
13744,
26859,
28170,
29810,
30793,
31121,
53088,
53744,
57187,
57842,
62433,
63088,
64400,
67515,
70301,
71449,
86203,
87187,
88826,
89810,
90138,
102269,
102487,
112433,
116203,
116859,
121449,
122105,
123416,
126531,
128990,
129318,
136367,
136695,
137351,
138990,
139318,
142761,
144564,
152269,
162105,
162761,
167351,
168006,
171941,

3 Column Hit Times:
1121,
1941,
2924,
3252,
5875,
6367,
8498,
8826,
9154,
10138,
10465,
10793,
14236,
14564,
15629,
17023,
19482,
19810,
21285,
23580,
24072,
25711,
25875,
26203,
31121,
31449,
34728,
35220,
35875,
36039,
36695,
37023,
38334,
39318,
39810,
40301,
43143,
43362,
44236,
45766,
47733,
50138,
50575,
51012,
51230,
55220,
56367,
56531,
58334,
58498,
60301,
61285,
61449,
64400,
64728,
65056,
65547,
66859,
67515,
69154,
69318,
72269,
73252,
75711,
77515,
78170,
79318,
80629,
80957,
82597,
83088,
83580,
83744,
84564,
86367,
90138,
91121,
91449,
91613,
92105,
92924,
93580,
95711,
97023,
97515,
98662,
98826,
100301,
101285,
103252,
103908,
104127,
104345,
105220,
105438,
105657,
107187,
109810,
110028,
110247,
111121,
111449,
113088,
114400,
114564,
117351,
117515,
119318,
120301,
120465,
123416,
123744,
124072,
124564,
125711,
126531,
127515,
127679,
131121,
131613,
132433,
133088,
135056,
140465,
141121,
141449,
142269,
142597,
144810,
145220,
145465,
148170,
157842,
159892,
160629,
163252,
163416,
164728,
166367,
168990,
169318,
169646,
169974,
170629,
172924,
173334,
174072,
174236,
176203,
177351,

3 Column Long Note Times:
7679,
11121,
12269,
13744,
26859,
28662,
29154,
59154,
63908,
70138,
71613,
85547,
87679,
88170,
102050,
102487,
112433,
118170,
122924,
129482,
137679,
138170,
138498,
142924,
143908,
145875,
153744,
171613,
177679,

3 Column Release Times:
7842,
11449,
12433,
14072,
27187,
28826,
29482,
59482,
64072,
70301,
71941,
85875,
87842,
88498,
102159,
102597,
112761,
118498,
123088,
129646,
138006,
138334,
138662,
143088,
144236,
147023,
155056,
171777,
177924,

4 Column Hit Times:
957,
4236,
4564,
5220,
11121,
11449,
11777,
13744,
14892,
15220,
15547,
16695,
18006,
18990,
19154,
20138,
20301,
22924,
23908,
24564,
24892,
26531,
29154,
29810,
30138,
31777,
32924,
33252,
33580,
33908,
34236,
34892,
35547,
37679,
38662,
39646,
40629,
41449,
41613,
43252,
43580,
44236,
44455,
44673,
45547,
46203,
46422,
46640,
47515,
48170,
48826,
49045,
49263,
50138,
50793,
52105,
52433,
54072,
54236,
54400,
54564,
55056,
55711,
55875,
57023,
57679,
58990,
59646,
60138,
62269,
62924,
64400,
64728,
65056,
65875,
66039,
66203,
66367,
67023,
68170,
71449,
72105,
73580,
75056,
76531,
76695,
78006,
78662,
78826,
80301,
81941,
82924,
84400,
85875,
88170,
88826,
89154,
92597,
93416,
94072,
94236,
94892,
95056,
96039,
97351,
97842,
99318,
99482,
100138,
102597,
103908,
104564,
104782,
105001,
106531,
106750,
106968,
107842,
108498,
108717,
108935,
115056,
115220,
116039,
116695,
118006,
118662,
119154,
121285,
121941,
123416,
123744,
124072,
124728,
125547,
127187,
130465,
131449,
134236,
134564,
137351,
137515,
139646,
139810,
140301,
140629,
141285,
142924,
144728,
145383,
148006,
152269,
157515,
158990,
159482,
159810,
160957,
161121,
161941,
162597,
163908,
165875,
166203,
167187,
167842,
170301,
172597,
172761,
173252,
174072,
174236,
174728,
175056,
175383,
176039,
176203,

4 Column Long Note Times:
1613,
5547,
6859,
7187,
8170,
9482,
9810,
12761,
13088,
27842,
28170,
30465,
30793,
53088,
57187,
57842,
62433,
63088,
63580,
67679,
69810,
70465,
72924,
85220,
86859,
87187,
89482,
89810,
101941,
111777,
113580,
116203,
116859,
121449,
122105,
122597,
126695,
128826,
129154,
133416,
135383,
136039,
136367,
138662,
138990,
141941,
143580,
145875,
148498,
162105,
162761,
164072,
167351,
168006,
168498,
169154,
171449,
171941,
176695,
177351,
178006,

4 Column Release Times:
1941,
5875,
7023,
7515,
8498,
9646,
9974,
12924,
13416,
28006,
28498,
30629,
30957,
53416,
57351,
58006,
62597,
63252,
63744,
67842,
69974,
70629,
73252,
85301,
87023,
87515,
89646,
89974,
102050,
112105,
113908,
116367,
117023,
121613,
122269,
122761,
126859,
128990,
129318,
133744,
135711,
136203,
136531,
138826,
139154,
142105,
143908,
147023,
149810,
162433,
162924,
164400,
167679,
168170,
168662,
169318,
171613,
172269,
177023,
177597,
178252,

