Artist : Various Artists
Song Name : Jumpstream Practice Pack (JPP)
Difficulty : 0
BPM : 190
Background Image : charts\Various Artists-Jumpstream Practice Pack (JPP)\Memoria.png
Audio : charts\Various Artists-Jumpstream Practice Pack (JPP)\Memoria.mp3

1 Column Hit Times:
302,
7159,
7588,
7909,
8230,
8659,
9088,
9409,
9838,
10159,
10588,
10909,
11230,
11659,
12088,
12516,
12945,
13373,
13695,
14230,
14659,
15088,
15409,
15945,
16159,
16588,
16909,
17230,
17659,
17980,
18302,
18730,
19373,
19802,
20230,
20552,
21088,
21409,
21623,
21945,
22159,
22588,
23016,
23338,
23659,
24088,
24516,
24730,
25159,
25480,
25802,
26230,
26659,
27088,
27516,
28159,
29016,
29873,
30730,
31588,
32445,
33302,
33516,
34373,
34802,
35230,
35659,
36088,
36516,
36945,
37373,
37802,
38016,
38230,
38445,
38659,
38873,
39088,
39302,
39516,
39730,
39945,
40159,
40373,
40588,
40802,
41230,
41445,
41766,
41980,
42302,
42623,
42945,
43159,
43480,
43695,
44016,
44338,
44659,
44873,
45195,
45409,
45730,
45945,
46266,
46480,
46802,
47016,
47230,
47659,
47873,
48088,
48409,
48623,
48945,
49159,
49480,
49802,
50123,
50338,
50659,
50873,
51195,
51409,
51730,
51945,
52266,
52480,
52802,
53016,
53338,
53659,
53873,
54088,
54409,
54730,
54945,
55266,
55480,
55695,
56016,
56230,
56445,
56766,
57088,
57302,
57516,
57730,
57945,
58266,
58588,
58802,
59016,
59230,
59445,
59873,
60088,
60302,
60623,
60838,
61266,
61588,
61802,
62123,
62338,
62552,
62873,
63088,
63409,
63730,
63945,
64159,
64373,
64588,
64909,
65230,
65552,
65766,
65980,
66302,
66516,
66730,
67373,
67588,
67802,
68659,
69088,
69302,
69516,
70052,
70373,
70588,
70909,
71123,
71445,
71659,
71873,
72088,
72516,
72730,
72945,
73159,
73480,
73695,
74016,
74338,
74552,
75088,
75516,
75730,
75945,
76373,
76588,
76909,
77230,
77445,
77766,
78088,
78409,
78838,
79159,
79373,
79695,
79909,
80230,
80445,
80659,
80980,
81195,
81516,
81730,
82159,
82373,
82695,
82909,
83123,
83445,
83659,
83980,
84195,
84516,
84730,
84945,
85266,
85588,
85802,
86123,
86338,
86552,
86873,
87195,
87516,
87730,
88052,
88266,
88588,
88802,
89123,
89445,
89659,
89873,
90195,
90516,
90838,
91159,
91373,
91588,
91802,
92123,
92445,
92766,
93088,
93302,
93516,
93730,
94052,
94373,
94588,
94909,
95123,
95338,
95766,
96088,
96516,
97373,
98230,
99088,
99302,
103266,
106159,
109802,
113766,
114088,
114409,
114730,
115052,
115373,
115695,
116016,
116338,
116659,
120088,
120409,
123516,
126730,
130373,
131016,
131338,
131873,
133802,
134445,
135302,
136480,
137230,
137873,
138195,
138730,
139052,
139480,
139802,
140338,
140659,
140873,
141302,
141516,
141945,
142588,
142802,
143230,
143445,
144088,
144730,
145373,
145802,
146230,
146873,
147516,
148159,
148802,
149230,
149659,
150302,
150945,
151588,
152230,
152659,
153088,
153730,
154373,
154695,
155123,
155445,
155873,
156248,
156516,
156730,
157105,
157373,
157588,
157802,
160802,
161230,
161552,
161873,
162088,
162302,
162623,
162945,
163266,
163588,
163909,
164230,
164552,
164766,
165088,
165409,
165623,
165945,
166159,
166695,
167016,
167230,
167552,
168088,
168302,
168516,
168838,
169159,
169373,
169802,
170016,
170338,
170659,
170980,
171302,
171516,
171730,
172052,
172373,
172802,
173016,
173230,
173552,
173873,
174088,
174409,
174730,
174945,
175266,
175588,
175802,
176016,
176338,
176659,
176980,
177302,
177623,
177945,
178266,
178480,
178802,
179123,
179338,
179659,
179873,
180409,
180730,
180945,
181266,
181802,
182016,
182230,
182552,
182873,
183088,
183516,
183730,
184052,
184373,
184695,
185016,
185230,
185552,
185873,
186088,
186409,
186730,
186945,
187266,
187802,
188016,
188230,
188659,
188873,
189088,
189409,
189730,
189945,
190266,
190588,
190802,
191123,
191445,
191659,
191873,
192088,
192409,
192623,
192945,
193266,
193588,
193802,
194016,
194338,
194766,
195088,
195302,
195516,
195945,
196159,
196480,
196802,
197016,
197230,
197552,
197873,
198088,
198302,
198623,
198945,
199266,
199588,
199802,
200016,
200338,
200659,
200873,
201088,
201409,
201623,
201945,
202373,
202588,
202802,
203123,
203445,
203659,
203980,
204302,
204516,
204838,
205159,
205373,
205588,
205802,
206123,
206338,
206659,
206980,
207302,
207516,
207730,
208052,
208480,
208802,
209016,
209230,
209659,
209873,
210195,
210516,
210730,
210945,
211266,
211588,
211802,
212016,
212338,
212659,
213302,
213945,
215230,
215445,
215766,
215980,
216302,
216730,
217052,
217373,
217802,
218230,
218552,
218980,
219302,
219730,
220052,
220373,
220802,
221230,
221659,
222088,
222516,
222838,
223373,
223802,
224230,
224552,
225088,
225302,
225730,
226052,
226373,
226802,
227123,
227445,
227873,
228516,
228945,
229695,
230230,
230552,
230766,
231088,
231302,
231730,
232159,
232480,
232802,
233230,
233659,
233873,
234302,
234623,
234945,
235373,
235802,
236230,
236659,
237302,
237516,
237945,
238159,
238802,
239230,
239445,
240088,
240730,
240945,
241373,
241588,
242230,
242659,
242873,
243516,
243945,
244373,
244802,
245230,
245659,
245980,
246302,
246623,
246945,
247480,
247802,
248123,
248445,
248873,
249195,
249516,
249945,
250266,
250588,
250802,
251123,
251659,
251980,
252195,
252516,
252945,
253373,
253695,
254016,
254230,
254552,
254766,
255088,
255623,
255945,
256373,
256588,
256802,
257230,
257659,
258088,
258516,
258945,
259373,
259802,
260230,
260552,
260980,
261302,
261623,
261945,
262373,
262802,
263230,
263659,
264088,
264516,
264945,
265266,
265480,
265802,
266230,
266659,
267088,
267516,
267945,
268373,
268695,
269016,
269659,
270945,

1 Column Long Note Times:

1 Column Release Times:

2 Column Hit Times:
88,
945,
1159,
1373,
1588,
1909,
2123,
3516,
4159,
5230,
5445,
5659,
5873,
6195,
6409,
6623,
6838,
7266,
7480,
7802,
8659,
8980,
9302,
9730,
10052,
10373,
10695,
11016,
11445,
11766,
12088,
12409,
12730,
13052,
13373,
13802,
14123,
14445,
14766,
15088,
15516,
15945,
16266,
16480,
16802,
17123,
17659,
18088,
18409,
18623,
18945,
19266,
19588,
19909,
20230,
20659,
21088,
21302,
21730,
22266,
22695,
22909,
23230,
23659,
23980,
24409,
24838,
25052,
25373,
25802,
26123,
26552,
26873,
27195,
27516,
28052,
28480,
28909,
29338,
29766,
30195,
30623,
31052,
31480,
31909,
32338,
32766,
33195,
33730,
34373,
34802,
35230,
35659,
36088,
36516,
36945,
37373,
37802,
38016,
38230,
38445,
38659,
38873,
39088,
39302,
39516,
39730,
39945,
40159,
40373,
40588,
40802,
41445,
41659,
41980,
42195,
42516,
42730,
42945,
43266,
43480,
43802,
44016,
44230,
44552,
44873,
45088,
45409,
45623,
45945,
46159,
46588,
46802,
47123,
47338,
47552,
47873,
48195,
48516,
48730,
48945,
49266,
49588,
49802,
50016,
50338,
50552,
50873,
51088,
51409,
51623,
51945,
52159,
52373,
52695,
53016,
53230,
53552,
53766,
54088,
54302,
54623,
54945,
55159,
55480,
55695,
55909,
56230,
56552,
56873,
57088,
57302,
57516,
57838,
58159,
58480,
58802,
59016,
59230,
59552,
59766,
60088,
60409,
60623,
60838,
61052,
61373,
61588,
61802,
62016,
62338,
62552,
62766,
63088,
63302,
63623,
63945,
64159,
64373,
64695,
65016,
65230,
65445,
65766,
65980,
66195,
66409,
66730,
66945,
68230,
68445,
68873,
69088,
69302,
69730,
69945,
70159,
70588,
70909,
71123,
71445,
71766,
71980,
72516,
72730,
72945,
73373,
73588,
73802,
74230,
74659,
74873,
75195,
75409,
75730,
75945,
76373,
76802,
77016,
77445,
77659,
77873,
78195,
78516,
78730,
79052,
79373,
79588,
79802,
80123,
80445,
80766,
81088,
81302,
81516,
81838,
82052,
82373,
82588,
82909,
83123,
83338,
83659,
83873,
84302,
84516,
84945,
85159,
85480,
85802,
86016,
86230,
86552,
86766,
87088,
87302,
87623,
87945,
88159,
88373,
88695,
89016,
89230,
89445,
89766,
89980,
90302,
90516,
90730,
91052,
91373,
91588,
92016,
92230,
92552,
92873,
93088,
93302,
93516,
93838,
94159,
94373,
94588,
94802,
95016,
95230,
95552,
95873,
96088,
96730,
97480,
98338,
98659,
98873,
102945,
103373,
103695,
104016,
104338,
104659,
104980,
105302,
105623,
105945,
106266,
106588,
106909,
107230,
107552,
107873,
108195,
108516,
108838,
109159,
109480,
110123,
110445,
110766,
111088,
111409,
111730,
112052,
112373,
112695,
113230,
116873,
117195,
117516,
117838,
118159,
118480,
118802,
119123,
119445,
119766,
120730,
121052,
121373,
121695,
122016,
122338,
122659,
122980,
123409,
123945,
124266,
124588,
124909,
125230,
125552,
125873,
126195,
126516,
130588,
132088,
132730,
133588,
133909,
134338,
134766,
135195,
135623,
136159,
137016,
137552,
137980,
138409,
138838,
139159,
139588,
140123,
140445,
141302,
141516,
141730,
142159,
142373,
143016,
143230,
143873,
144302,
144945,
145373,
146230,
146659,
147302,
147945,
148373,
149016,
149445,
150088,
150516,
151159,
151802,
152230,
153088,
153516,
154159,
154588,
155016,
155552,
155980,
156195,
156570,
156730,
157052,
157427,
157588,
157802,
161230,
161445,
161766,
162088,
162409,
162730,
162945,
163159,
163480,
163802,
164016,
164338,
164552,
164873,
165088,
165302,
165730,
165945,
166266,
166480,
166802,
167016,
167230,
167445,
167766,
167980,
168302,
168623,
168945,
169159,
169480,
169695,
170016,
170230,
170552,
170766,
171088,
171302,
171623,
171945,
172159,
172480,
172695,
173016,
173445,
173766,
174088,
174623,
174945,
175159,
175480,
175802,
176123,
176445,
176659,
176873,
177195,
177516,
177730,
178052,
178266,
178588,
178802,
179016,
179445,
179659,
179980,
180195,
180516,
180730,
180945,
181159,
181480,
181695,
182016,
182338,
182659,
182873,
183195,
183409,
183730,
183945,
184266,
184480,
184802,
185016,
185338,
185659,
185873,
186195,
186516,
186730,
187159,
187480,
187802,
188016,
188230,
188766,
189088,
189302,
189623,
189945,
190159,
190480,
190802,
191016,
191230,
191552,
191873,
192088,
192302,
192730,
192945,
193159,
193480,
193802,
194016,
194230,
194552,
194873,
195088,
195302,
195623,
195838,
196159,
196373,
196695,
197016,
197338,
197659,
197873,
198302,
198516,
198838,
199159,
199373,
199695,
200016,
200230,
200552,
200873,
201088,
201302,
201838,
202052,
202266,
202480,
202802,
203016,
203338,
203659,
203873,
204195,
204516,
204730,
204945,
205266,
205588,
205802,
206016,
206445,
206659,
206873,
207195,
207516,
207730,
207945,
208266,
208588,
208802,
209016,
209338,
209552,
209873,
210088,
210409,
210730,
211052,
211373,
211588,
212016,
212230,
212552,
212873,
213516,
214159,
214802,
215230,
215445,
215766,
215980,
216409,
216623,
216945,
217802,
218123,
218445,
218873,
219195,
219516,
219838,
220159,
220588,
220909,
221230,
221552,
221873,
222195,
222516,
222945,
223266,
223588,
223909,
224230,
224659,
225088,
225409,
225623,
225945,
226266,
226802,
227230,
227552,
227766,
228088,
228409,
228730,
229052,
229480,
229802,
230230,
230445,
230873,
231409,
231838,
232052,
232373,
232802,
233123,
233552,
233980,
234195,
234516,
234945,
235266,
235695,
236016,
236338,
236659,
237088,
237409,
237945,
238266,
238588,
239123,
239552,
240088,
240516,
240838,
241373,
241695,
242016,
242552,
242980,
243516,
243838,
244159,
244373,
244695,
245016,
245338,
245659,
246088,
246409,
246730,
247052,
247266,
247588,
247909,
248230,
248552,
248766,
249088,
249516,
249838,
250159,
250480,
250802,
251338,
251659,
251873,
252302,
252623,
252945,
253266,
253588,
253909,
254230,
254873,
255088,
255409,
255730,
256052,
256373,
256695,
257016,
257338,
257659,
257980,
258302,
258623,
258945,
259266,
259588,
259909,
260230,
260659,
260873,
261195,
261516,
261945,
262266,
262588,
262909,
263230,
263552,
263980,
264302,
264623,
264838,
265159,
265588,
265909,
266123,
266445,
266766,
267088,
267409,
267730,
268052,
268373,
268802,
269123,
270516,

2 Column Long Note Times:
127802,
160373,

2 Column Release Times:
129516,
160802,

3 Column Hit Times:
1802,
2016,
2230,
2445,
2659,
2873,
4052,
6088,
6302,
6516,
6730,
6945,
7373,
7695,
8016,
8445,
8873,
9195,
9516,
9945,
10266,
10802,
11123,
11338,
11659,
11873,
12516,
12838,
13159,
13480,
14016,
14338,
14659,
14980,
15195,
15730,
16052,
16373,
16802,
17230,
17552,
17766,
18088,
18516,
18838,
19159,
19480,
19802,
20123,
20338,
20873,
21195,
21516,
21838,
22052,
22373,
22802,
23123,
23552,
23766,
24302,
24623,
24945,
25373,
25588,
26016,
26338,
26659,
26980,
27302,
27945,
28266,
28802,
29123,
29659,
29980,
30516,
30838,
31373,
31695,
32230,
32552,
33088,
33409,
34159,
39623,
39838,
40052,
40266,
40480,
40695,
41338,
41659,
41873,
42088,
42409,
42730,
43052,
43373,
43588,
43802,
44123,
44445,
44766,
44980,
45195,
45516,
45730,
46052,
46373,
46588,
46909,
47123,
47445,
47659,
47980,
48302,
48516,
48838,
49052,
49373,
49588,
49909,
50230,
50445,
50659,
50980,
51302,
51516,
51730,
52052,
52373,
52588,
52802,
53123,
53445,
53766,
53980,
54302,
54516,
54730,
55052,
55373,
55588,
55802,
56123,
56338,
56659,
56873,
57195,
57409,
57730,
58052,
58373,
58588,
58909,
59123,
59338,
59659,
59980,
60302,
60516,
60730,
60945,
61159,
61373,
61695,
62016,
62230,
62445,
62659,
62873,
63195,
63516,
63838,
64052,
64266,
64480,
64802,
65016,
65338,
65659,
65873,
66088,
66516,
66945,
67480,
67695,
68230,
68659,
68873,
69195,
69516,
69945,
70159,
70373,
70802,
71016,
71230,
71766,
71980,
72302,
72623,
72838,
73373,
73588,
73802,
74016,
74338,
74552,
74873,
75302,
75623,
76052,
76266,
76480,
76802,
77230,
77552,
77980,
78302,
78516,
78945,
79159,
79480,
79695,
80016,
80230,
80552,
80873,
81088,
81409,
81623,
81945,
82159,
82480,
82802,
83016,
83230,
83552,
83766,
84088,
84302,
84623,
84838,
85052,
85373,
85695,
85909,
86230,
86445,
86659,
86980,
87302,
87516,
87838,
88052,
88373,
88588,
88909,
89230,
89552,
89766,
90088,
90302,
90623,
90945,
91159,
91480,
91695,
91909,
92230,
92445,
92659,
92980,
93195,
93409,
93730,
93945,
94159,
94480,
94802,
95016,
95230,
95445,
95659,
95980,
96409,
96838,
97266,
97588,
98123,
98445,
98766,
98980,
103159,
106480,
112802,
116659,
120195,
122873,
123302,
123623,
130802,
131123,
131445,
131659,
131980,
134016,
134230,
134552,
134873,
135088,
135409,
136052,
136909,
137338,
137766,
138302,
138623,
139266,
139695,
140016,
140552,
141088,
141945,
142159,
142588,
143659,
143873,
144516,
144945,
145588,
146016,
146659,
147088,
147730,
148373,
148802,
149659,
150088,
150730,
151373,
152016,
152659,
153302,
153945,
154480,
154802,
155338,
155766,
156141,
156302,
156623,
156998,
157159,
157480,
157802,
161338,
161659,
161873,
162195,
162516,
162730,
163052,
163373,
163588,
163802,
164123,
164445,
164659,
164873,
165302,
165516,
165730,
166052,
166373,
166588,
166802,
167123,
167445,
167659,
167873,
168195,
168409,
168730,
168945,
169266,
169588,
169909,
170230,
170445,
170873,
171088,
171409,
171730,
171945,
172266,
172588,
172802,
173123,
173338,
173659,
174195,
174516,
174838,
175052,
175373,
175588,
175909,
176230,
176445,
176766,
177088,
177302,
177516,
177838,
178159,
178373,
178588,
179016,
179230,
179445,
179766,
180088,
180302,
180516,
180838,
181159,
181373,
181588,
181909,
182123,
182445,
182659,
182980,
183302,
183623,
183945,
184159,
184588,
184802,
185123,
185445,
185766,
186088,
186302,
186516,
186838,
187373,
187588,
187909,
188123,
188659,
188873,
189195,
189516,
189838,
190159,
190373,
190588,
190909,
191230,
191445,
191766,
191980,
192302,
192516,
192730,
193159,
193373,
193695,
193909,
194230,
194445,
194659,
194873,
195195,
195409,
195730,
196052,
196373,
196588,
196909,
197123,
197445,
197659,
197980,
198195,
198516,
198730,
199052,
199373,
199588,
199909,
200123,
200445,
200766,
200980,
201302,
201516,
201730,
202159,
202373,
202588,
202909,
203230,
203552,
203873,
204088,
204302,
204623,
204945,
205159,
205480,
205695,
206016,
206230,
206445,
206873,
207088,
207409,
207623,
207945,
208159,
208373,
208588,
208909,
209123,
209445,
209766,
210088,
210302,
210623,
210838,
211159,
211373,
211695,
211909,
212230,
212445,
213088,
213730,
214373,
214802,
215659,
215873,
216088,
216516,
216838,
217159,
217588,
218016,
218338,
218659,
219088,
219409,
219945,
220266,
220480,
220802,
221016,
221659,
221980,
222302,
222623,
223159,
223480,
223802,
224123,
224338,
224873,
225195,
225516,
225945,
226373,
226695,
226909,
227230,
227659,
227980,
228302,
228623,
228945,
229266,
229588,
230016,
230338,
230659,
230980,
231195,
231516,
231945,
232266,
232695,
232909,
233445,
233766,
234088,
234516,
234730,
235159,
235480,
235802,
236123,
236445,
236980,
237516,
237838,
238373,
238695,
239016,
239659,
239980,
240409,
240945,
241266,
241802,
242123,
242445,
243409,
243730,
244052,
244266,
244588,
244909,
245230,
245552,
245766,
246195,
246516,
246838,
247159,
247373,
247695,
248016,
248338,
248659,
248980,
249302,
249623,
250052,
250373,
250909,
251230,
251445,
251766,
252088,
252409,
252730,
253159,
253480,
253802,
254338,
254659,
254980,
255302,
255516,
255945,
256266,
256588,
256909,
257230,
257445,
257766,
258088,
258409,
258730,
259159,
259480,
259802,
260123,
260338,
260766,
261088,
261516,
261838,
262159,
262480,
262802,
263445,
263873,
264195,
264409,
264730,
265052,
265373,
265695,
266016,
266338,
266552,
266873,
267302,
267623,
267945,
268266,
268588,
268909,
269230,
270088,
270730,

3 Column Long Note Times:
126945,
159945,
243088,
263016,

3 Column Release Times:
127802,
160802,
243302,
263230,

4 Column Hit Times:
3730,
6945,
7373,
7802,
8230,
8552,
9088,
9516,
9945,
10373,
10802,
11230,
11552,
11980,
12302,
12623,
12945,
13266,
13588,
13802,
14230,
14552,
14873,
15302,
15516,
15838,
16373,
16695,
17016,
17445,
17873,
18195,
18516,
18945,
19373,
19695,
20016,
20445,
20659,
20980,
21516,
21945,
22373,
22802,
23230,
23445,
23873,
24088,
24516,
24945,
25266,
25695,
26230,
26445,
26766,
27088,
27409,
27730,
28588,
29445,
30302,
31159,
32016,
32873,
33945,
39623,
39838,
40052,
40266,
40480,
40695,
41230,
41552,
41766,
42088,
42302,
42516,
42838,
43159,
43373,
43695,
43909,
44230,
44445,
44659,
45088,
45302,
45516,
45838,
46159,
46373,
46695,
46909,
47230,
47445,
47766,
48088,
48302,
48623,
48838,
49159,
49373,
49695,
50016,
50230,
50552,
50766,
51088,
51302,
51516,
51838,
52052,
52266,
52588,
52909,
53230,
53445,
53659,
53980,
54195,
54516,
54838,
55159,
55373,
55588,
55802,
56016,
56445,
56659,
56980,
57195,
57409,
57623,
57945,
58159,
58373,
58695,
58909,
59123,
59445,
59659,
59873,
60195,
60516,
60730,
60945,
61159,
61480,
61909,
62230,
62445,
62659,
62980,
63302,
63516,
63730,
64052,
64266,
64588,
64802,
65123,
65445,
65659,
65873,
66088,
66302,
66623,
66838,
67159,
68016,
68659,
69195,
69516,
69730,
70052,
70373,
70802,
71016,
71230,
71659,
71873,
72088,
72302,
72623,
72838,
73159,
73480,
73695,
74230,
74659,
75088,
75302,
75516,
75838,
76052,
76266,
76588,
77016,
77338,
77659,
78088,
78302,
78623,
78945,
79266,
79480,
79802,
80016,
80338,
80659,
80873,
81195,
81409,
81730,
81945,
82266,
82588,
82802,
83230,
83445,
83873,
84088,
84409,
84623,
84838,
85159,
85373,
85588,
86016,
86338,
86659,
86873,
87088,
87409,
87730,
87945,
88266,
88480,
88802,
89016,
89338,
89659,
89873,
90088,
90409,
90730,
90945,
91266,
91480,
91802,
92016,
92338,
92659,
92873,
93195,
93409,
93623,
93945,
94266,
94695,
94909,
95123,
95445,
95659,
95873,
96302,
97159,
97695,
98016,
98552,
99195,
99409,
103052,
103480,
103802,
104123,
104445,
104766,
105088,
105409,
105730,
106052,
106373,
106695,
107016,
107338,
107659,
107980,
108302,
108623,
108945,
109266,
109588,
110230,
110552,
110873,
111195,
111516,
111838,
112159,
112480,
113659,
113980,
114302,
114623,
114945,
115266,
115588,
115909,
116230,
116552,
116980,
117302,
117623,
117945,
118266,
118588,
118909,
119230,
119552,
119873,
120516,
120838,
121159,
121480,
121802,
122123,
122445,
122766,
123088,
123730,
124052,
124373,
124695,
125016,
125338,
125659,
125980,
126302,
126623,
130373,
132302,
132516,
132838,
133159,
133373,
133695,
135730,
135945,
136266,
136588,
136802,
137123,
137445,
137659,
138088,
138516,
138945,
139373,
139909,
140230,
140659,
140873,
141088,
141730,
142373,
142802,
143016,
143445,
143659,
144088,
144516,
145159,
145802,
146445,
147088,
147516,
147945,
148588,
149230,
149873,
150516,
150945,
151373,
151802,
152445,
152873,
153516,
153945,
154373,
154909,
155230,
155659,
156088,
156302,
156677,
156945,
157159,
157534,
157802,
161230,
161445,
161659,
161980,
162302,
162516,
162838,
163159,
163373,
163695,
164016,
164230,
164445,
164659,
164980,
165195,
165516,
165838,
166159,
166373,
166588,
166909,
167338,
167659,
167873,
168088,
168516,
168730,
169052,
169373,
169588,
169802,
170123,
170445,
170659,
170873,
171195,
171516,
171838,
172159,
172373,
172588,
172909,
173230,
173659,
173980,
174302,
174516,
174945,
175159,
175373,
175695,
176016,
176230,
176552,
176873,
177088,
177409,
177730,
177945,
178159,
178373,
178695,
178909,
179230,
179552,
179873,
180088,
180302,
180623,
181052,
181373,
181588,
181802,
182230,
182445,
182766,
183088,
183302,
183516,
183838,
184159,
184373,
184588,
184909,
185230,
185445,
185659,
185980,
186302,
186623,
186945,
187373,
187695,
187909,
188123,
188659,
188980,
189302,
189516,
189730,
190052,
190373,
190695,
191016,
191338,
191659,
191980,
192195,
192516,
192838,
193052,
193373,
193588,
194123,
194445,
194659,
194980,
195516,
195730,
195945,
196266,
196588,
196802,
197230,
197445,
197766,
198088,
198409,
198730,
198945,
199159,
199480,
199802,
200230,
200445,
200659,
201195,
201516,
201730,
201945,
202159,
202373,
202695,
203016,
203230,
203445,
203766,
204088,
204409,
204730,
205052,
205373,
205695,
205909,
206230,
206552,
206766,
207088,
207302,
207838,
208159,
208373,
208695,
209230,
209445,
209659,
209980,
210302,
210516,
210945,
211159,
211480,
211802,
212123,
212445,
212659,
214373,
215659,
215873,
216088,
216516,
216945,
217373,
217695,
218230,
218659,
219088,
219516,
219945,
220373,
220695,
221123,
221445,
221766,
222088,
222409,
222730,
222945,
223373,
223695,
224016,
224445,
224659,
224980,
225516,
225838,
226159,
226588,
227016,
227338,
227659,
228088,
228516,
228838,
229159,
229802,
230123,
230659,
231088,
231516,
231945,
232373,
232588,
233016,
233230,
233659,
234088,
234409,
234838,
235373,
235588,
235909,
236230,
236552,
236873,
237088,
237730,
238373,
238802,
239230,
239659,
239873,
240302,
240516,
241159,
241802,
242230,
242659,
243302,
243623,
243945,
244480,
244802,
245123,
245445,
245873,
246088,
246516,
246945,
247373,
247802,
248230,
248659,
249088,
249409,
249730,
250373,
250695,
251016,
251230,
251552,
252088,
252516,
252838,
253052,
253373,
253802,
254123,
254445,
254659,
255195,
255516,
255838,
256159,
256480,
256802,
257123,
257552,
257873,
258195,
258516,
258838,
259052,
259373,
259695,
260016,
260445,
260659,
261088,
261409,
261730,
262052,
262373,
262695,
263766,
264088,
264516,
264945,
265373,
265802,
266230,
266659,
266980,
267195,
267516,
267838,
268159,
268480,
268802,
269230,
270302,
270945,

4 Column Long Note Times:
159516,
263016,

4 Column Release Times:
160802,
263230,

