Artist : hololive
Song Name : hololive song pack
Difficulty : 0
BPM : 190
Background Image : charts\hololive-hololive song pack\Nenenenenenenene! Daibakusou - Momosozu Nene.png
Audio : charts\hololive-hololive song pack\Nenenenenenenene! Daibakusou - Momosozu Nene.ogg

1 Column Hit Times:
2416,
3750,
4950,
5750,
6550,
6950,
7350,
8550,
10550,
13350,
13750,
14150,
14550,
16150,
16550,
16950,
18150,
20550,
20950,
21350,
21750,
23550,
23991,
24255,
24697,
24961,
25138,
25314,
25667,
25932,
26108,
27079,
27255,
27432,
27785,
27961,
28491,
28844,
30608,
30785,
31314,
31491,
31844,
32373,
32549,
32902,
33079,
33432,
33961,
34138,
34491,
34667,
36961,
37314,
37667,
38020,
38373,
39079,
39608,
39961,
40314,
40844,
41373,
41726,
42255,
42785,
43314,
43667,
44020,
44373,
44726,
45079,
45432,
45961,
46314,
46579,
46844,
47197,
48079,
48785,
49314,
49491,
50020,
50549,
51255,
51608,
51961,
53814,
54785,
54961,
55138,
55314,
56020,
56197,
56373,
56902,
57079,
58138,
58844,
59373,
59549,
60079,
60255,
60785,
60961,
61667,
61932,
62373,
62638,
63079,
63344,
63785,
64491,
64843,
65196,
73137,
73490,
74019,
74549,
74725,
76049,
76313,
76755,
77019,
77637,
77813,
78608,
79313,
80019,
80196,
80372,
80549,
80725,
81078,
85843,
91313,
91490,
91666,
91843,
94313,
94666,
95196,
95725,
96784,
97490,
97843,
98725,
98902,
99078,
99784,
100137,
100490,
101372,
101725,
102608,
102960,
103313,
103666,
106843,
107196,
107549,
107902,
108255,
108960,
109666,
109843,
110019,
110372,
110637,
110813,
111784,
111960,
112137,
112490,
112666,
113196,
113549,
115313,
115490,
116019,
116196,
116549,
117078,
117255,
117608,
117784,
118137,
118666,
118843,
119196,
119372,
121666,
122019,
122372,
122725,
123078,
123784,
124313,
124666,
125019,
125372,
127225,
128196,
128372,
128549,
128725,
129431,
129608,
129784,
130313,
130490,
131549,
132255,
132519,
132960,
133225,
133666,
133931,
134372,
135078,
135608,
135784,
136313,
136490,
137019,
137196,
138608,
140019,
145666,
146372,
146549,
146725,
147784,
147960,
148137,
149196,
149902,
150166,
150519,
150960,
151137,
151666,
152019,
152725,
153519,
153696,
153872,
154049,
154313,
159255,
164725,
164902,
165078,
165255,
167725,
168078,
168608,
169137,
170196,
170902,
171255,
172049,
172313,
172490,
172666,
172843,
173196,
173460,
173902,
174078,
174255,
174784,
175137,
176019,
176725,
178931,
179196,
179460,
180608,
182019,
183431,
185019,
185372,
187137,
187666,
189078,
189784,
190666,
191196,
191813,
192431,
192608,
194673,
195573,
195973,
196373,
196773,
197173,
197573,
198273,
199173,
199573,
199973,
200673,
201573,
201973,
202373,
203073,
204273,
205173,
205573,
205973,
206373,
206773,
207173,
207573,
207973,
208373,
208773,
209973,
210373,
210773,
211173,
211573,
211973,
212773,
213173,
219572,
220454,
223630,
225042,
226983,
227336,
229983,
230336,
230866,
231395,
232454,
233160,
233513,
234395,
234572,
234748,
235454,
235807,
236160,
236689,
237042,
237395,
238278,
238630,
238983,
239336,
242513,
242866,
243219,
243572,
243925,
244630,
245336,
245866,
246042,
246572,
246748,
246925,
247454,
247630,
248160,
248513,
248954,
249307,
249572,
249925,
250630,
250983,
251689,
252395,
252660,
252925,
253277,
253630,

1 Column Long Note Times:
2950,
7750,
12550,
17350,
26373,
29197,
29726,
30255,
34844,
35197,
35549,
36079,
52314,
52844,
55491,
63961,
70843,
72432,
75431,
81608,
81784,
81961,
82137,
82313,
82666,
83549,
84078,
85313,
86019,
86372,
86725,
87255,
87431,
87608,
87784,
87960,
88137,
89019,
89549,
90431,
90784,
92019,
92725,
93431,
96255,
96960,
98196,
99255,
99431,
101902,
104019,
104725,
105431,
106137,
111078,
113902,
114431,
114960,
119549,
119902,
120255,
120784,
125725,
126255,
127490,
128902,
137372,
141431,
141608,
141784,
142843,
143019,
143196,
143549,
154666,
155902,
156431,
156608,
156784,
156960,
157490,
158725,
159431,
159784,
160137,
160666,
160843,
161019,
161196,
161372,
161549,
162431,
162960,
163843,
164196,
165431,
166137,
166843,
169666,
170372,
171608,
175313,
177431,
180960,
181666,
182549,
182725,
183078,
183960,
184490,
186078,
188196,
188372,
188725,
190137,
191549,
192960,
215689,
216925,
218336,
219748,
221689,
222042,
227689,
228395,
229101,
231925,
232630,
233866,
234925,
235101,
237572,
239689,
240395,
241101,
241807,
254513,

1 Column Release Times:
3350,
8150,
12950,
17750,
26726,
29373,
29902,
30432,
35020,
35373,
35726,
36255,
52667,
53020,
55667,
64138,
71196,
72785,
75784,
81696,
81872,
82049,
82225,
82402,
83019,
83637,
84431,
85666,
86284,
86637,
87078,
87343,
87519,
87696,
87872,
88049,
88490,
89108,
89902,
90519,
90872,
92372,
92902,
93608,
96431,
97137,
98549,
99343,
99608,
102078,
104196,
104902,
105608,
106313,
111431,
114078,
114608,
115137,
119725,
120078,
120431,
120960,
126078,
126431,
127666,
129078,
137549,
141519,
141696,
141872,
142931,
143108,
143284,
144255,
155019,
156255,
156519,
156696,
156872,
157049,
157843,
159078,
159696,
160049,
160490,
160755,
160931,
161108,
161284,
161460,
161902,
162519,
163313,
163931,
164284,
165784,
166313,
167019,
169843,
170549,
171960,
175490,
178843,
181137,
181843,
182637,
182813,
183255,
184137,
184843,
186255,
188284,
188460,
188902,
190490,
191725,
194019,
216748,
217101,
218689,
220101,
221866,
222219,
228042,
228572,
229278,
232101,
232807,
234219,
235013,
235278,
237748,
239866,
240572,
241277,
241983,
255925,

2 Column Hit Times:
2550,
4150,
4550,
5350,
6150,
8950,
9350,
9750,
10950,
11350,
11750,
12150,
14950,
15350,
15750,
18550,
18950,
19350,
23638,
23902,
24344,
24608,
25491,
25844,
26197,
27608,
28138,
28314,
28667,
28844,
29020,
30961,
31138,
31579,
31755,
32726,
37138,
38020,
38549,
38902,
39432,
40491,
41020,
41549,
42432,
42961,
43667,
44726,
45432,
45697,
47020,
47726,
47902,
48432,
48961,
50197,
50726,
51079,
53638,
53902,
54873,
56020,
56638,
57344,
57608,
58049,
58314,
58755,
59108,
59814,
60520,
62197,
62902,
63608,
65549,
65902,
66255,
67579,
68726,
69785,
70138,
70491,
73313,
73666,
73843,
74019,
74549,
75255,
75784,
76225,
76490,
76931,
77196,
77372,
78255,
80813,
81166,
91578,
91931,
92372,
92549,
92902,
93255,
93960,
94843,
95196,
95725,
96078,
96431,
97137,
98725,
98902,
99784,
100137,
100313,
101725,
102431,
102784,
103225,
103490,
103931,
104284,
104549,
104990,
105255,
105608,
105784,
106049,
106402,
106666,
106931,
107284,
107725,
108078,
108255,
110196,
110549,
110902,
112402,
112843,
113019,
113372,
113549,
113725,
115666,
115843,
116284,
116460,
117431,
121843,
122196,
122725,
123255,
123608,
124137,
127049,
127313,
128284,
129431,
130049,
130755,
131019,
131460,
131725,
132166,
132784,
133490,
134196,
135343,
136049,
136755,
144255,
149549,
150078,
150431,
151049,
151225,
151578,
154402,
164990,
165343,
165784,
165960,
166313,
166666,
167372,
168255,
168608,
169137,
169490,
169843,
170549,
172049,
172313,
172666,
172843,
173019,
173196,
173460,
173725,
173902,
174078,
174431,
175137,
175843,
176196,
176637,
177078,
177343,
179019,
179372,
179549,
180784,
181490,
182990,
183608,
184313,
185549,
186255,
186960,
187666,
188549,
189078,
189784,
190137,
190490,
191813,
192431,
192608,
194373,
194773,
195173,
196773,
197173,
197573,
199173,
199573,
199973,
200373,
200773,
201173,
201873,
202773,
203173,
203573,
203973,
206673,
208373,
208773,
209173,
209573,
210273,
212373,
212673,
217983,
218160,
219395,
220101,
220278,
220630,
223101,
223278,
223719,
224513,
224689,
225130,
226101,
226454,
227072,
227248,
227513,
228572,
228925,
229630,
230513,
230866,
231395,
231748,
232101,
232807,
234395,
234572,
235454,
235807,
235983,
237395,
238101,
238454,
238895,
239160,
239601,
239954,
240219,
240660,
240925,
241277,
241454,
241719,
242072,
242336,
242601,
242954,
243395,
243748,
243925,
245513,
245689,
245954,
246219,
246395,
246660,
246925,
247101,
247366,
247630,
247807,
248072,
248248,
248601,
248866,
249219,
249572,
249836,
250101,
250277,
250542,
250807,
250983,
251160,
251513,
251689,
251866,
252219,
252660,
253101,
253454,

2 Column Long Note Times:
3350,
8150,
10150,
12950,
17750,
19750,
26726,
29549,
29902,
30255,
32020,
33432,
35020,
35549,
35902,
36255,
52844,
54432,
61314,
64138,
71373,
72432,
81608,
81784,
81961,
82313,
82666,
83725,
84078,
84784,
85490,
86725,
87255,
87431,
87608,
87960,
88313,
88666,
88843,
89196,
89902,
90431,
90784,
90960,
91137,
94490,
97666,
98196,
99431,
100666,
100843,
101196,
108960,
111431,
114255,
114608,
114960,
116725,
118137,
119725,
120255,
120608,
120960,
126255,
127490,
134725,
137549,
139313,
145313,
147078,
147255,
147431,
148490,
148666,
148843,
154666,
155549,
155902,
156431,
156608,
156784,
157137,
157490,
158196,
158902,
160137,
160666,
160843,
161019,
161372,
161725,
162078,
162255,
162608,
163313,
163843,
164196,
164372,
164549,
167902,
171078,
171608,
174608,
179725,
180078,
181137,
182372,
184843,
185902,
186608,
188019,
189431,
190843,
192078,
214278,
216395,
222572,
228042,
230160,
233336,
233866,
235101,
236336,
236513,
236866,
244630,

2 Column Release Times:
3750,
8550,
10550,
13350,
18150,
20150,
27079,
29726,
30079,
30432,
32373,
34844,
35197,
35726,
36079,
36961,
53020,
54785,
61667,
64491,
71726,
72785,
81696,
81872,
82049,
82402,
83019,
83813,
84431,
84872,
85843,
87078,
87343,
87519,
87696,
88049,
88578,
88755,
88931,
89549,
90255,
90519,
90872,
91049,
91313,
94666,
97843,
98549,
99608,
100755,
101019,
101372,
109666,
111784,
114431,
114784,
115137,
117078,
119549,
119902,
120431,
120784,
121666,
126431,
127666,
135078,
137902,
140019,
145666,
147166,
147343,
147519,
148578,
148755,
148931,
155019,
155637,
156255,
156519,
156696,
156872,
157225,
157843,
158284,
159255,
160490,
160755,
160931,
161108,
161460,
161990,
162166,
162343,
162960,
163666,
163931,
164284,
164460,
164725,
168078,
171255,
171960,
174784,
179902,
180255,
181313,
182549,
185196,
186078,
186784,
188196,
189608,
191196,
192255,
215689,
217101,
222925,
228219,
230336,
233513,
234219,
235278,
236425,
236689,
237042,
245336,

3 Column Hit Times:
1750,
2150,
2683,
2950,
3750,
4950,
6550,
6950,
7350,
8150,
8950,
9350,
9750,
11350,
11750,
12150,
13350,
16150,
16550,
16950,
17350,
17750,
18550,
18950,
19750,
20950,
21350,
23550,
23814,
24079,
24255,
24520,
24785,
24961,
25138,
25314,
25667,
25932,
26108,
26373,
26550,
27079,
27697,
28491,
28755,
29020,
31314,
31491,
31844,
32902,
33079,
33344,
33608,
33785,
34138,
36961,
37226,
37844,
38726,
39432,
40138,
40844,
41197,
41549,
42079,
42255,
42961,
44197,
44726,
45079,
45961,
47108,
48255,
48608,
49138,
49667,
50020,
50726,
50902,
51432,
52314,
52755,
53461,
55049,
55314,
56285,
56991,
57697,
57961,
58402,
58667,
59373,
60079,
60785,
61932,
62638,
63344,
65549,
66608,
66961,
67314,
67667,
68726,
69079,
69432,
69785,
72961,
73490,
74196,
74902,
75255,
75872,
76137,
76578,
76843,
77284,
77461,
77902,
78255,
78608,
79313,
80990,
91578,
91931,
92372,
92902,
93608,
94313,
94666,
95372,
98637,
100049,
100490,
102078,
102431,
102872,
103137,
103578,
103843,
104196,
104372,
104637,
104902,
105078,
105343,
105696,
105960,
106313,
106490,
106755,
107019,
107372,
107637,
107990,
109666,
109843,
110019,
110372,
110637,
110813,
111078,
111255,
111784,
112313,
113196,
113460,
113725,
116019,
116196,
116549,
117608,
117784,
118049,
118313,
118490,
118843,
121666,
121931,
122549,
123431,
124137,
124843,
125725,
126166,
126872,
127313,
128460,
128725,
129696,
130402,
131108,
131372,
131813,
132078,
132519,
133225,
133931,
135608,
136313,
137019,
138608,
140019,
144255,
145666,
149196,
149372,
149725,
150696,
150872,
151313,
151490,
152019,
152725,
154225,
154490,
164990,
165343,
165784,
166313,
167019,
167725,
168078,
168784,
171960,
172137,
172755,
173019,
173372,
173549,
173725,
173990,
174431,
175490,
175843,
176284,
176549,
176990,
177255,
178843,
179108,
179284,
179637,
181313,
182902,
183431,
184137,
184490,
184843,
185725,
186431,
186960,
187843,
188637,
189255,
189960,
190313,
190843,
191725,
191902,
192519,
195573,
195973,
197973,
198373,
198773,
200373,
200773,
203973,
204373,
204773,
205173,
205573,
207573,
207973,
209073,
209973,
210373,
211473,
212373,
217278,
217454,
217630,
217807,
218689,
218866,
219042,
219219,
220807,
223013,
223807,
224425,
225219,
225395,
225748,
225925,
226278,
227160,
227425,
227601,
228572,
229278,
229983,
230336,
231042,
234307,
235719,
236160,
237748,
238101,
238542,
238807,
239248,
239513,
239866,
240042,
240307,
240572,
240748,
241013,
241366,
241630,
241983,
242160,
242425,
242689,
243042,
243307,
243660,
245601,
245866,
246042,
246307,
246572,
246748,
247013,
247277,
247454,
247719,
247983,
248160,
248336,
248689,
249042,
249395,
249748,
249925,
250189,
250454,
250630,
250895,
251248,
251954,
252395,
252572,
252925,
253366,

3 Column Long Note Times:
5750,
10550,
15350,
20150,
29373,
29902,
30432,
32373,
35373,
35902,
53020,
54255,
55667,
61314,
64138,
71902,
81255,
82137,
82490,
83019,
83196,
83372,
83902,
84431,
84608,
84961,
85137,
85490,
86902,
88313,
88666,
88843,
89019,
89549,
90078,
90255,
90608,
90960,
91137,
93078,
93784,
95019,
95549,
95902,
96608,
97313,
98019,
99255,
99431,
100843,
101549,
108255,
114078,
114608,
115137,
117078,
120078,
120608,
126431,
127666,
129078,
134725,
137549,
141431,
141608,
141784,
142843,
143019,
143196,
155019,
155196,
155372,
155725,
156078,
157313,
157843,
158019,
158372,
158549,
158902,
160313,
161725,
162078,
162255,
162431,
162960,
163490,
163666,
164019,
164372,
164549,
166490,
167196,
168431,
168960,
169313,
170019,
170725,
171431,
174960,
179902,
180431,
181843,
182196,
183784,
185196,
187490,
191196,
192255,
192784,
196373,
201173,
205973,
210773,
216748,
221160,
222395,
223983,
226807,
228748,
229454,
230689,
231219,
231572,
232278,
232983,
233689,
234925,
235101,
236513,
237219,
243925,

3 Column Release Times:
6150,
10950,
15750,
20550,
29549,
30079,
30608,
32726,
35549,
36079,
53373,
54432,
56020,
61667,
64491,
72255,
81608,
82225,
82843,
83108,
83284,
83461,
84255,
84519,
84696,
85049,
85225,
85843,
87255,
88578,
88755,
88931,
89108,
89902,
90166,
90343,
90696,
91049,
91313,
93255,
93960,
95196,
95725,
96078,
96784,
97490,
98196,
99343,
99608,
101019,
101725,
108960,
114255,
114784,
115313,
117431,
120255,
120784,
126784,
128196,
129431,
135078,
137902,
141519,
141696,
141872,
142931,
143108,
143284,
155108,
155284,
155460,
155813,
156431,
157666,
157931,
158108,
158460,
158637,
159255,
160666,
161990,
162166,
162343,
162519,
163313,
163578,
163755,
164108,
164460,
164725,
166666,
167372,
168608,
169137,
169490,
170196,
170902,
171608,
175137,
180078,
180608,
182019,
182372,
183960,
185549,
187666,
191549,
192431,
192960,
196773,
201573,
206373,
211173,
217101,
221513,
222572,
224336,
226983,
228925,
229630,
230866,
231395,
231748,
232454,
233160,
233866,
235013,
235278,
236689,
237395,
244630,

4 Column Hit Times:
2816,
3350,
4150,
4550,
6150,
7750,
8550,
10150,
10950,
12550,
12950,
13750,
14150,
14550,
15750,
18150,
19350,
20150,
20550,
21750,
23726,
23902,
24167,
24432,
24608,
24873,
25491,
25844,
26197,
26726,
26902,
27255,
27432,
27785,
27961,
28138,
28314,
28755,
30608,
30785,
30961,
31138,
31579,
31755,
32020,
32197,
32726,
33255,
33785,
34314,
34491,
37314,
38197,
38726,
39255,
39785,
40138,
40667,
41902,
42608,
43138,
43491,
43844,
45079,
45432,
45697,
45961,
46314,
46579,
46844,
47197,
47549,
47902,
48608,
49314,
49844,
50373,
51432,
51608,
51961,
52667,
53373,
53549,
53726,
53902,
55226,
56549,
56726,
57255,
57432,
57785,
58491,
58844,
59108,
59549,
59814,
60255,
60520,
60961,
61667,
62197,
62373,
62902,
63079,
63608,
63785,
65461,
66608,
67667,
68020,
68373,
69696,
72961,
73313,
73666,
73843,
74902,
75078,
75961,
76402,
76666,
77108,
77549,
77725,
77902,
78608,
79313,
80108,
80284,
80461,
80637,
80902,
85843,
91313,
91490,
91666,
91843,
92549,
93255,
93608,
93960,
94843,
95372,
96078,
96431,
96784,
97137,
97490,
97843,
98372,
98549,
99078,
99960,
100313,
101372,
102078,
102960,
103313,
103666,
106843,
107108,
107460,
107813,
108166,
108960,
110196,
110549,
110902,
111431,
111608,
111960,
112137,
112490,
112666,
112843,
113019,
113460,
115313,
115490,
115666,
115843,
116284,
116460,
116725,
116902,
117431,
117960,
118490,
119019,
119196,
122019,
122902,
123431,
123960,
124490,
124843,
125019,
125372,
126078,
126784,
126960,
127137,
128637,
129960,
130137,
130666,
130843,
131196,
131902,
132255,
132784,
132960,
133490,
133666,
134196,
134372,
135078,
135343,
135784,
136049,
136490,
136755,
137196,
140725,
140902,
141078,
142137,
142313,
142490,
149460,
149813,
150255,
150608,
150784,
151313,
151666,
152019,
152725,
153431,
153608,
153784,
153960,
154137,
154578,
159255,
164725,
164902,
165078,
165255,
165960,
166666,
167019,
167372,
168255,
168784,
169490,
169843,
170196,
170549,
170902,
171255,
171784,
171960,
172137,
172490,
172755,
173372,
173549,
173990,
174255,
174784,
175490,
176372,
176902,
178843,
179196,
179549,
180608,
181313,
182019,
184137,
184666,
185196,
186255,
191019,
191372,
191725,
191902,
192519,
194373,
194773,
195173,
195873,
197073,
197973,
198373,
198773,
199473,
201573,
201973,
202373,
202773,
203173,
203573,
204373,
204773,
205473,
206373,
206773,
207173,
207873,
209173,
209573,
211173,
211573,
211973,
212773,
213173,
217101,
220983,
222925,
223454,
224336,
224866,
225572,
226630,
226983,
227336,
228925,
229278,
229630,
230513,
231042,
231748,
232101,
232454,
232807,
233160,
233513,
234042,
234219,
234748,
235278,
235630,
235983,
237042,
237748,
238630,
238983,
239336,
242513,
242777,
243130,
243483,
243836,
244630,
245336,
245513,
245689,
246219,
246395,
247101,
247277,
247807,
247983,
248425,
248777,
249130,
249483,
250983,
251248,
251513,
251954,
252219,
253101,
253542,
253719,

4 Column Long Note Times:
5350,
14950,
29197,
29549,
30079,
34844,
35197,
35726,
36255,
44373,
54255,
55667,
61138,
70843,
71373,
71902,
74196,
75431,
81255,
82490,
83019,
83196,
83372,
83549,
83725,
83902,
84431,
84608,
84784,
84961,
85137,
85313,
86019,
86372,
86902,
87784,
88137,
89196,
90078,
90255,
90608,
92019,
94137,
100666,
100843,
102255,
104019,
104725,
105431,
106137,
113902,
114255,
114784,
119549,
119902,
120431,
120960,
127666,
129078,
134549,
137902,
139666,
144960,
147078,
147255,
147431,
148490,
148666,
148843,
155019,
155196,
155372,
155549,
155725,
156078,
156960,
157137,
157313,
157843,
158019,
158196,
158372,
158549,
158725,
159431,
159784,
160313,
161196,
161549,
162608,
163490,
163666,
164019,
165431,
167549,
175666,
180255,
182549,
182725,
183255,
185549,
186784,
187313,
188196,
188372,
188902,
189608,
190490,
192960,
215689,
221689,
222042,
227689,
228219,
229807,
236336,
236513,
237925,
239689,
240395,
241101,
241807,
250277,
254513,

4 Column Release Times:
5750,
15350,
29373,
29726,
30255,
35020,
35373,
35902,
36961,
44726,
54432,
56020,
61314,
71196,
71726,
72255,
74549,
75784,
81608,
82843,
83108,
83284,
83461,
83637,
83813,
84255,
84519,
84696,
84872,
85049,
85225,
85666,
86284,
86637,
87255,
87872,
88490,
89549,
90166,
90343,
90696,
92372,
94313,
100755,
101019,
102431,
104196,
104902,
105608,
106313,
114078,
114431,
114960,
119725,
120078,
120608,
121666,
128196,
129431,
134725,
138608,
140019,
145666,
147166,
147343,
147519,
148578,
148755,
148931,
155108,
155284,
155460,
155637,
155813,
156431,
157049,
157225,
157666,
157931,
158108,
158284,
158460,
158637,
159078,
159696,
160049,
160666,
161284,
161902,
162960,
163578,
163755,
164108,
165784,
167725,
175843,
180431,
182637,
182813,
183431,
185902,
186960,
187490,
188284,
188460,
189078,
189784,
190843,
194019,
216748,
221866,
222219,
228042,
228572,
229983,
236425,
236689,
238101,
239866,
240572,
241277,
241983,
250895,
255925,

