Artist : hololive
Song Name : hololive song pack
Difficulty : 0
BPM : 190
Background Image : charts\hololive-hololive song pack\Ochame Kinou - 5th Gen.ver.png
Audio : charts\hololive-hololive song pack\Ochame Kinou - 5th Gen.ver.ogg

1 Column Hit Times:
1800,
2000,
2300,
3400,
3600,
3900,
5000,
5200,
5500,
7050,
8500,
11700,
14900,
18100,
20300,
20500,
21100,
21600,
23700,
25300,
26300,
26900,
27700,
28500,
29300,
30900,
31700,
32700,
34100,
34700,
35300,
35700,
37300,
39100,
39700,
40500,
41300,
42100,
42900,
43700,
44500,
45300,
46900,
47500,
47900,
49900,
50300,
51500,
51900,
53100,
53500,
53700,
53900,
55100,
55500,
55900,
56300,
56900,
57100,
57500,
58100,
58600,
59100,
59500,
59900,
60300,
60600,
60800,
61900,
62300,
62600,
63100,
64100,
64300,
64700,
65100,
65500,
65800,
66300,
66700,
68300,
68700,
69000,
69500,
70300,
70700,
70900,
71900,
72200,
72700,
73100,
74300,
75300,
75500,
75700,
76000,
81000,
85500,
85700,
85900,
86900,
87500,
87900,
88300,
88700,
89100,
89500,
89900,

1 Column Long Note Times:
1300,
2900,
4500,
5900,
6500,
7300,
7900,
9100,
9900,
11100,
12300,
12900,
13500,
14300,
15500,
16300,
17500,
18700,
19700,
21900,
22500,
23100,
24700,
27900,
30300,
33500,
35900,
36700,
38300,
39900,
40700,
46300,
48300,
49100,
50700,
52300,
54300,
54700,
61300,
63500,
67100,
67700,
69900,
71500,
73500,
73900,
74700,
76300,
76700,
77100,
77500,
77900,
78300,
78900,
79500,
80100,
80700,
81300,
81900,
82500,
83100,
83900,
84500,
85100,
90300,

1 Column Release Times:
1500,
3100,
4700,
6100,
6700,
7500,
8300,
9500,
10200,
11500,
12500,
13100,
13900,
14700,
15900,
16600,
17900,
19100,
19900,
22100,
22700,
23500,
24900,
28100,
30500,
33700,
36300,
36900,
38500,
40100,
40900,
46500,
48500,
49500,
51100,
52700,
54500,
54900,
61500,
63700,
67300,
67900,
70100,
71700,
73700,
74100,
75100,
76500,
76900,
77300,
77700,
78100,
78500,
79100,
79700,
80500,
80900,
81500,
82100,
82700,
83300,
84100,
84700,
85300,
90500,

2 Column Hit Times:
1500,
1800,
2000,
2300,
3100,
3400,
3600,
3900,
4700,
5000,
5200,
5500,
7000,
8700,
11900,
15100,
18300,
20600,
21100,
21400,
24500,
24900,
26100,
26500,
27700,
28100,
29500,
30100,
32500,
34100,
34500,
34900,
35300,
35766,
36500,
38100,
38900,
39700,
40100,
41300,
42500,
45700,
46100,
46500,
46900,
47500,
50100,
50300,
51700,
51900,
53300,
53500,
54100,
54700,
55200,
55500,
56500,
57100,
57800,
58100,
58700,
59300,
59500,
59700,
59900,
60300,
60600,
60800,
61900,
62600,
62900,
63300,
64200,
64500,
64900,
65800,
66100,
66300,
66700,
66900,
68300,
68700,
69100,
69300,
69500,
70600,
71100,
71500,
72100,
72300,
72500,
72900,
73100,
73400,
73700,
74233,
75300,
75500,
75700,
76000,
81000,
85500,
85700,
86300,
87100,
87500,
87900,
88300,
88700,
89500,
89900,

2 Column Long Note Times:
1100,
2700,
4300,
5900,
6500,
7300,
8100,
8900,
9300,
9800,
10200,
11300,
12100,
12500,
13100,
13500,
14500,
15300,
15700,
16200,
16600,
17700,
18500,
19100,
19500,
19900,
21900,
22300,
22900,
23900,
25500,
27100,
28700,
31100,
31900,
33100,
37100,
41500,
43100,
43900,
44700,
45100,
48500,
49500,
50500,
51100,
52100,
52700,
53700,
54300,
61500,
62100,
63700,
65300,
67100,
67500,
70100,
73900,
74700,
76500,
77300,
77900,
78300,
78700,
79100,
79500,
79900,
80500,
81500,
81900,
82300,
82900,
83300,
83700,
84100,
84700,
89100,
90100,
90300,

2 Column Release Times:
1300,
2900,
4500,
6100,
6700,
7500,
8300,
9100,
9500,
9900,
10500,
11500,
12300,
12700,
13300,
13900,
14700,
15500,
15900,
16300,
16900,
17900,
18700,
19300,
19700,
20300,
22100,
22500,
23100,
24100,
25700,
27300,
28900,
31300,
32100,
33300,
37300,
41700,
43300,
44100,
44900,
45300,
48700,
49900,
50700,
51500,
52300,
53100,
53900,
54500,
61700,
62300,
63900,
65500,
67300,
67700,
70300,
74100,
75100,
76700,
77500,
78100,
78500,
78900,
79300,
79700,
80100,
80900,
81700,
82100,
82500,
83100,
83500,
83900,
84300,
85100,
89400,
90200,
90500,

3 Column Hit Times:
1500,
2100,
3100,
3700,
4700,
5300,
6900,
10300,
16700,
20700,
21000,
21400,
21700,
24100,
24500,
25700,
26100,
30100,
30500,
30900,
31300,
31700,
33300,
35100,
35833,
36500,
36900,
38100,
38500,
38900,
39300,
41700,
42100,
42300,
42900,
43300,
43700,
47300,
47900,
49300,
49700,
50600,
50800,
51100,
52200,
52700,
53800,
54100,
54900,
55300,
55700,
56200,
57300,
57900,
58300,
58700,
59100,
59600,
59800,
60000,
60500,
60900,
62300,
62700,
63100,
63500,
63900,
64200,
64700,
65700,
65900,
66500,
67000,
68900,
69100,
69300,
69700,
70500,
70700,
70900,
71300,
71500,
71900,
72300,
72700,
73100,
73300,
74100,
75400,
75900,
76100,
80900,
85600,
85800,
86100,
86900,
87100,
87800,
88200,
88600,
89000,
89800,

3 Column Long Note Times:
2500,
4100,
5700,
6200,
7100,
7700,
8200,
8600,
9700,
10500,
10900,
11400,
11800,
12700,
13100,
14100,
14600,
15000,
16100,
16900,
17300,
17800,
18200,
18900,
19300,
19900,
22300,
22700,
23500,
25100,
26700,
27500,
28300,
29100,
32300,
33900,
36100,
37500,
40300,
41100,
44300,
45900,
46700,
48700,
50200,
51800,
53400,
54500,
61700,
65100,
67500,
67900,
68500,
69900,
73700,
74300,
76300,
76900,
77500,
78100,
78500,
78900,
79300,
79700,
80100,
80500,
81100,
81500,
82300,
82700,
83300,
83900,
84300,
84900,
85300,
89400,
90100,
90300,

3 Column Release Times:
2700,
4300,
5900,
6400,
7300,
7900,
8300,
8900,
9900,
10700,
11100,
11500,
12100,
12900,
13300,
14300,
14700,
15300,
16300,
17100,
17500,
17900,
18500,
19100,
19700,
20300,
22500,
22900,
23700,
25300,
26900,
27700,
28500,
29300,
32500,
34100,
36300,
37700,
40500,
41300,
44500,
46100,
46900,
49100,
50500,
52100,
53700,
54700,
61900,
65300,
67700,
68300,
68700,
70100,
73900,
74700,
76500,
77100,
77700,
78300,
78700,
79100,
79500,
79900,
80300,
80700,
81300,
82100,
82500,
82900,
83700,
84100,
84500,
85100,
85500,
89700,
90200,
90500,

4 Column Hit Times:
1500,
1700,
2100,
3100,
3300,
3700,
4700,
4900,
5300,
6950,
10100,
16500,
20300,
20700,
20900,
21300,
21700,
23700,
25300,
26900,
27300,
28500,
28900,
29300,
29700,
32100,
32500,
32900,
33300,
33700,
34900,
35500,
35900,
37300,
37700,
40500,
40900,
44100,
44500,
44900,
45300,
45500,
46100,
47700,
48100,
49100,
49500,
50500,
50900,
51300,
52100,
52300,
52500,
52900,
53600,
53900,
54200,
55400,
55700,
56100,
56300,
56600,
57000,
57700,
57900,
58500,
58900,
59400,
59600,
60000,
60300,
60500,
60900,
62500,
62700,
62900,
63300,
63500,
63900,
64300,
64500,
64900,
65100,
65500,
65900,
66100,
66500,
66700,
66900,
69000,
69700,
69900,
70300,
70600,
71100,
71300,
72200,
72500,
72900,
74166,
75400,
75900,
76100,
80900,
85600,
85800,
87700,
88100,
88500,
88900,
89300,

4 Column Long Note Times:
1100,
2300,
2700,
3900,
4300,
5500,
6200,
7100,
7500,
8300,
9500,
10700,
11500,
12300,
12700,
13300,
13900,
14700,
15900,
17100,
17900,
18700,
19300,
22100,
22700,
23100,
24300,
25900,
29900,
30700,
31500,
34300,
36300,
37900,
38700,
39500,
41900,
42700,
43500,
47100,
48500,
49900,
51500,
53100,
54500,
54900,
61900,
67300,
67900,
68300,
71700,
73500,
74300,
76700,
77100,
77700,
78700,
79100,
79900,
80300,
81100,
81700,
82100,
82700,
83100,
83500,
84100,
84700,
85100,
86500,
89700,
90100,

4 Column Release Times:
1300,
2500,
2900,
4100,
4500,
5700,
6400,
7300,
7900,
8600,
9900,
11100,
11800,
12500,
12900,
13500,
14300,
15000,
16300,
17500,
18200,
19100,
19700,
22300,
22900,
23500,
24500,
26100,
30100,
30900,
31700,
34500,
36500,
38100,
38900,
39700,
42100,
42900,
43700,
47300,
48700,
50200,
51800,
53400,
54700,
55100,
62100,
67500,
68100,
68500,
71900,
73700,
74700,
76900,
77300,
78500,
78900,
79300,
80100,
80500,
81300,
81900,
82300,
82900,
83300,
83700,
84500,
84900,
85300,
86900,
89900,
90200,

