Artist : Various Artists
Song Name : Jumpstream Practice Pack (JPP)
Difficulty : Over Drive
BPM : 190
Background Image : charts\Various Artists-Jumpstream Practice Pack (JPP)\Overdrive.jpg
Audio : charts\Various Artists-Jumpstream Practice Pack (JPP)\ Overdrive.mp3

1 Column Hit Times:
4250,
4500,
7531,
7718,
7906,
8187,
8375,
8656,
8937,
9125,
9312,
9593,
9875,
10156,
10437,
10625,
10906,
11093,
11375,
11562,
11937,
12125,
12406,
12593,
12875,
13062,
13250,
13437,
13625,
13812,
14000,
14843,
15125,
15500,
16812,
17281,
17843,
18125,
18500,
18875,
19437,
19812,
20000,
20375,
20562,
20843,
21125,
21312,
21593,
21875,
22062,
22250,
22531,
22812,
23093,
23375,
23562,
23937,
24125,
24593,
24875,
25062,
25531,
25718,
25906,
26093,
26375,
26562,
26937,
27125,
27406,
27593,
27875,
28062,
28343,
28531,
28718,
28906,
29187,
29375,
29656,
29843,
30125,
30312,
30687,
30875,
31156,
32000,
32187,
32562,
32750,
33031,
33218,
33500,
33687,
34062,
34250,
34437,
34625,
34812,
35187,
35375,
35656,
35843,
36125,
36312,
36687,
36875,
37156,
37343,
37625,
37906,
38187,
38468,
38656,
38937,
39125,
39500,
39687,
39968,
40156,
40437,
40625,
40906,
41281,
42031,
42406,
42687,
42968,
43250,
43437,
43718,
44000,
44375,
44937,
45125,
45500,
45875,
46062,
46343,
46625,
46812,
47093,
47375,
47562,
47750,
48031,
48312,
48593,
48781,
49062,
49343,
49531,
49718,
49906,
50093,
50375,
50750,
50937,
51218,
51593,
51781,
52062,
52250,
52625,
52812,
53000,
53375,
53656,
53937,
54125,
54500,
54875,
55156,
56000,
56281,
56656,
57031,
57406,
57687,
57968,
58250,
58437,
58625,
58812,
59187,
59375,
59656,
59843,
60125,
60312,
60687,
60875,
61156,
61343,
61625,
61812,
62093,
62375,
62656,
62843,
63125,
63406,
63687,
63875,
64062,
64437,
64625,
64812,
65000,
65375,
65562,
65843,
66031,
66312,
66500,
66875,
67062,
67343,
67531,
67812,
68000,
68281,
68468,
68750,
68937,
69312,
69500,
69781,
70062,
70250,
70531,
70718,
70906,
71375,
71937,
72125,
72781,
72968,
73156,
74000,
74187,
74375,
74656,
75031,
75406,
75687,
75875,
76156,
76343,
76531,
76812,
77000,
77187,
77437,
77687,
77937,
78187,
78500,
78687,
78968,
79156,
79625,
80000,
80375,
80562,
80843,
81031,
81500,
81687,
81968,
82156,
82437,
82625,
83000,
83375,
83750,
84031,
84312,
84593,
84781,
85062,
85437,
85718,
86000,
86281,
86468,
86843,
87031,
87312,
87500,
87781,
87968,
88250,
88531,
88718,
89000,
89375,
89656,
89843,
90125,
90312,
90593,
90781,
91062,
91250,
91531,
91718,
92000,
92375,
92562,
92937,
93125,
93406,
93687,
93968,
94250,
94437,
94812,
95000,
95187,
95375,
95656,
95843,
96125,
96312,
96500,
96781,
97062,
97250,
97531,
97718,
98000,
98187,
98468,
98750,
98937,
99218,
99500,
99687,
99875,
100250,
100437,
100625,
100812,
101000,
101562,
101750,
102312,
102500,
102781,
103062,
103343,
103625,
103812,
104187,
104375,
104656,
104843,
105125,
105312,
105593,
105875,
106156,
106531,
106906,
107187,
107468,
107750,
108031,
108312,
108687,
108968,
109250,
109531,
109812,
110187,
110375,
110750,
111125,
111406,
111781,
112250,
112531,
112718,
112906,
113375,
113750,
114031,
114312,
114687,
114875,
115250,
115437,
115718,
116000,
116375,
116750,
117050,
117275,
117500,
117875,
118062,
118437,
118687,
118937,
119187,
119562,
119937,
120312,
120500,
120781,
121062,
121250,
121625,
121812,
122093,
122375,
122562,
122750,
122937,
123218,
123500,
123968,
124250,
124437,
124625,
124812,
125656,
126625,
127625,
127906,
128468,
129500,
129968,
130718,
130906,
131187,
131656,
132500,
132875,
133156,
133625,
134000,
134281,
135593,
135968,
136718,
136906,
139156,
139500,
142531,
142718,
142906,
143187,
143375,
143656,
143937,
144125,
144312,
144593,
144875,
145156,
145437,
145625,
145906,
146093,
146375,
146562,
146937,
147125,
147406,
147593,
147875,
148062,
148250,
148437,
148625,
148812,
149000,
149375,
149750,
150000,
150250,
150500,
151250,
151500,
151750,
152000,
152625,
153125,
153500,
153750,
154500,
154750,

1 Column Long Note Times:
2000,
5000,
15875,
41562,
125000,
130437,
134750,
136250,
140000,

1 Column Release Times:
4156,
7250,
16250,
41750,
125375,
130625,
135500,
136625,
142250,

2 Column Hit Times:
4250,
4500,
7343,
7531,
7718,
7906,
8093,
8375,
8562,
8843,
9125,
9406,
9687,
9875,
10062,
10343,
10625,
10812,
11187,
11375,
11656,
11843,
12125,
12312,
12687,
12875,
13156,
13437,
13625,
13812,
14000,
14281,
14750,
15031,
15406,
15781,
16531,
16812,
17187,
17937,
18406,
18593,
19531,
19812,
20093,
20281,
20562,
20750,
20937,
21500,
21687,
22250,
22531,
22906,
23187,
23375,
23843,
24125,
24312,
24687,
24875,
25343,
25531,
25718,
25906,
26187,
26375,
26656,
26843,
27125,
27312,
27687,
27875,
28156,
28531,
28718,
28906,
29093,
29375,
29562,
29937,
30125,
30406,
30593,
30875,
31062,
31343,
31531,
31718,
32000,
32281,
32468,
32750,
32937,
33312,
33500,
33781,
33968,
34250,
35093,
35375,
35562,
35937,
36125,
36406,
36593,
36875,
37062,
37437,
37625,
37812,
38093,
38281,
38562,
38750,
39125,
39312,
39593,
39781,
40062,
40250,
40437,
40625,
40906,
41093,
42031,
42500,
42781,
43062,
43250,
43531,
43812,
44000,
44281,
44937,
45125,
45593,
45875,
46156,
46437,
46625,
46906,
47281,
47562,
47843,
48031,
48312,
48500,
48781,
49062,
49250,
49437,
49718,
49906,
50093,
50281,
50562,
50843,
51125,
51406,
51781,
51968,
52250,
52437,
52625,
52812,
53000,
53281,
53468,
53750,
54031,
54312,
54500,
54781,
55062,
55343,
55531,
55718,
56000,
56375,
56562,
56843,
57125,
57406,
57593,
57875,
58156,
58437,
58625,
58812,
59093,
59375,
59562,
59937,
60125,
60406,
60593,
60875,
61062,
61437,
61625,
61906,
62187,
62375,
62562,
62937,
63125,
63312,
63593,
63875,
64156,
64437,
64625,
64812,
65093,
65281,
65562,
65750,
66125,
66312,
66593,
66781,
67062,
67250,
67625,
67812,
68093,
68375,
68562,
68937,
69125,
69406,
69593,
69875,
70062,
70343,
70531,
70718,
70906,
71375,
71562,
72781,
72968,
73156,
74187,
74375,
74562,
74843,
75125,
75312,
75500,
75687,
75968,
76156,
76437,
76625,
76812,
77000,
77250,
77500,
77750,
78000,
78250,
78437,
78875,
79250,
79437,
79718,
79906,
80187,
80375,
80750,
81218,
81406,
81687,
81875,
82250,
82437,
82718,
82906,
83187,
83468,
83750,
84125,
84406,
84593,
84875,
85156,
85343,
85625,
85812,
86187,
86468,
86656,
86937,
87218,
87500,
87687,
88062,
88250,
88437,
88812,
89000,
89375,
89562,
89937,
90125,
90406,
90687,
90968,
91250,
91437,
91812,
92000,
92375,
92656,
92843,
93125,
93312,
93593,
93781,
94062,
94250,
94531,
94718,
95000,
95187,
95468,
95937,
96125,
96312,
96593,
96968,
97250,
97437,
97812,
98000,
98281,
98562,
98750,
99031,
99312,
99500,
99687,
99968,
100156,
100437,
100625,
100812,
101000,
101187,
101468,
101750,
101937,
102218,
102500,
102687,
102875,
103156,
103437,
103625,
103906,
104093,
104375,
104562,
104937,
105125,
105406,
105687,
106062,
106812,
107093,
107375,
107750,
108125,
108406,
108593,
108875,
109250,
109625,
109906,
110093,
110468,
110750,
111031,
111312,
111687,
111875,
112156,
112437,
112718,
112906,
113187,
113375,
113937,
114218,
114500,
114875,
115437,
115812,
116187,
116375,
116825,
117125,
117350,
117687,
117875,
118375,
118625,
118875,
119187,
119562,
120125,
120312,
120593,
120875,
121062,
121343,
121531,
121812,
122000,
122187,
122468,
122750,
123031,
123312,
123500,
123781,
124062,
124250,
124437,
124625,
124812,
125000,
125375,
126750,
127000,
127625,
127812,
128375,
128656,
129500,
129781,
130062,
130718,
130906,
131093,
131375,
132593,
132781,
133062,
133625,
134000,
134375,
134656,
135500,
135781,
136718,
136906,
139156,
139375,
142343,
142531,
142718,
142906,
143093,
143375,
143562,
143843,
144125,
144406,
144687,
144875,
145062,
145343,
145625,
145812,
146187,
146375,
146656,
146843,
147125,
147312,
147687,
147875,
148156,
148437,
148625,
148812,
149000,
149250,
149500,
149750,
150000,
150250,
150500,
151250,
151500,
151750,
152500,
152875,
153250,
153500,
154000,
154375,
154750,

2 Column Long Note Times:
2000,
5000,
6875,
18875,
41562,
72125,
73625,
106343,
125750,
130437,
131750,
136250,
140000,
141875,
155000,

2 Column Release Times:
4156,
6500,
7250,
19250,
41937,
72687,
74000,
106531,
126500,
130625,
132500,
136625,
141500,
142250,
156500,

3 Column Hit Times:
4156,
4375,
7250,
7625,
7812,
8000,
8187,
8468,
8750,
9031,
9218,
9500,
9687,
10062,
10250,
10437,
10718,
11000,
11187,
11562,
11750,
11937,
12312,
12500,
12781,
13062,
13343,
13531,
13718,
13906,
14093,
14937,
15406,
15687,
16250,
16531,
17093,
18031,
18406,
18687,
19250,
19531,
19718,
20000,
20187,
20937,
21125,
21687,
21875,
22625,
22812,
23000,
23281,
23750,
23937,
24500,
24687,
25062,
25250,
25437,
25625,
25812,
26000,
26187,
26468,
26750,
27031,
27312,
27500,
27687,
27968,
28250,
28437,
28625,
28812,
29000,
29187,
29562,
29750,
30031,
30218,
30500,
30687,
31062,
31250,
32093,
32375,
32562,
32937,
33125,
33406,
33593,
33875,
34062,
34343,
34531,
34718,
35000,
35187,
35562,
35750,
36031,
36218,
36500,
36687,
37062,
37250,
37531,
37718,
38000,
38187,
38375,
38750,
38937,
39218,
39406,
39687,
39875,
40531,
40812,
41000,
41375,
41937,
42125,
42500,
42875,
43062,
43437,
43625,
43906,
44281,
45031,
45312,
45687,
46062,
46250,
46531,
46718,
47000,
47187,
47468,
47656,
47937,
48125,
48406,
48687,
48968,
49156,
49437,
49625,
49812,
50000,
50281,
50656,
50937,
51312,
51500,
51875,
52062,
52343,
52531,
52718,
52906,
53187,
53562,
53843,
54125,
54406,
54593,
54875,
55250,
56093,
56375,
56750,
56937,
57218,
57500,
57781,
58062,
58343,
58531,
58718,
59000,
59281,
59468,
59750,
59937,
60312,
60500,
60781,
60968,
61250,
61437,
61812,
62000,
62187,
62562,
62750,
62937,
63312,
63500,
63781,
63968,
64250,
64906,
65187,
65375,
65750,
65937,
66218,
66406,
66687,
66875,
67250,
67437,
67718,
67906,
68187,
68375,
68656,
68843,
69125,
69312,
69687,
69875,
70156,
70437,
70625,
70812,
71000,
72031,
72687,
72875,
73062,
73250,
73625,
74093,
74281,
74562,
74750,
74937,
75218,
75500,
75781,
76062,
76250,
76437,
76625,
76906,
77062,
77312,
77562,
77812,
78062,
78375,
78593,
78781,
79062,
79250,
79625,
80093,
80281,
80750,
81125,
81312,
81593,
81781,
82062,
82250,
82625,
82812,
83093,
83375,
83656,
83937,
84218,
84500,
84781,
84968,
85250,
85625,
85906,
86093,
86375,
86750,
87031,
87406,
87687,
87875,
88062,
88437,
88625,
88812,
89093,
89281,
89562,
89750,
90031,
90218,
90500,
90875,
91062,
91437,
91625,
91906,
92187,
92468,
92750,
92937,
93312,
93500,
93875,
94156,
94343,
94625,
94812,
95093,
95281,
95562,
95750,
95937,
96218,
96406,
96687,
96875,
97062,
97437,
97625,
97812,
98093,
98375,
98562,
98843,
99125,
99312,
99593,
99781,
100062,
100250,
100531,
100718,
100906,
101093,
101375,
101562,
101937,
102125,
102406,
102593,
102875,
103062,
103250,
103531,
103812,
104000,
104281,
104562,
104750,
104937,
105218,
105500,
105781,
105968,
106250,
107000,
107375,
107656,
107843,
108125,
108500,
108781,
109062,
109437,
109718,
110000,
110281,
110656,
110843,
111125,
111500,
111875,
112062,
112343,
112625,
112812,
113000,
113281,
113562,
113937,
114125,
114406,
114687,
115062,
115250,
115531,
115906,
116281,
116562,
116900,
117125,
117425,
117687,
118312,
118562,
118812,
119000,
119375,
119750,
120031,
120218,
120500,
120687,
120968,
121156,
121437,
121625,
121906,
122281,
122656,
122937,
123125,
123406,
123687,
123875,
124156,
124343,
124531,
124718,
124906,
125468,
126500,
126875,
127125,
127718,
128562,
129593,
129875,
130156,
130625,
130812,
131000,
131281,
131562,
132500,
132781,
132968,
133718,
134093,
134468,
135687,
136062,
136625,
136812,
139250,
139500,
142250,
142625,
142812,
143000,
143187,
143468,
143750,
144031,
144218,
144500,
144687,
145062,
145250,
145437,
145718,
146000,
146187,
146562,
146750,
146937,
147312,
147500,
147781,
148062,
148343,
148531,
148718,
148906,
149250,
149625,
149875,
150125,
150375,
150875,
151375,
151625,
151875,
152500,
152750,
153250,
153625,
153875,
154250,
154500,
154875,

3 Column Long Note Times:
5000,
14375,
17375,
40250,
44562,
71562,
106625,
128000,
133250,
134750,
137000,
140000,

3 Column Release Times:
6875,
14750,
17750,
40437,
44937,
71937,
106812,
128375,
133625,
135500,
139156,
141875,

4 Column Hit Times:
4156,
7250,
7437,
7625,
7812,
8000,
8281,
8562,
8750,
8937,
9312,
9500,
9781,
9968,
10250,
10531,
10812,
11000,
11281,
11468,
11750,
12031,
12218,
12500,
12687,
12968,
13250,
13531,
13718,
13906,
14187,
14375,
15593,
15875,
16250,
17000,
17375,
17750,
18781,
19250,
19625,
19906,
20187,
20375,
20750,
21031,
21312,
21500,
21781,
22062,
22437,
22625,
23000,
23187,
23562,
23750,
24031,
24312,
24500,
24781,
25250,
25437,
25625,
25812,
26000,
26281,
26562,
26750,
26937,
27218,
27500,
27781,
28062,
28250,
28437,
28625,
28812,
29000,
29281,
29468,
29750,
29937,
30312,
30500,
30781,
30968,
31250,
31437,
31625,
31812,
32187,
32375,
32656,
32843,
33125,
33312,
33687,
33875,
34156,
35000,
35281,
35468,
35750,
35937,
36312,
36500,
36781,
36968,
37250,
37437,
37812,
38000,
38375,
38562,
38843,
39031,
39312,
39500,
39875,
40062,
40531,
40812,
41000,
41281,
41937,
42125,
42593,
42875,
43156,
43343,
43625,
43812,
44093,
45031,
45500,
45781,
45968,
46250,
46437,
46812,
47000,
47375,
47656,
47937,
48218,
48406,
48687,
48875,
49156,
49343,
49531,
49812,
50000,
50187,
50468,
50656,
51031,
51218,
51500,
51687,
52156,
52718,
52906,
53093,
53375,
53750,
54218,
54406,
54687,
54968,
55250,
55437,
55625,
55812,
56187,
56468,
56750,
57125,
57312,
57500,
57875,
58250,
58718,
59000,
59187,
59562,
59750,
60031,
60218,
60500,
60687,
61062,
61250,
61531,
61718,
62000,
62281,
62468,
62750,
63031,
63218,
63500,
63687,
64062,
65000,
65187,
65468,
65656,
65937,
66125,
66500,
66687,
66968,
67156,
67437,
67625,
68000,
68187,
68562,
68750,
69031,
69218,
69500,
69687,
69968,
70250,
70437,
70625,
70812,
71468,
71937,
72687,
72875,
73062,
74000,
74281,
74468,
74750,
74937,
75125,
75312,
75593,
75875,
76062,
76250,
76531,
76718,
76906,
77125,
77375,
77625,
77875,
78125,
78312,
78500,
78875,
79343,
79531,
79812,
80000,
80468,
80656,
80937,
81125,
81500,
81875,
82062,
82343,
82531,
82812,
83000,
83281,
83562,
83843,
84125,
84500,
84687,
85062,
85343,
85531,
85906,
86187,
86562,
86750,
87125,
87312,
87593,
87875,
88156,
88343,
88625,
88906,
89187,
89468,
89750,
89937,
90312,
90500,
90875,
91156,
91343,
91625,
91812,
92093,
92281,
92562,
92750,
93031,
93218,
93500,
93875,
94062,
94437,
94625,
94906,
95375,
95562,
95750,
96031,
96500,
96687,
96875,
97156,
97343,
97625,
97906,
98187,
98375,
98656,
98937,
99125,
99406,
99593,
99875,
100062,
100343,
100531,
100718,
100906,
101187,
101375,
101843,
102125,
102312,
102593,
102781,
102968,
103250,
103437,
103718,
104000,
104187,
104468,
104750,
105031,
105312,
105500,
105875,
106250,
106531,
107000,
107281,
107562,
107937,
108218,
108500,
108875,
109156,
109343,
109625,
110000,
110375,
110562,
110937,
111218,
111500,
111968,
112250,
112625,
112812,
113000,
113562,
113750,
114125,
114500,
114781,
115062,
115625,
116000,
116187,
116562,
116750,
116975,
117200,
117500,
117781,
118062,
118250,
118500,
118750,
119750,
119937,
120406,
120687,
120875,
121250,
121437,
121718,
122000,
122187,
122375,
122562,
122843,
123125,
123312,
123593,
123875,
124062,
124343,
124531,
124718,
124906,
125562,
126500,
127718,
128000,
129687,
130625,
130812,
131000,
131468,
132687,
133062,
133718,
134187,
134562,
135500,
135875,
136156,
136625,
136812,
139250,
142250,
142437,
142625,
142812,
143000,
143281,
143562,
143750,
143937,
144312,
144500,
144781,
144968,
145250,
145531,
145812,
146000,
146281,
146468,
146750,
147031,
147218,
147500,
147687,
147968,
148250,
148531,
148718,
148906,
149250,
149625,
149875,
150125,
150500,
150875,
151375,
151625,
152000,
152500,
152750,
153000,
153375,
154000,
154250,
154625,

4 Column Long Note Times:
2000,
4625,
6500,
15125,
18125,
44562,
64250,
71000,
73250,
119000,
127250,
128750,
130250,
131750,
133250,
137000,
139625,
141500,
155000,

4 Column Release Times:
4062,
5000,
6875,
15406,
18406,
44750,
64812,
71375,
73625,
119562,
127625,
129500,
130531,
132500,
133625,
139156,
140000,
141875,
164000,

