Artist : Various Artists
Song Name : Jumpstream Practice Pack (JPP)
Difficulty : Paradigm Shift
BPM : 190
Background Image : charts\Various Artists-Jumpstream Practice Pack (JPP)\Paradigm Shift.jpg
Audio : charts\Various Artists-Jumpstream Practice Pack (JPP)\ Paradigm Shift.mp3

1 Column Hit Times:
1640,
1846,
2467,
2777,
3088,
3502,
3812,
4122,
4329,
4640,
4950,
5467,
5777,
5984,
6295,
6605,
7122,
7433,
7640,
7950,
8260,
8674,
9088,
9502,
9708,
10019,
10329,
10536,
10846,
11157,
11571,
11984,
12191,
12502,
12812,
13226,
13640,
14053,
14364,
14571,
14881,
15191,
15502,
15812,
16122,
16536,
16846,
17157,
17467,
17777,
18191,
18605,
19019,
19433,
19743,
20053,
20364,
20674,
20984,
21295,
21502,
21915,
22329,
22743,
22950,
23157,
23467,
23777,
24088,
24295,
24605,
24812,
25226,
25640,
25846,
26053,
26260,
26467,
27502,
27812,
28122,
28433,
28743,
28950,
29260,
29777,
30191,
30398,
30708,
31122,
31433,
31743,
31950,
32260,
32674,
32984,
33295,
33502,
34019,
34329,
34640,
34846,
35157,
35467,
35984,
36191,
36502,
36812,
37019,
37329,
37640,
38053,
38467,
38777,
39295,
39605,
39812,
40640,
41053,
41364,
41777,
41984,
42295,
42605,
43019,
43433,
43743,
44157,
44467,
44674,
44984,
45502,
45812,
46122,
46329,
46640,
46950,
47260,
47571,
47777,
47984,
48398,
48708,
49019,
49226,
49640,
50053,
50364,
50674,
50984,
51295,
51502,
51708,
51915,
52122,
52329,
52536,
52743,
52950,
53157,
53984,
62881,
63398,
64536,
64950,
65467,
65674,
66088,
66605,
67019,
67226,
67846,
68260,
68571,
68881,
69191,
69502,
69812,
70122,
70433,
70743,
71053,
71260,
71571,
71984,
72295,
72605,
73019,
73329,
73640,
74053,
74364,
74674,
74984,
75295,
75708,
76019,
76226,
76536,
76950,
77260,
77571,
77777,
78088,
78398,
78605,
78812,
79122,
79329,
81191,
81502,
81915,
82122,
82640,
83157,
83571,
83777,
84088,
84398,
84708,
85019,
85226,
85640,
86053,
86260,
86674,
87088,
87398,
87605,
87812,
88122,
88536,
88743,
89260,
89777,
90191,
90398,
90708,
91019,
91329,
91640,
91846,
92260,
92674,
92881,
93295,
93708,
94019,
94226,
94433,
94743,
95157,
95364,
95881,
96398,
96812,
97019,
97329,
97640,
97950,
98260,
98467,
98674,
98881,
99295,
99502,
99812,
100019,
100329,
100640,
100950,
101157,
101777,
101984,
102605,
102915,
103226,
103433,
103640,
103950,
104260,
104467,
104674,
104881,
105191,
105398,
105605,
105915,
106122,
106329,
106605,
107053,
107674,
107984,
108191,
108502,
108812,
109019,
109226,
109640,
109846,
110053,
110364,
110777,
111191,
111398,
111708,
111915,
112226,
112536,
112846,
113053,
113364,
113571,
113777,
114088,
114295,
114708,
115019,
115433,
115640,
115846,
116157,
116571,
116777,
117088,
117295,
117502,
117812,
118122,
118433,
118743,
118950,
119157,
119571,
119984,
120191,
120398,
120812,
121226,
121536,
121743,
121950,
122260,
122467,
122674,
122984,
123295,
123502,
123708,
124122,
124536,
124743,
125157,
125467,
125777,
126191,
126605,
126915,
127226,
127433,
127846,
128053,
128364,
128571,
129088,
129295,
129605,
129915,
130122,
130329,
130536,
130846,
131157,
131571,
131777,
131984,
132191,
132398,
132605,
132812,
133019,
133433,
133640,
133846,
139846,
140467,
145226,
145433,
146881,
147295,
147708,
148019,
148329,
148640,
148950,
149364,
149674,
149984,
150295,
150605,
151019,
151433,
151743,
152053,
152364,
152674,
153088,
153398,
153708,
153915,
154329,
154640,
154950,
155157,
155467,
155777,
156088,
156398,
156708,
157019,
157226,
157640,
157950,
158157,
158467,
158674,
158881,
159088,
159295,
160536,
161053,
161364,
161777,
162191,
162708,
163019,
163329,
163640,
164053,
164571,
164881,
165295,
165502,
165915,
166329,
166640,
166950,
167157,
167467,
167881,
168191,
168502,
168812,
169122,
169640,
169846,
170260,
170467,
170984,
171295,
171605,
171812,
172122,
172536,
172846,
173157,
173364,
173571,
173777,
174295,
174605,
175122,
175433,
175950,
176260,
176777,
177088,
177605,
177915,
178433,
178743,
179260,
179571,
180088,
180398,
180812,
181122,
181329,
181640,
182053,
182364,
182571,
182881,
183088,
183502,
183812,
184019,
184536,
184743,
184950,
185467,
185777,
185984,
186295,
186502,
186760,
186967,
189502,
190329,
190536,
190950,
191157,
191467,
191674,
191984,
192295,
192502,
192812,
193019,
193433,
193640,
193846,
194157,
194364,
194674,
194881,
195088,
195398,
195605,
195915,
196122,
196433,
196743,
196950,
197364,
197571,
197881,
198088,
198398,
198708,
199019,
199433,
199846,
200260,
200467,
200674,
200984,
201295,
201605,
201915,
202122,
202329,
202536,
202743,
203260,
203571,
203777,
204191,
204398,
204708,
204915,
205226,
205536,
205743,
206053,
206260,
206674,
206881,
207088,
207398,
207605,
207915,
208122,
208329,
208640,
208846,
209157,
209364,
209777,
209984,
210191,
210605,
210812,
211122,
211329,
211640,
211950,
212260,
212674,
213088,
213502,
213708,
213915,
214226,
214433,
214640,
214846,
215053,
215260,
215467,
215726,
215933,
216295,
216708,
217226,
217433,
217743,
218053,
218364,
218674,
218881,
219088,
219398,
219708,
220019,
220433,
220743,
220950,
221157,
221674,
221984,
222191,
222398,
222812,
223019,
223329,
223640,
223950,
224157,
224467,
224674,
225088,
225295,
225605,
225812,
226122,
226329,
226640,
226950,
227260,
227571,
227777,
227984,
228295,
228605,
228967,
229174,
229640,
229950,
230260,
230467,
230674,
230984,
231295,
231605,
231915,
232122,
232329,
232640,
232950,
233260,
233674,
233984,
234191,
234398,
234915,
235226,
235433,
235640,
235950,
236157,
236571,
236984,
237191,
237398,
237708,
237915,
238329,
238536,
238846,
239053,
239364,
239571,
239881,
240191,
240502,
240812,
241019,
241226,
241433,
241640,
241846,
242053,
242260,
242467,
242984,
243295,
249088,
249708,
254467,
254674,
256536,
262329,
262950,
267708,
267915,
268329,
268536,
269881,
270295,
270708,
271019,
271226,
271536,
271846,
272053,
272467,
272777,
273088,
273295,
273708,
274122,
274433,
274743,
275053,
275364,
275571,
275984,
276295,
276502,
276812,
277226,
277536,
277743,
278053,
278364,
278881,
279295,
279502,
279812,
280122,
280640,
280950,
281157,
281467,
282295,
282708,
283019,
283433,
283640,
283950,
284260,
284674,
285088,
285398,
285812,
286122,
286329,
286640,
287157,
287467,
287777,
287984,
288295,
288605,
288915,
289226,
289433,
289640,
290053,
290364,
290674,
290881,
291295,
291708,
292019,
292329,
292640,
292950,
293157,
293364,
293571,
293777,
293984,
294191,
294398,
294605,
294812,
295640,
296260,
296467,
297088,
297398,
297708,
298122,
298433,
298743,
298950,
299260,
299571,
300088,
300398,
300605,
300915,
301226,
301743,
302053,
302260,
302571,
302881,
303295,
303708,
304122,
304329,
304640,
304950,
305157,
305467,
305777,
306191,
306605,
306812,
307122,
307433,
307846,
308260,
308674,
308984,
309191,
309502,
309812,
310122,
310433,
310743,
311157,
311467,
311777,
312088,
312398,
312812,
313226,
313640,
314053,
314364,
314674,
314984,
315295,
315605,
315915,
316122,
316536,
316950,
317364,
317571,
317777,
318088,
318398,
318708,
318915,
319226,
319433,
319846,
320260,
320467,
320674,
320881,
321088,
322122,
322433,
322743,

1 Column Long Note Times:
54605,
57915,
61226,
80260,
269364,

1 Column Release Times:
55433,
58743,
62053,
81088,
269777,

2 Column Hit Times:
1640,
1950,
2157,
2467,
2881,
3191,
3398,
3708,
4122,
4433,
4846,
5157,
5364,
5674,
6088,
6605,
6915,
7226,
7433,
7846,
8260,
8571,
8777,
9088,
9398,
9812,
10226,
10640,
11157,
11364,
11674,
11984,
12295,
12812,
13019,
13329,
14674,
14881,
15295,
15605,
15915,
16226,
16536,
16950,
17364,
17777,
18088,
18398,
18708,
19019,
19329,
19640,
19950,
20260,
20674,
21191,
21502,
21812,
22019,
22329,
22640,
22846,
23157,
23364,
23674,
23984,
24295,
24502,
24812,
25122,
25329,
25640,
25846,
26053,
26260,
26467,
26777,
26984,
27191,
27708,
28122,
28640,
28950,
29157,
29467,
29777,
30088,
30502,
30812,
31019,
31433,
31640,
32053,
32364,
32674,
33191,
33605,
33915,
34122,
34433,
34640,
34950,
35364,
35571,
35881,
36295,
36605,
36812,
37226,
37433,
37743,
38053,
38364,
38674,
38881,
39191,
39502,
40019,
40226,
40433,
40950,
41260,
41777,
42088,
42605,
42812,
43122,
43433,
43846,
44053,
44364,
44777,
45088,
45398,
45708,
45915,
46433,
46743,
47157,
47571,
47777,
47984,
48295,
48502,
48812,
49329,
49640,
49950,
50260,
50571,
50881,
51295,
51502,
51708,
51915,
52122,
52329,
52536,
52743,
52950,
53467,
53674,
54191,
54605,
63295,
63708,
64122,
64640,
65053,
65519,
65984,
66295,
66708,
67433,
67846,
68157,
68467,
68777,
69088,
69502,
69915,
70226,
70536,
70846,
71053,
71364,
71674,
71984,
72398,
72708,
72915,
73226,
73640,
73950,
74260,
74571,
74881,
75295,
75605,
75915,
76329,
76640,
76950,
77260,
77467,
77777,
78191,
78398,
78605,
79019,
79329,
79846,
80053,
81295,
81605,
81915,
82226,
82433,
82743,
83053,
83260,
83571,
83881,
84191,
84502,
84915,
85329,
85536,
85950,
86364,
86571,
86881,
87295,
87502,
87915,
88226,
88536,
88846,
89053,
89364,
89674,
89881,
90191,
90502,
90812,
91122,
91536,
91950,
92157,
92571,
92984,
93191,
93502,
93915,
94122,
94536,
94846,
95157,
95467,
95674,
95984,
96295,
96502,
96812,
97122,
97433,
97743,
97950,
98157,
98467,
98674,
98881,
99191,
99502,
99708,
100122,
100536,
100743,
100950,
101260,
101467,
101777,
102088,
102295,
102605,
102812,
103122,
103433,
103743,
104053,
104260,
104467,
104777,
104984,
105191,
105502,
105708,
105915,
106122,
106398,
106674,
107053,
107726,
107984,
108295,
108708,
109122,
109433,
109640,
109846,
110157,
110467,
110674,
110881,
111191,
111502,
111708,
112019,
112433,
112743,
113157,
113467,
113777,
113984,
114398,
114605,
114915,
115226,
115536,
115846,
116053,
116364,
116571,
116881,
117191,
117502,
117812,
118122,
118329,
118640,
118950,
119157,
119433,
119674,
119984,
120191,
120502,
120708,
121019,
121329,
121536,
121846,
122053,
122260,
122467,
122777,
123088,
123295,
123502,
123708,
124226,
124536,
124846,
125053,
125364,
125674,
125984,
126502,
127433,
127743,
128157,
128571,
128777,
128984,
129295,
129502,
129812,
130122,
130329,
130536,
130743,
131157,
131467,
131829,
131984,
132243,
132398,
132605,
132812,
133019,
133226,
133484,
133691,
133846,
134881,
135502,
136536,
137157,
138191,
138812,
140157,
140674,
141502,
142122,
144191,
144605,
145157,
147295,
147605,
147915,
148226,
148536,
148950,
149260,
149571,
149881,
150191,
150605,
150915,
151226,
151536,
151846,
152157,
152467,
152777,
153088,
153398,
153605,
153915,
154226,
154536,
154846,
155157,
155364,
155674,
155984,
156398,
156708,
156915,
157226,
157433,
157743,
157950,
158398,
158674,
158881,
159088,
159295,
159708,
160640,
160950,
161260,
161571,
161984,
162191,
162502,
162812,
163122,
163433,
163640,
163950,
164364,
164674,
164984,
165191,
165502,
165812,
166122,
166433,
166743,
166950,
167260,
167777,
168088,
168295,
168605,
168812,
169329,
169640,
170053,
170467,
170777,
171088,
171398,
171605,
172019,
172329,
172743,
173053,
173260,
173571,
173777,
173984,
174502,
174812,
175329,
175640,
176157,
176467,
176984,
177295,
177812,
178122,
178640,
178950,
179467,
179777,
179984,
180295,
180605,
181019,
181329,
181536,
181846,
182260,
182571,
182777,
183295,
183605,
184122,
184329,
184536,
185053,
185260,
185571,
185777,
186088,
186295,
186502,
186708,
186915,
189502,
190329,
190640,
190846,
191157,
191364,
191777,
191984,
192191,
192605,
192812,
193122,
193640,
193846,
194053,
194571,
194881,
195088,
195295,
195812,
196122,
196329,
196950,
197157,
197364,
197777,
197984,
198295,
198502,
198812,
199019,
199226,
199536,
199743,
200053,
200260,
200674,
200881,
201191,
201398,
201708,
201915,
202381,
202588,
202743,
203053,
203571,
203881,
204088,
204398,
204605,
205019,
205226,
205433,
205846,
206053,
206364,
206881,
207088,
207295,
207812,
208122,
208329,
208536,
209053,
209364,
209674,
209881,
210295,
210605,
211019,
211226,
211536,
211743,
212053,
212260,
212467,
212777,
212984,
213295,
213502,
213915,
214122,
214433,
214640,
214846,
215053,
215260,
215467,
215674,
215881,
216191,
216605,
216915,
217226,
217536,
217846,
218053,
218260,
218571,
218881,
219191,
219502,
219708,
219915,
220226,
220536,
220743,
220950,
221260,
221467,
221777,
221984,
222191,
222502,
222708,
223019,
223226,
223536,
223743,
224053,
224260,
224674,
224881,
225088,
225398,
225708,
225915,
226122,
226536,
226846,
227053,
227364,
227571,
227984,
228191,
228502,
228708,
228915,
229122,
229433,
229846,
230157,
230467,
230777,
231088,
231295,
231502,
231812,
232122,
232433,
232743,
232950,
233157,
233467,
233777,
233984,
234191,
234502,
234708,
235019,
235226,
235433,
235743,
236053,
236467,
236881,
237295,
237502,
237915,
238122,
238329,
238640,
238950,
239157,
239364,
239777,
240088,
240295,
240605,
240812,
241019,
241226,
241433,
241640,
241846,
242105,
242312,
242467,
242777,
243088,
244122,
244743,
245777,
246398,
247433,
248053,
249398,
249915,
250743,
251364,
253433,
253846,
254398,
257364,
257984,
259019,
259640,
260674,
261295,
262640,
263157,
263984,
264605,
266674,
267088,
267640,
268536,
268743,
269364,
269984,
270191,
270502,
271019,
271329,
271743,
272157,
272364,
272674,
273088,
273398,
273605,
273915,
274226,
274743,
275157,
275571,
275777,
276088,
276295,
276605,
276915,
277226,
277433,
277846,
278157,
278467,
278777,
278984,
279295,
279605,
279915,
280122,
280433,
280846,
281260,
281674,
281881,
282088,
282605,
282915,
283226,
283433,
283743,
284260,
284467,
284777,
285088,
285502,
285708,
286019,
286433,
286743,
287053,
287364,
287571,
288088,
288398,
288812,
289226,
289433,
289640,
289950,
290157,
290467,
290984,
291295,
291605,
291915,
292226,
292536,
292950,
293157,
293364,
293571,
293777,
293984,
294191,
294398,
294605,
295122,
295329,
295846,
296260,
296571,
296777,
297088,
297502,
297812,
298019,
298329,
298743,
299053,
299467,
299777,
299984,
300295,
300708,
301226,
301536,
301846,
302053,
302467,
302881,
303191,
303398,
303708,
304019,
304433,
304846,
305260,
305777,
305984,
306295,
306605,
306915,
307433,
307640,
307950,
309295,
309502,
309915,
310226,
310536,
310846,
311157,
311571,
311984,
312398,
312708,
313019,
313329,
313640,
313950,
314260,
314571,
314881,
315295,
315812,
316122,
316433,
316640,
316950,
317260,
317467,
317777,
317984,
318295,
318605,
318915,
319122,
319433,
319743,
319950,
320260,
320467,
320674,
320881,
321088,
321398,
321605,
321812,
322329,
322743,

2 Column Long Note Times:
13640,
13950,
14260,
55433,
58743,
62053,
80674,
308260,
308571,
308881,

2 Column Release Times:
13846,
14157,
14467,
56260,
59571,
62881,
81088,
308467,
308777,
309088,

3 Column Hit Times:
1743,
2053,
2364,
2674,
2881,
3295,
3605,
4019,
4536,
4743,
5053,
5364,
5571,
5881,
6191,
6502,
6812,
7019,
7329,
7743,
8157,
8467,
8881,
9295,
9502,
9915,
10122,
10433,
10743,
11053,
11467,
11881,
12398,
12605,
12915,
13226,
13536,
14053,
14467,
14777,
14984,
15295,
15708,
16122,
16433,
16743,
17053,
17364,
17674,
17984,
18295,
18605,
18915,
19226,
19536,
19846,
20157,
20467,
20777,
21088,
21295,
21605,
22122,
22433,
22640,
22950,
23260,
23571,
23881,
24191,
24398,
24708,
25019,
25329,
25536,
25743,
25950,
26157,
26364,
26674,
26881,
27088,
28019,
28329,
28536,
28846,
29364,
29674,
29984,
30191,
30605,
30915,
31329,
31846,
32157,
32467,
32881,
33088,
33398,
33708,
33915,
34226,
34536,
34743,
35053,
35260,
35674,
35984,
36398,
36708,
37122,
37536,
37950,
38260,
38571,
38881,
39088,
39398,
39708,
39915,
40122,
40329,
41157,
41364,
41674,
42191,
42398,
42915,
43329,
43640,
43846,
44260,
44571,
45088,
45295,
45605,
45915,
46226,
46536,
46846,
47157,
47467,
47674,
47881,
48191,
48605,
48915,
49226,
49433,
49743,
50053,
50467,
50777,
51088,
51398,
51605,
51812,
52019,
52226,
52433,
52640,
52846,
53364,
53571,
63191,
63812,
64226,
64433,
65157,
65571,
65881,
66502,
67122,
67329,
68053,
68364,
68674,
69088,
69398,
69605,
69915,
70329,
70640,
70950,
71157,
71571,
71881,
72191,
72502,
72812,
73122,
73433,
73743,
74053,
74467,
74881,
75191,
75502,
75812,
76122,
76433,
76743,
77053,
77364,
77571,
77881,
78191,
78502,
78708,
79019,
79226,
79433,
79640,
81088,
81398,
81812,
82329,
82536,
82846,
83157,
83467,
83674,
83984,
84295,
84605,
84812,
85122,
85433,
85743,
86053,
86467,
86777,
86984,
87295,
87708,
88019,
88433,
88950,
89157,
89467,
89777,
90088,
90295,
90605,
90915,
91226,
91433,
91743,
92053,
92364,
92674,
93088,
93398,
93605,
93915,
94329,
94640,
95053,
95571,
95777,
96088,
96398,
96708,
96915,
97226,
97536,
97846,
98053,
98364,
98571,
98777,
98984,
99295,
99605,
99915,
100226,
100433,
100743,
101053,
101364,
101674,
101881,
102191,
102502,
102812,
103019,
103329,
103536,
103846,
104053,
104364,
104571,
104777,
105088,
105295,
105605,
105812,
106019,
106226,
106467,
106743,
107364,
107777,
108088,
108398,
108605,
108812,
109019,
109329,
109536,
109950,
110260,
110467,
110674,
110984,
111295,
111502,
111915,
112122,
112329,
112640,
112950,
113260,
113674,
113984,
114191,
114502,
114812,
115019,
115433,
115640,
115950,
116260,
116467,
116674,
116984,
117398,
117708,
118019,
118226,
118536,
118743,
119053,
119295,
119881,
120295,
120605,
120812,
121122,
121433,
121640,
121846,
122053,
122364,
122571,
122881,
123088,
123398,
123605,
124122,
124329,
124640,
124950,
125260,
125571,
126088,
126398,
127329,
127640,
127846,
128260,
128467,
129088,
129398,
129708,
130019,
130226,
130743,
131053,
131364,
131674,
131881,
132088,
132295,
133122,
133381,
133588,
133743,
134053,
139640,
141812,
142329,
143157,
143777,
145088,
145640,
147398,
147708,
148122,
148433,
148743,
149157,
149467,
149777,
150191,
150502,
150708,
151019,
151329,
151640,
151950,
152260,
152571,
152881,
153191,
153502,
153708,
154019,
154329,
154743,
155053,
155260,
155571,
155984,
156295,
156605,
156812,
157122,
157536,
157846,
158053,
158329,
158777,
158933,
159191,
159708,
160122,
160743,
161157,
161467,
161674,
161984,
162295,
162605,
163019,
163226,
163536,
163846,
164260,
164674,
165088,
165398,
165708,
166019,
166329,
166536,
166846,
167157,
167571,
167984,
168398,
168605,
168915,
169226,
169536,
169950,
170157,
170571,
170881,
171191,
171502,
171915,
172122,
172433,
172950,
173260,
173467,
173674,
174088,
174398,
174915,
175226,
175743,
176053,
176571,
176881,
177398,
177708,
178226,
178536,
178743,
179053,
179364,
179881,
180191,
180398,
180708,
180915,
181226,
181640,
181950,
182157,
182467,
182881,
183191,
183398,
183708,
183915,
184122,
184640,
184846,
185364,
185571,
185881,
186191,
186398,
186657,
186864,
187019,
189915,
190433,
190743,
191053,
191364,
191571,
191777,
192088,
192398,
192708,
193019,
193226,
193433,
193743,
194053,
194260,
194467,
194777,
194984,
195295,
195502,
195708,
196019,
196226,
196536,
196743,
197053,
197260,
197571,
197777,
198191,
198398,
198605,
198915,
199226,
199433,
199640,
200053,
200364,
200571,
200881,
201088,
201502,
201708,
202019,
202226,
202433,
202640,
202950,
203364,
203674,
203984,
204295,
204605,
204812,
205019,
205329,
205640,
205950,
206260,
206467,
206674,
206984,
207295,
207502,
207708,
208019,
208226,
208536,
208743,
208950,
209260,
209571,
209984,
210398,
210812,
211019,
211433,
211640,
211846,
212157,
212467,
212674,
212881,
213295,
213605,
213812,
214122,
214329,
214536,
214743,
214950,
215157,
215364,
215622,
215829,
215984,
216502,
216812,
217019,
217329,
217640,
217846,
218260,
218467,
218674,
219088,
219295,
219605,
220122,
220329,
220536,
221053,
221364,
221571,
221777,
222295,
222605,
222812,
223433,
223640,
223846,
224260,
224467,
224777,
224984,
225295,
225502,
225708,
226019,
226226,
226536,
226743,
227157,
227364,
227674,
227881,
228191,
228398,
228864,
229071,
229226,
229536,
230053,
230364,
230571,
230881,
231088,
231502,
231708,
231915,
232329,
232536,
232846,
233364,
233571,
233777,
234295,
234605,
234812,
235019,
235536,
235846,
236157,
236364,
236777,
237088,
237502,
237708,
238019,
238226,
238536,
238743,
238950,
239260,
239467,
239777,
239984,
240398,
240605,
240915,
241122,
241329,
241536,
241743,
241950,
242157,
242364,
242674,
243191,
248881,
251053,
251571,
252398,
253019,
254329,
254881,
262122,
264295,
264812,
265640,
266260,
267571,
268122,
268329,
269777,
270088,
270398,
270605,
270915,
271433,
271640,
271950,
272260,
272571,
272984,
273502,
273812,
274019,
274329,
274640,
274950,
275157,
275674,
275984,
276191,
276398,
276812,
277019,
277640,
277950,
278260,
278571,
278881,
279191,
279398,
279708,
280226,
280536,
280743,
281053,
281364,
281571,
281777,
281984,
282812,
283019,
283329,
283846,
284053,
284571,
284984,
285295,
285502,
285915,
286226,
286743,
286950,
287260,
287571,
287881,
288191,
288502,
288812,
289122,
289329,
289536,
289846,
290260,
290571,
290881,
291088,
291398,
291708,
292122,
292433,
292743,
293053,
293260,
293467,
293674,
293881,
294088,
294295,
294502,
295019,
295226,
296364,
296674,
296984,
297295,
297502,
297915,
298226,
298640,
299157,
299364,
299674,
299984,
300191,
300502,
300812,
301122,
301433,
301640,
301950,
302364,
302777,
303088,
303502,
303915,
304122,
304536,
304743,
305053,
305364,
305674,
306088,
306502,
307019,
307226,
307536,
307846,
308157,
308674,
309088,
309398,
309605,
309915,
310329,
310743,
311053,
311364,
311674,
311984,
312295,
312605,
312915,
313226,
313536,
313846,
314157,
314467,
314777,
315088,
315398,
315708,
315915,
316226,
316743,
317053,
317260,
317571,
317881,
318191,
318502,
318812,
319019,
319329,
319640,
319950,
320157,
320364,
320571,
320777,
320984,
321295,
321502,
321708,
322640,

3 Column Long Note Times:
27295,
27605,
40536,
40846,
53777,
54088,
56260,
59571,
268950,
282191,
282502,
295433,
295743,
321915,
322226,

3 Column Release Times:
27502,
27812,
40743,
41053,
53984,
54295,
57915,
61226,
269364,
282398,
282708,
295640,
295950,
322122,
322433,

4 Column Hit Times:
1640,
2053,
2260,
2571,
2984,
3295,
3708,
3915,
4226,
4536,
4950,
5260,
5777,
6191,
6398,
6708,
7019,
7536,
7846,
8053,
8364,
8674,
8984,
9191,
9605,
9915,
10329,
10743,
10950,
11260,
11571,
11777,
12088,
12398,
12708,
13122,
13433,
13846,
14157,
14467,
14881,
15088,
15398,
15708,
16019,
16329,
16640,
16950,
17260,
17571,
17881,
18191,
18502,
18812,
19122,
19433,
19846,
20260,
20571,
20881,
21088,
21398,
21708,
21915,
22226,
22536,
22743,
23053,
23571,
23984,
24398,
24605,
24915,
25226,
25433,
25743,
25950,
26157,
26364,
28226,
28536,
29053,
29364,
29571,
29881,
30295,
30605,
31019,
31226,
31536,
31846,
32260,
32571,
32777,
33088,
33502,
33812,
34329,
34536,
34743,
35157,
35571,
35777,
36088,
36398,
36915,
37226,
37640,
37846,
38157,
38467,
38984,
39295,
39708,
40743,
41571,
41881,
42191,
42502,
42708,
43019,
43226,
43536,
43950,
44260,
44674,
44881,
45191,
45502,
46019,
46329,
46743,
47053,
47364,
47674,
47881,
48088,
48398,
48812,
49122,
49536,
49846,
50157,
50467,
50881,
51191,
51398,
51605,
51812,
52019,
52226,
52433,
52640,
52846,
53260,
62984,
63502,
63915,
64329,
64846,
65364,
65777,
66191,
66812,
67433,
67950,
68260,
68674,
68984,
69295,
69708,
70019,
70329,
70743,
70950,
71157,
71467,
71777,
72088,
72398,
72812,
73226,
73536,
73846,
74157,
74467,
74777,
75088,
75398,
75708,
76122,
76536,
76846,
77157,
77364,
77674,
77984,
78295,
78502,
78915,
79226,
79433,
81088,
81502,
81708,
82019,
82329,
82743,
82950,
83364,
83984,
84398,
84812,
85226,
85640,
85846,
86157,
86467,
86881,
87191,
87502,
87708,
88122,
88329,
88640,
88950,
89364,
89571,
89984,
90605,
91019,
91433,
91846,
92260,
92467,
92777,
93088,
93502,
93812,
94122,
94329,
94743,
94950,
95260,
95571,
95984,
96191,
96605,
97226,
97640,
97846,
98157,
98571,
98777,
99088,
99398,
99708,
99915,
100122,
100433,
100846,
101364,
101571,
102191,
102398,
102708,
103019,
103226,
103640,
103846,
104157,
104364,
104674,
104881,
105088,
105295,
105502,
105708,
106019,
106226,
106536,
106743,
107364,
108191,
108398,
108605,
108915,
109226,
109433,
109743,
110053,
110260,
110571,
110881,
111088,
111605,
111812,
112122,
112329,
112536,
112950,
113364,
113571,
113881,
114191,
114605,
115122,
115329,
115743,
116053,
116260,
116467,
116674,
117088,
117295,
117605,
117915,
118329,
118536,
118846,
119053,
119571,
119777,
120088,
120398,
120605,
120915,
121226,
121433,
121640,
121950,
122157,
122364,
122674,
122881,
123191,
123398,
123605,
124122,
124433,
124743,
124950,
125364,
125571,
125777,
126191,
126605,
126915,
127226,
127536,
127950,
128260,
128467,
128674,
128881,
129191,
129502,
129915,
130226,
130433,
130640,
130950,
131260,
131571,
131933,
132346,
133122,
133329,
133536,
133795,
134053,
135191,
135708,
136846,
137364,
138502,
139019,
143467,
143984,
144398,
144812,
145019,
146881,
147502,
147812,
148122,
148536,
148846,
149053,
149364,
149777,
150088,
150398,
150812,
151122,
151433,
151846,
152260,
152674,
152984,
153295,
153502,
153812,
154122,
154433,
154743,
155053,
155364,
155571,
155881,
156191,
156502,
156812,
157019,
157329,
157846,
158053,
158260,
158571,
158777,
158984,
159191,
160122,
160536,
160846,
161364,
161674,
162088,
162398,
162915,
163329,
163536,
163846,
164157,
164467,
164777,
164984,
165295,
165605,
166226,
166536,
166743,
167053,
167364,
167674,
167984,
168295,
168708,
169019,
169433,
169743,
169950,
170260,
170674,
171295,
171708,
171915,
172226,
172640,
172950,
173157,
173364,
173881,
174191,
174708,
175019,
175536,
175846,
176364,
176674,
177191,
177502,
178019,
178329,
178846,
179157,
179674,
179984,
180191,
180502,
180708,
181019,
181433,
181743,
181950,
182260,
182674,
182984,
183191,
183502,
183708,
184226,
184433,
184950,
185157,
185364,
185674,
185984,
186191,
186398,
186605,
186812,
187019,
189915,
190536,
190743,
190950,
191260,
191571,
191881,
192191,
192398,
192605,
192915,
193226,
193536,
193950,
194260,
194467,
194674,
195191,
195502,
195708,
195915,
196329,
196536,
196846,
197157,
197467,
197674,
197984,
198191,
198605,
198812,
199122,
199329,
199640,
199846,
200157,
200467,
200777,
201088,
201295,
201502,
201812,
202122,
202484,
202691,
203157,
203467,
203777,
203984,
204191,
204502,
204812,
205122,
205433,
205640,
205846,
206157,
206467,
206777,
207191,
207502,
207708,
207915,
208433,
208743,
208950,
209157,
209467,
209674,
210088,
210502,
210708,
210915,
211226,
211433,
211846,
212053,
212364,
212571,
212881,
213088,
213398,
213708,
214019,
214329,
214536,
214743,
214950,
215157,
215364,
215571,
215777,
215984,
216398,
216812,
217122,
217433,
217640,
217950,
218157,
218467,
218777,
218984,
219295,
219502,
219915,
220122,
220329,
220640,
220846,
221157,
221364,
221571,
221881,
222088,
222398,
222605,
222915,
223226,
223433,
223846,
224053,
224364,
224571,
224881,
225191,
225502,
225915,
226329,
226743,
226950,
227157,
227467,
227777,
228088,
228398,
228605,
228812,
229019,
229226,
229743,
230053,
230260,
230674,
230881,
231191,
231398,
231708,
232019,
232226,
232536,
232743,
233157,
233364,
233571,
233881,
234088,
234398,
234605,
234812,
235122,
235329,
235640,
235846,
236260,
236467,
236674,
237088,
237295,
237605,
237812,
238122,
238433,
238743,
239157,
239571,
239984,
240191,
240398,
240708,
240915,
241122,
241329,
241536,
241743,
241950,
242208,
242415,
242881,
243295,
244433,
244950,
246088,
246605,
247743,
248260,
252708,
253226,
253640,
254053,
254260,
257674,
258191,
259329,
259846,
260984,
261502,
265950,
266467,
266881,
267295,
267502,
268122,
268743,
268950,
269777,
270191,
270605,
270812,
271122,
271433,
271846,
272260,
272674,
272881,
273191,
273502,
273915,
274329,
274536,
274846,
275260,
275467,
275881,
276191,
276398,
276708,
277122,
277329,
277640,
278053,
278467,
278674,
279088,
279708,
280019,
280329,
280536,
280950,
281364,
282398,
283122,
283536,
283846,
284157,
284364,
284674,
284881,
285191,
285605,
285915,
286329,
286536,
286846,
287157,
287674,
287984,
288398,
288708,
289019,
289329,
289536,
289743,
290053,
290467,
290777,
291191,
291502,
291812,
292122,
292536,
292846,
293053,
293260,
293467,
293674,
293881,
294088,
294295,
294502,
294915,
295536,
296674,
296881,
297191,
297605,
297915,
298329,
298536,
298846,
299157,
299571,
299881,
300398,
300812,
301019,
301329,
301640,
302157,
302467,
302674,
302984,
303295,
303605,
303812,
304226,
304536,
304950,
305364,
305571,
305881,
306191,
306398,
306708,
307019,
307329,
307743,
308053,
308467,
308777,
309088,
309502,
309708,
310019,
310329,
310640,
310950,
311260,
311571,
311881,
312191,
312502,
312812,
313122,
313433,
313743,
314053,
314467,
314881,
315191,
315502,
315708,
316019,
316329,
316536,
316846,
317157,
317364,
317674,
318191,
318605,
319019,
319226,
319536,
319846,
320053,
320364,
320571,
320777,
320984,

4 Column Long Note Times:
27915,
41157,
54398,
282812,
296053,
322536,

4 Column Release Times:
28122,
41364,
54605,
283019,
296260,
322743,

