Artist : Various Artists
Song Name : Jumpstream Complexes Vol. 2A
Difficulty : 0
BPM : 190
Background Image : charts\Various Artists-Jumpstream Complexes Vol. 2A\Rainbow Light.png
Audio : charts\Various Artists-Jumpstream Complexes Vol. 2A\Rainbow Light.mp3

1 Column Hit Times:
2075,
2706,
2943,
3180,
3969,
4443,
5311,
5469,
5864,
6496,
7285,
7443,
7759,
8075,
9101,
9259,
9496,
10285,
10522,
13127,
13601,
13759,
14548,
15338,
15653,
16127,
17864,
18180,
18653,
18811,
19127,
19443,
20469,
20627,
21022,
21259,
21653,
22048,
22206,
22285,
22443,
22601,
22996,
23232,
23469,
23706,
23943,
24180,
24417,
24653,
24890,
25048,
25364,
25522,
25680,
25838,
26075,
26390,
26627,
26864,
27022,
27338,
27496,
27653,
27969,
28206,
28364,
28601,
28838,
28996,
29311,
29548,
29785,
30022,
30180,
30338,
30575,
30732,
30969,
31127,
31601,
31917,
32075,
32232,
32390,
32864,
33022,
33180,
33496,
33653,
33811,
33969,
34127,
34285,
34443,
34601,
34759,
36180,
36653,
36811,
37285,
37759,
38548,
41469,
42496,
43680,
46285,
46601,
46917,
47232,
47390,
47864,
48180,
48338,
48969,
49206,
49443,
49759,
49917,
50548,
51022,
51338,
51653,
51811,
51969,
52127,
52443,
52759,
53390,
53548,
53864,
54180,
54417,
54969,
55443,
55601,
56864,
57259,
57653,
57890,
58522,
58917,
59075,
59864,
61127,
61285,
61759,
62627,
62943,
63496,
64917,
66496,
66732,
66969,
67285,
67443,
67759,
68075,
68390,
68706,
68864,
69022,
69338,
69496,
69969,
70127,
70601,
71075,
71390,
71548,
71864,
72022,
72180,
72496,
72732,
72969,
73127,
73443,
73759,
73917,
74075,
74390,
74864,
75180,
75653,
75811,
76127,
76443,
76759,
76917,
77153,
77390,
77548,
77706,
78022,
78180,
78575,
78732,
78969,
79443,
80548,
80864,
81180,
81496,
81811,
81969,
82364,
82522,
82759,
83075,
84022,
84496,
84890,
85048,
85285,
86075,
86390,
86706,
87022,
87338,
87653,
88127,
88285,
89075,
89232,
89548,
89864,
90180,
90969,
91443,
91759,
91917,
92075,
92232,
92390,
92548,
92706,
92864,
93259,
94206,
94364,
94522,
94680,
94838,
94996,
95153,
95311,
95469,
96811,
97048,
97206,
97364,
97601,
97759,
97917,
98075,
98232,
98390,
98548,
98706,
99022,
99180,
99338,
99653,
99811,
99969,
100206,
100443,
100917,
101864,
102022,
102180,
102417,
102575,
102732,
102969,
103127,
103364,
103522,
103759,
104075,
104311,
104706,
105022,
105338,
105575,
105811,
105969,
106285,
106917,
107075,
107232,
107390,
107548,
107706,
107864,
108101,
108259,
108417,
108653,
108811,
109127,
109285,
109443,
109601,
109759,
110075,
110232,
110469,
110706,
112127,
112285,
112443,
112601,
112838,
112996,
113153,
113390,
113548,
113706,
113864,
114180,
114338,
114496,
114811,
114969,
115127,
115285,
115522,
115759,
115917,
116075,
116232,
117022,
117180,
117338,
117653,
117890,
118206,
118364,
118680,
118917,
119075,
119232,
119548,
119706,
119864,
120180,
120496,
120653,
120811,
121443,
122075,
122390,
122627,
122785,
123022,
123338,
123575,
123811,
123969,
124285,
124522,
124680,
124917,
125075,
125232,
125548,
125785,
125943,
126180,
126338,
126496,
126811,
127127,
127285,
127680,
127838,
128075,
128232,
128390,
128548,
128785,
129022,
129259,
129496,
129653,
129969,
130285,
130443,
130601,
130838,
130996,
131232,
131864,
132259,
132496,
132811,
133127,
133364,
133522,
133759,
134075,
134311,
134548,
134706,
134943,
135101,
135338,
135575,
135732,
137390,
137548,
137864,
138022,
138180,
138417,
138575,
138732,
138890,
139048,
139206,
139364,
139522,
139680,
140390,
149706,
149943,
150101,
150338,
150496,
150575,
150811,
151127,
151364,
151601,
151759,
152153,
152469,
152706,
153022,
153180,
153338,
153653,
153811,
154048,
154285,
154443,
154759,
154917,
155232,
155548,
156180,
156417,
156653,
156969,
157127,
157443,
157601,
157917,
158153,
158390,
158627,
159338,
159969,
161548,
161864,
162022,
162338,
162496,
162811,
163048,
163443,
163917,
164153,
164390,
164706,
165101,
165338,
165732,
165969,
166364,
166522,
166838,
167075,
167232,
167627,
167785,
168022,
168180,
168496,
169127,
169443,
169759,
170075,
170390,
170627,
171496,
172285,
172759,
174180,
176390,
176864,
177653,
178127,
178759,
180496,
181601,
181759,
181996,
182390,
182706,
183022,
183338,
183653,
183890,
184285,
184759,
185232,
185548,
185864,
186180,
186732,
187127,
187285,
187443,
187601,
187759,
187917,
188075,
188232,
189022,
189180,
189338,
189496,
189653,
189811,
189969,
190127,
191232,
191548,
191785,
191943,
192101,
192338,
192496,
192653,
192811,
192969,
193127,
193285,
193443,
193759,
193917,
194075,
194390,
194548,
194706,
194943,
195180,
195338,
195653,
196601,
196759,
196917,
197153,
197311,
197469,
197706,
197864,
198101,
198259,
198496,
198811,
199048,
199443,
199759,
200075,
200311,
200548,
200706,
201022,
201338,
201653,
201811,
201969,
202127,
202285,
202443,
202601,
202838,
202996,
203153,
203390,
203548,
203864,
204022,
204180,
204338,
204496,
204811,
204969,
205206,
205443,
206864,
207022,
207180,
207338,
207575,
207732,
207890,
208127,
208285,
208443,
208601,
208917,
209075,
209232,
209548,
209706,
209864,
210022,
210259,
210496,
210653,
210811,
210969,
211759,
212075,
212390,
212548,
212785,
213022,
213180,
213338,
213575,
213732,
213969,
214127,
214285,
214680,
214917,
215075,
215232,
215469,
215627,
216811,
216969,
217127,
217443,
217759,
217996,
218153,
218390,
218706,
218943,
219101,
219338,
219575,
219732,
219969,
220127,
220285,
220601,
220917,
221075,
221232,
221864,
222101,
222259,
222496,
222732,
222969,
223127,
223443,
223680,
223838,
224075,
224232,
224390,
224548,
224785,
225022,
225259,
225496,
225653,
226285,
226917,
227153,
227548,
227785,
227943,
228180,
228338,
228575,
228811,
228969,
229127,
229285,
229443,
229601,
229759,
230075,
230311,
230627,
230864,
231022,
231969,
232285,
232443,
232759,
232917,
233075,
233311,
233469,
233627,
233785,
233943,
234101,
234259,
234417,
235127,

1 Column Long Note Times:
11311,
11706,
11943,
12180,
14075,
16601,
19759,
21496,
34917,
39022,
39180,
44864,
56390,
58127,
60180,
62232,
63180,
64285,
65232,
79917,
83548,
85601,
96180,
101311,
101469,
106522,
106680,
110864,
111022,
111180,
111338,
111496,
111653,
111811,
116469,
116864,
121048,
121206,
121601,
121759,
131469,
131627,
132101,
135969,
140864,
141180,
141653,
142127,
143075,
143943,
144653,
146232,
146390,
147022,
147811,
148601,
149232,
160443,
171022,
195890,
196048,
196206,
196364,
205601,
205759,
205917,
206075,
206548,
211206,
211522,
215864,
216101,
216259,
216575,
221469,
225811,
225969,
226443,
226601,
231338,
231496,
231811,

1 Column Release Times:
11390,
11785,
12022,
12811,
14390,
17232,
20075,
21575,
36022,
39101,
39496,
45180,
56548,
58285,
60338,
62390,
63338,
64601,
66338,
80075,
83864,
85759,
96496,
101390,
101548,
106601,
106759,
110943,
111101,
111259,
111417,
111575,
111732,
111890,
116548,
116943,
121127,
121285,
121680,
121838,
131548,
131706,
132180,
137232,
140943,
141259,
141732,
142206,
143153,
144022,
145285,
146311,
146469,
147101,
147890,
148680,
149311,
161232,
171180,
195969,
196127,
196285,
196443,
205680,
205838,
205996,
206153,
206627,
211285,
211601,
215943,
216180,
216338,
216653,
221548,
225890,
226048,
226522,
226680,
231377,
231535,
231851,

2 Column Hit Times:
2075,
2785,
2943,
3496,
3653,
4206,
4443,
4759,
4917,
5232,
6022,
6338,
6653,
6969,
7285,
7443,
7996,
8232,
9022,
9259,
9811,
9969,
10601,
10759,
12811,
13285,
14075,
14864,
15022,
15417,
16917,
18101,
18338,
19206,
20864,
21101,
21338,
21496,
21653,
21811,
22048,
22206,
22364,
22601,
22759,
22917,
23075,
23232,
23390,
23548,
23706,
23864,
24101,
24259,
24417,
24575,
24811,
24969,
25206,
25443,
25759,
25996,
26232,
26390,
26548,
26706,
26943,
27101,
27259,
27575,
27732,
27890,
28048,
28206,
28443,
28680,
28917,
29075,
29232,
29390,
29548,
29706,
29943,
30180,
30338,
30496,
30653,
30811,
31048,
31285,
31443,
31838,
32075,
32548,
33022,
33259,
33653,
33811,
33969,
34127,
34285,
34443,
34601,
34759,
36180,
36732,
37048,
37680,
38627,
41390,
41548,
42022,
42180,
42653,
42969,
43601,
46127,
46364,
46601,
46759,
46996,
47311,
47706,
47864,
48259,
48496,
48653,
48969,
49127,
49601,
49917,
50390,
50864,
51338,
51575,
51811,
52285,
52443,
53075,
53232,
53706,
54022,
54338,
54496,
54811,
55127,
55285,
55601,
56943,
57180,
57338,
57969,
58127,
58838,
58996,
59153,
59311,
59469,
59943,
60101,
61680,
61917,
62390,
62548,
63338,
63575,
63811,
63890,
66180,
66338,
66653,
66811,
67127,
67285,
67443,
67601,
67759,
67996,
68232,
68706,
68943,
69338,
69653,
69969,
70443,
70601,
70917,
71232,
71706,
71864,
72101,
72417,
72653,
72969,
73127,
73285,
73601,
73917,
74232,
74548,
74864,
75022,
75338,
75496,
75732,
76206,
76443,
76601,
76838,
77075,
77232,
77469,
77785,
78180,
78496,
78811,
80706,
81338,
82285,
82601,
82917,
83153,
83390,
83864,
84101,
84338,
84811,
85127,
86311,
86706,
87022,
87338,
87496,
87653,
87890,
88206,
88443,
88917,
89232,
89548,
89864,
90180,
90338,
90653,
90811,
91285,
91759,
91917,
92075,
92232,
92943,
93653,
93811,
93969,
94127,
94364,
94522,
94680,
94838,
94996,
95153,
95311,
95469,
96496,
96811,
96969,
97127,
97364,
97522,
97680,
97917,
98075,
98311,
98469,
98706,
98864,
99022,
99259,
99417,
99653,
99811,
100127,
100285,
100522,
100680,
101864,
102101,
102259,
102417,
102653,
102811,
102969,
103127,
103285,
103443,
103680,
103838,
103996,
104153,
104311,
104469,
104627,
104785,
104943,
105101,
105259,
105496,
105653,
105890,
106048,
106206,
106996,
107153,
107390,
107548,
107785,
107943,
108101,
108338,
108496,
108732,
108890,
109048,
109206,
109364,
109680,
109838,
109996,
110153,
110390,
110548,
110706,
111338,
111653,
112048,
112206,
112443,
112601,
112759,
112917,
113153,
113311,
113469,
113706,
113864,
114022,
114180,
114338,
114496,
114653,
114811,
114969,
115285,
115443,
115601,
115838,
116075,
116232,
116706,
117259,
117496,
117653,
117969,
118127,
118285,
118601,
118917,
119153,
119311,
119548,
119785,
120022,
120180,
120417,
120575,
120811,
121127,
121443,
122075,
122311,
122548,
122706,
122943,
123180,
123338,
123653,
123890,
124048,
124285,
124443,
124601,
124917,
125153,
125311,
125548,
125706,
125864,
126101,
126417,
126575,
127206,
127443,
127601,
127759,
127917,
128075,
128390,
128548,
128706,
129022,
129259,
129417,
129575,
129732,
129890,
130206,
130364,
130601,
130759,
130917,
131232,
132180,
132338,
132575,
132732,
132890,
133048,
133285,
133443,
133680,
133917,
134075,
134311,
134469,
134627,
134785,
135022,
135180,
135338,
135496,
135653,
135890,
136127,
136285,
137232,
137548,
137706,
137864,
138180,
138338,
138575,
138732,
138890,
139048,
139206,
139364,
139522,
139680,
140785,
149706,
149864,
150022,
150377,
150496,
150575,
150811,
151285,
151443,
151759,
151917,
152232,
152390,
152706,
152864,
153180,
153496,
153732,
153890,
154048,
154206,
154522,
154680,
154917,
155075,
155864,
156180,
156496,
156732,
156969,
157206,
157443,
157759,
157917,
158232,
158548,
158706,
159653,
161311,
161627,
161943,
162101,
162259,
162417,
162653,
162811,
162969,
163127,
163285,
163522,
163680,
163838,
164075,
164390,
164706,
164864,
165022,
165180,
165417,
165653,
165811,
166048,
166285,
166601,
166759,
166917,
167153,
167390,
167627,
167785,
168022,
168338,
168653,
169206,
169364,
169522,
169838,
169996,
170232,
170548,
170706,
171338,
171575,
171890,
172127,
172601,
172838,
173075,
173864,
174338,
176627,
177180,
177338,
177575,
177969,
178838,
179232,
180022,
180653,
181680,
181917,
182311,
182548,
182706,
183022,
183338,
183653,
184443,
184917,
185232,
185548,
185864,
186180,
186338,
187048,
187364,
187759,
187917,
188075,
188232,
188390,
188548,
188706,
188864,
189022,
189180,
189338,
189496,
189653,
189811,
189969,
190127,
191548,
191706,
191864,
192101,
192259,
192417,
192653,
192811,
193048,
193206,
193443,
193601,
193759,
193996,
194153,
194390,
194548,
194864,
195022,
195180,
195417,
196285,
196601,
196838,
196996,
197153,
197390,
197548,
197706,
197864,
198022,
198180,
198417,
198575,
198732,
198890,
199048,
199206,
199364,
199522,
199680,
199838,
199996,
200232,
200390,
200627,
200864,
201732,
201890,
202127,
202285,
202522,
202680,
202838,
203075,
203232,
203469,
203627,
203785,
203943,
204101,
204417,
204575,
204732,
204890,
205127,
205364,
206075,
206785,
206943,
207180,
207338,
207496,
207653,
207890,
208048,
208206,
208443,
208601,
208759,
208917,
209075,
209232,
209390,
209548,
209706,
210022,
210180,
210338,
210575,
210890,
211048,
211838,
212153,
212311,
212469,
212706,
213022,
213259,
213496,
213653,
213969,
214206,
214364,
214601,
214838,
214996,
215232,
215548,
215864,
216496,
216890,
217206,
217443,
217601,
217838,
218075,
218232,
218469,
218706,
218864,
219022,
219338,
219496,
219653,
219969,
220206,
220364,
220601,
220759,
220996,
221153,
221548,
221864,
222022,
222180,
222496,
222732,
222890,
223048,
223206,
223364,
223601,
223759,
223917,
224075,
224390,
224548,
224706,
224864,
225022,
225259,
225417,
225653,
226285,
226917,
227075,
227232,
227390,
227548,
227706,
227864,
228022,
228180,
228338,
228496,
228732,
228890,
229127,
229443,
229601,
229759,
229996,
230153,
230390,
230548,
230706,
231022,
231180,
233153,
233311,
233469,
233627,
233785,
233943,
234101,
234259,
234417,
235522,
235601,

2 Column Long Note Times:
11075,
11232,
11548,
11785,
12101,
14390,
15653,
16285,
17232,
19443,
20390,
38390,
39811,
44075,
44232,
45180,
56706,
57496,
58443,
60338,
61443,
62075,
62864,
64601,
79127,
79601,
80232,
85759,
100996,
101153,
101627,
106443,
106601,
110943,
111890,
116390,
116943,
121285,
121680,
121917,
126732,
126890,
127048,
131390,
131548,
132022,
136838,
136996,
141022,
141338,
141732,
142048,
142601,
142759,
143232,
143864,
144496,
145917,
146311,
146864,
147101,
147496,
147969,
148443,
148838,
149075,
151009,
159022,
159969,
168811,
190285,
195575,
195732,
201022,
201180,
201338,
201496,
206232,
206390,
206627,
211364,
211680,
215706,
216180,
216732,
221390,
221706,
225890,
226048,
226522,
226680,
231417,
231653,
231969,

2 Column Release Times:
11153,
11311,
11627,
11864,
12180,
14706,
15969,
16601,
17864,
19759,
20706,
38548,
40759,
44153,
44548,
45338,
56864,
57653,
58601,
60496,
61601,
62232,
63022,
65232,
79443,
79759,
80548,
85917,
101075,
101232,
101706,
106522,
106680,
111022,
111969,
116469,
117022,
121364,
121759,
121996,
126811,
126969,
127127,
131469,
131627,
132101,
136877,
137035,
141101,
141417,
141811,
142127,
142680,
142838,
143311,
143943,
144575,
145996,
146390,
146943,
147180,
147575,
148048,
148522,
148877,
149114,
151127,
159338,
161232,
168969,
191232,
195653,
195811,
201101,
201259,
201417,
201575,
206311,
206469,
206706,
211443,
211759,
215785,
216259,
216811,
221469,
221785,
225969,
226127,
226601,
226759,
231456,
231693,
233075,

3 Column Hit Times:
2232,
2390,
2706,
3022,
3496,
3653,
3969,
4285,
5232,
5469,
5706,
6022,
6338,
6653,
6969,
7838,
7996,
8548,
8706,
9022,
9338,
9811,
9969,
10364,
10759,
14153,
14390,
16759,
19917,
20075,
20390,
21180,
21417,
21811,
21969,
22127,
22285,
22522,
22680,
22838,
22996,
23153,
23311,
23627,
23785,
24022,
24180,
24338,
24496,
24653,
24811,
25127,
25285,
25443,
25601,
25759,
25917,
26153,
26311,
26469,
26706,
26864,
27180,
27338,
27496,
27811,
27969,
28127,
28285,
28443,
28601,
28759,
28917,
29153,
29311,
29469,
29706,
29864,
30101,
30259,
30496,
30811,
30969,
31285,
31759,
31996,
32232,
32706,
32864,
33101,
33338,
33575,
33732,
33890,
34048,
34206,
34364,
34522,
34680,
34838,
36417,
36969,
37127,
37364,
37601,
37917,
41232,
41706,
41864,
42101,
42417,
42732,
46285,
46443,
46680,
46917,
47075,
47232,
47548,
47706,
48022,
48338,
48496,
48811,
49127,
49285,
49759,
50075,
50390,
50706,
51180,
51496,
51890,
52127,
52364,
52759,
52917,
53232,
53548,
53706,
54022,
54180,
54496,
54653,
54969,
55127,
56548,
56706,
57022,
57575,
58206,
58601,
58759,
58917,
59232,
59390,
59548,
59706,
59864,
60022,
61601,
61996,
62232,
63022,
63259,
66653,
66811,
67048,
67364,
67601,
67917,
68075,
68232,
68548,
68864,
69180,
69496,
69811,
70127,
70285,
70759,
71232,
71390,
71706,
71864,
72180,
72338,
72496,
72653,
72811,
73048,
73285,
73759,
73996,
74390,
74706,
75022,
75496,
75653,
75969,
76285,
76601,
77232,
77548,
77864,
78101,
78338,
78811,
79048,
79838,
79996,
80232,
81022,
81653,
81890,
82127,
82285,
82522,
82838,
83232,
83627,
83785,
84496,
85759,
86153,
86548,
86943,
87180,
87575,
87811,
87969,
88285,
88601,
88917,
89706,
90180,
90496,
90811,
91127,
91443,
91601,
92311,
92627,
93022,
93180,
93338,
93496,
93653,
93811,
93969,
94127,
94285,
94443,
94601,
94759,
94917,
95075,
95232,
95390,
96496,
96890,
97048,
97285,
97443,
97680,
97838,
97996,
98232,
98390,
98627,
98785,
98943,
99101,
99259,
99575,
99732,
99890,
100048,
100285,
100443,
100601,
101232,
101548,
101943,
102101,
102338,
102496,
102653,
102811,
103048,
103206,
103364,
103601,
103759,
103917,
104075,
104232,
104390,
104548,
104706,
104864,
105180,
105338,
105496,
105732,
105969,
106127,
106601,
107075,
107232,
107469,
107627,
107785,
108022,
108180,
108417,
108575,
108811,
108969,
109127,
109364,
109522,
109759,
109917,
110232,
110390,
110627,
110785,
111969,
112206,
112364,
112522,
112759,
112917,
113075,
113232,
113390,
113548,
113785,
113943,
114101,
114259,
114417,
114575,
114732,
114890,
115048,
115206,
115364,
115601,
115759,
115996,
116153,
116390,
117101,
117417,
117575,
117732,
117969,
118285,
118522,
118759,
118917,
119232,
119469,
119627,
119864,
120101,
120259,
120496,
120811,
121127,
121759,
122153,
122469,
122706,
122864,
123101,
123338,
123496,
123732,
123969,
124127,
124285,
124601,
124759,
124917,
125232,
125469,
125627,
125864,
126022,
126259,
126417,
127127,
127285,
127443,
127759,
127996,
128153,
128311,
128469,
128627,
128864,
129022,
129180,
129338,
129653,
129811,
129969,
130127,
130285,
130522,
130680,
130917,
131548,
132180,
132338,
132496,
132653,
132811,
132969,
133127,
133285,
133443,
133601,
133759,
133996,
134153,
134390,
134706,
134864,
135022,
135259,
135417,
135653,
135811,
135969,
136127,
136443,
137390,
137706,
138022,
138338,
138496,
138653,
138811,
138969,
139127,
139285,
139443,
139601,
140627,
149746,
149864,
150022,
150417,
150653,
150732,
151285,
151601,
152075,
152232,
152548,
152864,
153101,
153338,
153496,
153732,
153969,
154127,
154285,
154601,
154838,
155232,
155390,
155864,
156338,
156653,
156811,
157127,
157285,
157601,
157838,
158075,
158232,
158469,
160917,
161232,
161390,
161548,
161706,
161864,
162180,
162575,
162732,
162890,
163206,
163364,
163601,
163759,
164075,
164311,
164548,
164785,
165022,
165259,
165496,
165653,
165890,
166127,
166285,
166601,
166759,
166917,
167232,
167390,
167548,
167864,
168496,
168811,
169127,
169285,
169601,
169759,
169917,
170153,
170311,
170469,
171338,
171653,
171969,
172206,
172522,
172917,
173548,
173785,
174969,
176548,
176706,
176943,
177259,
177811,
178601,
178917,
179706,
181443,
181759,
182075,
182232,
182390,
182627,
182943,
183180,
183653,
183969,
184285,
184601,
184917,
185075,
185390,
185548,
186022,
186496,
186653,
186811,
186969,
187680,
188390,
188548,
188706,
188864,
189101,
189259,
189417,
189575,
189732,
189890,
190048,
190206,
191627,
191785,
192022,
192180,
192417,
192575,
192732,
192969,
193127,
193364,
193522,
193680,
193838,
193996,
194311,
194469,
194627,
194785,
195022,
195259,
195969,
196680,
196838,
197075,
197232,
197390,
197548,
197785,
197943,
198101,
198338,
198496,
198653,
198811,
198969,
199127,
199285,
199443,
199601,
199917,
200075,
200232,
200469,
200785,
200943,
201811,
201969,
202206,
202364,
202522,
202759,
202917,
203153,
203311,
203548,
203706,
203864,
204101,
204259,
204496,
204653,
204969,
205127,
205285,
205522,
206390,
206706,
206943,
207101,
207259,
207496,
207653,
207811,
207969,
208127,
208285,
208522,
208680,
208838,
208996,
209153,
209311,
209469,
209627,
209785,
209943,
210101,
210338,
210496,
210732,
210969,
211996,
212232,
212390,
212706,
212864,
213022,
213338,
213653,
213890,
214048,
214285,
214522,
214759,
214917,
215153,
215311,
215548,
215864,
216180,
216811,
217048,
217285,
217443,
217680,
217917,
218075,
218390,
218627,
218785,
219022,
219180,
219338,
219653,
219890,
220048,
220285,
220443,
220601,
220838,
221153,
221311,
221943,
222180,
222338,
222496,
222653,
222811,
223127,
223285,
223443,
223759,
223996,
224153,
224311,
224469,
224627,
224943,
225101,
225338,
225496,
225653,
225969,
226917,
227075,
227311,
227469,
227627,
227785,
228022,
228180,
228417,
228653,
228811,
229048,
229206,
229364,
229522,
229759,
229917,
230075,
230232,
230390,
232127,
232285,
232601,
232759,
233232,
233390,
233548,
233706,
233864,
234022,
234180,
234338,
234811,
235285,
235364,

3 Column Long Note Times:
10996,
11153,
11390,
11627,
11864,
12811,
15338,
15969,
17864,
19127,
20706,
21575,
38706,
39496,
43443,
44548,
45496,
57180,
57811,
60653,
62548,
63496,
63969,
64917,
65706,
84969,
100838,
101785,
106285,
106838,
111101,
111259,
111732,
116548,
116706,
120969,
121443,
121996,
126653,
126811,
126969,
131153,
131311,
131785,
131943,
136680,
136917,
137153,
141101,
141417,
141969,
142285,
142443,
142996,
143311,
144022,
146627,
147338,
148127,
148759,
149153,
149548,
150969,
158706,
159653,
160127,
190917,
196127,
196285,
196522,
201259,
201575,
205680,
205838,
211127,
211285,
211443,
211601,
216022,
216417,
216653,
221548,
221785,
226127,
226285,
226759,
230706,

3 Column Release Times:
11075,
11232,
11469,
11706,
11943,
13443,
15653,
16285,
18496,
19443,
21022,
21653,
39022,
39811,
43601,
44864,
46127,
57338,
57969,
61285,
62706,
63653,
64601,
65232,
66338,
85127,
100917,
101864,
106364,
106917,
111180,
111338,
111811,
116627,
116785,
121048,
121522,
122075,
126732,
126890,
127048,
131232,
131390,
131864,
132022,
136719,
136956,
137193,
141180,
141496,
142048,
142364,
142522,
143075,
143390,
144338,
146706,
147417,
148206,
148798,
149193,
149627,
151127,
159338,
159969,
160443,
191232,
196206,
196364,
196601,
201338,
201653,
205759,
205917,
211206,
211364,
211522,
211680,
216101,
216496,
216732,
221627,
221864,
226206,
226364,
226838,
231969,

4 Column Hit Times:
2075,
2232,
2390,
3180,
4048,
4206,
4759,
4917,
5548,
5706,
6180,
6811,
7759,
8232,
8548,
8706,
9496,
10285,
10522,
11864,
12338,
12496,
12890,
13048,
14311,
15575,
15811,
16443,
17075,
17390,
17548,
17943,
19364,
19601,
20706,
21575,
21969,
22127,
22285,
22443,
22601,
22917,
23153,
23390,
23548,
23864,
24022,
24259,
24496,
24732,
24969,
25127,
25285,
25522,
25680,
25917,
26075,
26232,
26548,
26785,
27022,
27180,
27417,
27653,
27811,
28048,
28285,
28522,
28759,
29075,
29232,
29469,
29627,
29864,
30022,
30417,
30575,
30732,
30890,
31127,
31443,
31601,
31759,
31917,
32390,
32548,
32706,
33180,
33338,
33496,
33732,
33890,
34048,
34206,
34364,
34522,
34680,
34838,
36338,
36496,
37443,
41232,
41785,
42338,
42811,
46285,
46443,
46759,
47075,
47390,
48022,
48180,
48653,
49285,
49601,
50232,
51022,
51180,
51496,
51653,
51969,
52285,
52601,
52917,
53075,
53390,
53864,
54101,
54338,
54653,
55285,
55443,
56627,
57496,
57811,
58285,
58443,
59232,
59627,
59785,
60496,
62075,
62311,
62706,
62864,
63180,
63653,
64285,
66496,
66811,
66969,
67127,
67443,
67680,
67917,
68075,
68390,
68706,
68864,
69022,
69338,
69811,
69969,
70285,
70601,
70917,
71232,
71548,
71785,
72022,
72338,
72496,
72811,
73127,
73443,
73759,
73917,
74075,
74390,
74548,
75022,
75180,
75653,
75811,
76127,
76285,
76759,
76917,
77311,
77469,
77706,
78022,
78969,
79285,
79443,
79759,
80075,
80548,
80864,
81180,
81496,
81811,
81969,
82206,
82443,
82601,
82759,
83075,
83232,
83548,
83864,
84022,
85601,
86864,
87022,
87259,
87653,
87969,
88285,
88601,
88917,
89153,
89548,
90022,
90496,
90811,
91127,
91443,
91996,
92390,
92548,
92706,
92864,
93022,
93180,
93338,
93496,
94285,
94443,
94601,
94759,
94917,
95075,
95232,
95390,
96811,
96969,
97127,
97285,
97443,
97601,
97759,
97996,
98153,
98311,
98548,
98706,
99022,
99180,
99338,
99496,
99653,
99969,
100127,
100364,
100601,
102022,
102180,
102338,
102496,
102732,
102890,
103048,
103285,
103443,
103601,
103759,
104075,
104232,
104390,
104706,
104864,
105022,
105180,
105417,
105653,
105811,
105969,
106127,
106917,
107153,
107311,
107469,
107706,
107864,
108022,
108180,
108338,
108496,
108653,
108811,
109127,
109285,
109443,
109759,
109917,
110075,
110311,
110548,
111022,
111969,
112127,
112285,
112522,
112680,
112838,
113075,
113232,
113469,
113627,
113864,
114180,
114417,
114811,
115127,
115443,
115680,
115917,
116075,
116311,
117022,
117338,
117653,
117811,
118048,
118285,
118443,
118601,
118838,
118996,
119232,
119390,
119548,
119943,
120180,
120338,
120496,
120732,
120890,
122075,
122232,
122390,
122706,
123022,
123259,
123417,
123653,
123969,
124206,
124364,
124601,
124838,
124996,
125232,
125390,
125548,
125864,
126180,
126338,
126496,
127127,
127364,
127522,
127759,
127996,
128232,
128390,
128706,
128943,
129101,
129338,
129496,
129653,
129811,
130048,
130285,
130522,
130759,
130917,
131548,
132180,
132417,
132811,
133048,
133206,
133443,
133601,
133838,
134075,
134232,
134390,
134548,
134706,
134864,
135022,
135338,
135575,
135969,
136285,
136443,
138496,
138653,
138811,
138969,
139127,
139285,
139443,
139601,
139917,
140075,
140548,
149785,
149943,
150101,
150456,
150653,
150732,
151127,
151443,
151680,
151917,
152075,
152390,
152548,
152785,
153022,
153417,
153653,
153969,
154127,
154364,
154601,
154759,
155075,
156338,
156496,
156811,
157285,
157522,
157759,
158075,
158390,
158548,
159022,
160285,
160601,
161232,
161469,
161785,
162180,
162496,
163127,
163443,
163759,
163996,
164232,
164469,
164627,
164943,
165338,
165575,
165969,
166206,
166364,
166522,
166838,
166996,
167311,
167548,
167864,
168180,
168338,
168653,
169443,
169680,
170075,
170390,
171338,
171811,
172443,
173232,
173706,
174653,
177022,
177496,
177890,
178285,
179390,
180338,
181443,
181759,
182075,
182390,
182864,
183022,
183811,
183969,
184285,
184601,
184917,
185706,
186180,
186496,
186653,
186811,
186969,
187127,
187285,
187443,
187601,
187996,
188943,
189101,
189259,
189417,
189575,
189732,
189890,
190048,
190206,
191232,
191548,
191706,
191864,
192022,
192180,
192338,
192496,
192732,
192890,
193048,
193285,
193443,
193759,
193917,
194075,
194232,
194390,
194706,
194864,
195101,
195338,
196759,
196917,
197075,
197232,
197469,
197627,
197785,
198022,
198180,
198338,
198496,
198811,
198969,
199127,
199443,
199601,
199759,
199917,
200153,
200390,
200548,
200706,
200864,
201653,
201890,
202048,
202206,
202443,
202601,
202759,
202917,
203075,
203232,
203390,
203548,
203864,
204022,
204180,
204496,
204653,
204811,
205048,
205285,
205443,
205759,
206706,
206864,
207022,
207259,
207417,
207575,
207811,
207969,
208206,
208364,
208601,
208917,
209153,
209548,
209864,
210180,
210417,
210653,
210811,
211127,
211443,
211759,
211917,
212075,
212390,
212627,
212943,
213101,
213417,
213653,
213811,
213969,
214285,
214443,
214601,
214917,
215232,
215390,
215548,
216180,
216811,
217127,
217364,
217522,
217759,
218075,
218311,
218548,
218706,
219022,
219259,
219417,
219653,
219811,
219969,
220285,
220522,
220680,
220917,
221075,
221232,
221864,
222022,
222417,
222575,
222811,
222969,
223127,
223285,
223522,
223759,
223996,
224232,
224390,
224706,
225022,
225180,
225338,
225575,
225732,
225969,
226601,
226996,
227232,
227548,
227864,
228101,
228259,
228496,
228811,
229048,
229285,
229443,
229680,
229838,
230075,
230311,
230469,
230706,
230864,
231180,
232127,
232443,
232601,
232917,
233075,
233232,
233390,
233548,
233706,
233864,
234022,
234180,
234338,
234653,

4 Column Long Note Times:
10917,
11469,
12022,
13443,
14706,
18496,
20075,
21022,
38075,
43127,
43759,
45338,
55917,
56075,
57022,
58759,
60653,
61759,
65390,
78496,
84180,
84653,
85285,
85917,
95548,
100759,
100917,
101075,
101232,
101390,
101548,
101706,
106364,
106759,
111417,
111575,
116627,
116785,
121127,
121364,
121522,
121838,
131075,
131232,
131706,
131864,
136601,
136759,
137075,
137232,
141496,
141811,
142917,
143390,
144338,
146075,
146548,
146706,
147180,
147653,
148285,
148917,
149390,
155430,
159338,
170706,
195496,
195653,
195811,
195969,
196443,
201101,
201417,
205996,
206153,
206311,
206469,
215785,
215943,
216338,
216496,
221627,
226206,
226364,
226838,
231575,
231732,
231890,

4 Column Release Times:
10996,
11548,
12101,
14075,
15338,
19127,
20390,
21496,
38390,
43443,
44075,
45496,
55996,
56390,
57180,
58917,
61285,
61917,
66338,
78811,
84496,
84811,
85443,
86548,
96496,
100838,
100996,
101153,
101311,
101469,
101627,
101785,
106443,
106838,
111496,
111653,
116706,
116864,
121206,
121443,
121601,
121917,
131153,
131311,
131785,
131943,
136640,
136798,
137114,
138338,
141575,
141890,
142996,
143706,
144417,
146153,
146627,
146785,
147338,
147732,
148364,
148996,
149469,
156180,
159969,
171022,
195575,
195732,
195890,
196048,
196522,
201180,
201496,
206075,
206232,
206390,
206548,
215864,
216022,
216417,
216575,
221706,
226285,
226443,
226917,
231614,
231772,
231930,

