Artist : hololive
Song Name : hololive song pack
Difficulty : 0
BPM : 190
Background Image : charts\hololive-hololive song pack\Remote Control - Tokino Sora & ConRoboco-san.png
Audio : charts\hololive-hololive song pack\Remote Control - Tokino Sora & ConRoboco-san.ogg

1 Column Hit Times:
3940,
4667,
8667,
9394,
13394,
21031,
27212,
27576,
27940,
33031,
34849,
35576,
37758,
37940,
41031,
41394,
49394,
49576,
51940,
54122,
55576,
55940,
57758,
59940,
61394,
64303,
64667,
78667,
84122,
85758,
86849,
87940,
89031,
89758,
90485,
91576,
93031,
93758,
94849,
95576,
96303,
97031,
98485,
99940,
100303,
101394,
102122,
102485,
102849,
104667,
106485,
107940,
108667,
109394,
109576,
111576,
112303,
112485,
117758,
120303,
122485,
122849,
126122,
129031,
129758,
130485,
131940,
134122,
135212,
135940,
137394,
137758,
138485,
142485,
145758,
146122,
154303,
159758,
161394,
162485,
163576,
164667,
165394,
166122,
167576,
168667,
169758,
171212,
171940,
172667,
174122,
175576,
176667,
177394,
178485,
180303,
181394,
195031,
195576,
199212,
199940,
200667,
205031,
205758,
206485,
207212,
208667,
210122,
211576,
213031,
214485,
215940,
217394,
219212,
227576,
228667,
230485,
232667,
233394,
234849,
243031,
248485,
251576,
252667,
253758,
254849,
255576,
256303,
257758,
258849,
259940,
261394,
262849,
264303,
265758,
266122,
267212,
267940,
268303,
268667,
270485,
271576,
272303,
273758,
275940,
276667,
277031,
277758,
279576,
282122,
283940,
285394,
287576,
288667,
289031,
291576,
293758,
294122,
295576,
297031,
297758,
299940,

1 Column Long Note Times:
15940,
16667,
21758,
22485,
24667,
25394,
28667,
29031,
30485,
31212,
32303,
37031,
38485,
39940,
43212,
46122,
48667,
50122,
63212,
66485,
69394,
71940,
73394,
76303,
77212,
81031,
103940,
107212,
114485,
114849,
116303,
118485,
119576,
121031,
121394,
124303,
125394,
139212,
148303,
151940,
152849,
156667,
179576,
183758,
218485,
222122,
223576,
224303,
224667,
226122,
237394,
240667,
241576,
245394,
249576,
269758,
274303,
286122,
298667,
300667,

1 Column Release Times:
16303,
17031,
22122,
22849,
25031,
25758,
28849,
29212,
30667,
31576,
32667,
37394,
38849,
40303,
43576,
46303,
49031,
50485,
63576,
66849,
69758,
72303,
73758,
76485,
78122,
81212,
104303,
107394,
114667,
115031,
116485,
118849,
119940,
121212,
121758,
124667,
125758,
139394,
148667,
152122,
153758,
156849,
179940,
185758,
218849,
222849,
223940,
224485,
224758,
226485,
238122,
240849,
242485,
245576,
249940,
270122,
275394,
286485,
299031,
303576,

2 Column Hit Times:
6849,
11212,
11940,
14485,
15212,
20667,
31940,
33031,
33758,
41758,
42122,
42485,
51212,
52303,
53031,
54485,
57031,
58122,
58849,
60303,
65031,
65394,
65758,
70485,
78122,
83212,
83394,
84303,
85394,
87576,
88303,
90849,
91212,
92667,
94122,
94485,
95940,
96303,
97394,
98849,
99940,
100667,
103212,
105394,
110122,
111212,
111940,
114485,
117031,
119212,
123940,
126485,
127576,
128667,
130849,
133394,
134485,
136667,
138122,
140667,
141031,
141394,
143576,
144303,
146485,
146849,
147212,
153758,
158849,
159031,
159940,
161031,
166122,
166485,
166849,
168303,
169031,
170122,
172303,
173394,
174485,
175576,
177758,
178849,
181031,
182485,
183212,
183394,
194849,
195394,
196303,
197758,
198485,
199940,
201394,
202122,
203576,
204303,
205758,
218849,
222122,
226485,
227212,
229758,
231576,
232303,
233758,
242485,
247576,
247758,
248667,
249940,
251212,
253394,
254122,
255576,
256667,
257031,
258485,
259576,
260303,
261758,
262485,
263576,
264667,
265758,
266485,
267940,
269394,
271212,
273031,
273212,
276667,
279212,
281031,
281758,
282485,
283212,
285031,
288303,
289394,
291212,
292667,
295212,
296303,
296667,
297940,

2 Column Long Note Times:
17031,
17758,
18849,
19576,
38849,
44303,
45394,
46485,
62122,
67576,
68667,
73031,
73758,
74122,
75940,
80303,
80667,
81394,
107394,
125758,
142849,
145031,
148667,
149394,
149758,
151576,
155940,
156303,
157031,
207576,
209031,
211212,
212667,
213394,
214849,
217031,
219212,
235212,
235940,
236667,
237031,
238122,
238485,
240303,
244667,
245031,
245758,
287212,
299031,

2 Column Release Times:
17394,
18122,
19212,
19940,
39031,
44485,
45576,
46667,
62303,
67758,
68849,
73394,
73940,
74303,
76122,
80485,
80849,
81576,
107576,
126122,
143212,
145212,
149031,
149576,
149940,
151758,
156122,
156485,
157212,
207940,
209394,
211576,
213031,
213758,
215212,
217394,
220667,
235576,
236303,
236849,
237212,
238303,
238667,
240485,
244849,
245212,
245940,
287576,
300667,

3 Column Hit Times:
7576,
9758,
10485,
14122,
14849,
20303,
32667,
34485,
35212,
44667,
47576,
47940,
48303,
50849,
51576,
52667,
53758,
56667,
57394,
58485,
59576,
66849,
67940,
69758,
70849,
71212,
71576,
78667,
82485,
82667,
84485,
85394,
86122,
86849,
88667,
89394,
90122,
91940,
92667,
95212,
97758,
99212,
99576,
101758,
102849,
104303,
105031,
105758,
106122,
109031,
109758,
110485,
112667,
113394,
116667,
119940,
123576,
125031,
125212,
126122,
127212,
127940,
131212,
131940,
132303,
133031,
133758,
136303,
137758,
143940,
154303,
158122,
158303,
160122,
161031,
161758,
162485,
163212,
163940,
164303,
165031,
165758,
167212,
168303,
169758,
170849,
171576,
171940,
173031,
174849,
175212,
175940,
177031,
177758,
178485,
179940,
180667,
181394,
181758,
182849,
183031,
197031,
198485,
199212,
200667,
201394,
202849,
204303,
205031,
206485,
218849,
222849,
226849,
228303,
229394,
230122,
231212,
232303,
233758,
234485,
243031,
246849,
247031,
248849,
250122,
251212,
251940,
252667,
254485,
255212,
255940,
258485,
259940,
261031,
262122,
265031,
265394,
267576,
268667,
269031,
270122,
270849,
271576,
271940,
273394,
273576,
278122,
279940,
280667,
282849,
285758,
287940,
289758,
290485,
292303,
293394,
294122,
294485,
298122,
299758,

3 Column Long Note Times:
17394,
18122,
22849,
23576,
24303,
25031,
30849,
39212,
40667,
43576,
45031,
61758,
62485,
63940,
68303,
72667,
74485,
74849,
75576,
79576,
79940,
81758,
83758,
98122,
107576,
108122,
115212,
115576,
122122,
138849,
139576,
142122,
145394,
147940,
150122,
150485,
151212,
155212,
155576,
157394,
159394,
173758,
208303,
209758,
210485,
211940,
214122,
215576,
216303,
217758,
220667,
238849,
239212,
239940,
243940,
244303,
246122,
248122,
263940,
286485,
298485,

3 Column Release Times:
17758,
18485,
23212,
23940,
24667,
25394,
31031,
39394,
40849,
43758,
45212,
62122,
62667,
64122,
68485,
73031,
74667,
75031,
75758,
79758,
80122,
82122,
84122,
98485,
107758,
108485,
115394,
115940,
122303,
139212,
139758,
142485,
145576,
148303,
150303,
150667,
151394,
155394,
155758,
157758,
159758,
174122,
208667,
210122,
210849,
212303,
214485,
215940,
216667,
218122,
222122,
239031,
239394,
240122,
244122,
244485,
246485,
248485,
264303,
286849,
298667,

4 Column Hit Times:
5394,
6122,
8303,
9031,
12667,
19940,
29394,
29758,
33394,
34122,
35940,
36303,
36667,
38849,
46849,
47212,
50485,
53394,
54849,
55212,
56303,
59212,
60667,
61031,
62122,
73758,
78122,
85031,
87212,
88303,
89758,
90485,
91212,
93394,
94122,
95576,
96667,
97031,
98485,
101031,
101394,
102122,
103576,
104303,
105758,
106849,
110849,
111031,
113031,
117394,
118122,
123212,
126849,
128303,
129394,
130122,
131576,
132667,
134849,
135576,
137031,
139940,
140303,
143212,
143576,
149394,
153758,
160667,
162849,
163940,
165394,
166849,
169394,
170485,
171212,
172667,
174122,
176303,
177031,
178122,
179212,
179940,
182122,
183576,
194485,
194667,
195212,
196303,
197031,
197758,
202122,
202849,
203576,
207212,
207940,
209394,
210849,
212303,
213758,
215212,
216667,
218122,
220667,
226485,
227940,
229031,
230849,
231940,
233031,
234122,
235576,
236303,
238122,
242485,
250303,
253031,
254122,
256303,
257031,
257394,
259212,
260667,
261394,
262122,
262849,
263212,
264303,
266849,
267212,
270122,
272667,
275940,
276303,
277394,
278849,
280303,
281758,
282485,
283576,
284667,
287576,
288303,
290849,
291940,
293394,
294849,
296303,
297031,
297394,
298303,
299212,
299576,
300303,

4 Column Long Note Times:
15576,
16303,
18485,
19212,
21394,
22122,
23212,
23940,
25758,
28303,
30122,
31576,
37394,
38122,
39576,
40303,
42849,
43940,
44667,
45758,
49031,
49758,
62849,
63576,
66122,
67212,
67940,
69031,
70122,
72303,
75212,
76667,
82122,
86485,
92303,
107758,
108485,
113940,
114122,
114303,
115940,
118849,
120303,
120667,
121758,
124667,
141758,
144667,
147576,
150849,
152303,
157758,
162122,
167940,
184122,
218485,
222849,
223940,
224485,
224849,
225758,
239576,
241031,
246485,
249576,
252303,
258122,
273940,
286849,
300667,

4 Column Release Times:
15940,
16667,
18849,
19576,
21758,
22485,
23576,
24303,
27212,
28667,
30303,
31940,
37758,
38485,
39758,
40485,
43212,
44303,
44849,
46122,
49394,
50122,
63031,
63758,
66485,
67576,
68122,
69394,
70485,
72667,
75394,
77212,
82485,
86849,
92667,
107940,
109576,
114031,
114212,
114394,
116122,
119212,
120485,
120849,
121940,
125031,
142122,
145031,
147940,
151031,
152849,
158122,
162485,
168303,
185758,
218849,
223576,
224303,
224667,
224940,
226122,
239758,
241576,
246849,
249940,
252667,
258485,
274303,
287212,
303576,

