Artist : hololive
Song Name : hololive song pack
Difficulty : 0
BPM : 190
Background Image : charts\hololive-hololive song pack\Remote Control - Tokino Sora & ConRoboco-san.png
Audio : charts\hololive-hololive song pack\Remote Control - Tokino Sora & ConRoboco-san.ogg

1 Column Hit Times:
16849,
18122,
18394,
19576,
19849,
21212,
28303,
28485,
28667,
28849,
29212,
29394,
29758,
30849,
31303,
31485,
31758,
32303,
32667,
33031,
33212,
33485,
33758,
34122,
34303,
35394,
35576,
35758,
39394,
39576,
40485,
40667,
41303,
41576,
41758,
41940,
42122,
42303,
43212,
43394,
44667,
45394,
46303,
46485,
47122,
47394,
47576,
47758,
47940,
48122,
49031,
49212,
50485,
50849,
51394,
51576,
51940,
52303,
52667,
53212,
53576,
54122,
54303,
54849,
55212,
55576,
55758,
55940,
56303,
56849,
57031,
57576,
57758,
57940,
58485,
58849,
59758,
60485,
60667,
61031,
61394,
61576,
61940,
62122,
62667,
62849,
63758,
63940,
64576,
64849,
65576,
67940,
68303,
69576,
70122,
70303,
70485,
70849,
71394,
71576,
73758,
74122,
74303,
74667,
74849,
75576,
75758,
75940,
76303,
76849,
78303,
78667,
79212,
79576,
79940,
80303,
80849,
81394,
81576,
81758,
83212,
83394,
84303,
84485,
85394,
85576,
85758,
85940,
86212,
86485,
86667,
86849,
87212,
87394,
87576,
87758,
87940,
88122,
88394,
88667,
88849,
89031,
89212,
89394,
89576,
89758,
89940,
90212,
90485,
90667,
90849,
91031,
91212,
91394,
91576,
91758,
92031,
92303,
92485,
92667,
93031,
93212,
93394,
93940,
94122,
94303,
94485,
94667,
94940,
95212,
95394,
95576,
95758,
96122,
96667,
97031,
97303,
97758,
97940,
98212,
98485,
98667,
99212,
99394,
99940,
100212,
100576,
101031,
101212,
101758,
102485,
102849,
103031,
103303,
103576,
103758,
103940,
104122,
104303,
104667,
105212,
105394,
105576,
105758,
106122,
106303,
106576,
106758,
107122,
107394,
107940,
108122,
109758,
110122,
110485,
110849,
111031,
111212,
114485,
115212,
115940,
116667,
116849,
117031,
117394,
117576,
117758,
117940,
118122,
120303,
121031,
121212,
121758,
122485,
122667,
122849,
123212,
123394,
123576,
123758,
123940,
126303,
126849,
127394,
127576,
128122,
128485,
128849,
129576,
130303,
130485,
131031,
131212,
131394,
131940,
132303,
132485,
133031,
133394,
133758,
133940,
134303,
134485,
134849,
135576,
136303,
136667,
136849,
137394,
137576,
137758,
138122,
139576,
140122,
140303,
140485,
141212,
143576,
143940,
145212,
145758,
145940,
146122,
146485,
147031,
147212,
149394,
149758,
149940,
150303,
150485,
151212,
151394,
151576,
151940,
152485,
153940,
154303,
154849,
155212,
155576,
155940,
156485,
157031,
157212,
157394,
158849,
159031,
159940,
160122,
161031,
161212,
161394,
161576,
161849,
162122,
162303,
162485,
162849,
163031,
163212,
163394,
163576,
163758,
164031,
164303,
164485,
164667,
164849,
165031,
165212,
165394,
165576,
165849,
166122,
166303,
166485,
166667,
166849,
167031,
167212,
167394,
167667,
167940,
168122,
168303,
168667,
168849,
169031,
169576,
169758,
169940,
170122,
170303,
170576,
170849,
171031,
171212,
171394,
171758,
172303,
172667,
172940,
173394,
173576,
173849,
174122,
174303,
174849,
175031,
175576,
175849,
176212,
176667,
176849,
177394,
178122,
178485,
178667,
178940,
179212,
179394,
179576,
179758,
179940,
180303,
180849,
181031,
181212,
181394,
181758,
181940,
182212,
182394,
182758,
183031,
183576,
183758,
195940,
196667,
197394,
198122,
198303,
198485,
198849,
199576,
200122,
201031,
201212,
201394,
201758,
202485,
203212,
203940,
204122,
204303,
204667,
205394,
206122,
206485,
206667,
208122,
208667,
209394,
210122,
210485,
210849,
211212,
211394,
212122,
212849,
213394,
213940,
214667,
215394,
215940,
216303,
216667,
217031,
217394,
218122,
218303,
219212,
219455,
219697,
219940,
220182,
220425,
220667,
220849,
221031,
221212,
221394,
221576,
221758,
221940,
222122,
222364,
222606,
222849,
223031,
223212,
223394,
223576,
223819,
224076,
224258,
224485,
227212,
227758,
228122,
229031,
229212,
229394,
230122,
230485,
230667,
231212,
231576,
232122,
232394,
232667,
232940,
233303,
233485,
233758,
234122,
234576,
234849,
235031,
235576,
235940,
236849,
237212,
238485,
238667,
239031,
239212,
239940,
240122,
240303,
240667,
241212,
242667,
243031,
243576,
243940,
244303,
244667,
245212,
245758,
245940,
246122,
247576,
247758,
248667,
248849,
249576,
249940,
250303,
251303,
251576,
251758,
251940,
252122,
252303,
252485,
252667,
252849,
253031,
253212,
254122,
254303,
254485,
254667,
254940,
255212,
255394,
255576,
255758,
255940,
256212,
256394,
256576,
256940,
257122,
257394,
257576,
257758,
257940,
258122,
258303,
258485,
258667,
258849,
259212,
259576,
260031,
260303,
260485,
260667,
260849,
261031,
261212,
261758,
262122,
262667,
262849,
263031,
263303,
263485,
263849,
264212,
264667,
264849,
265031,
265394,
265849,
266122,
266303,
266576,
266758,
267122,
267394,
267940,
268122,
268667,
268849,
269031,
269212,
269394,
269576,
269849,
270122,
270303,
270485,
270849,
271394,
271667,
271849,
272212,
272667,
272849,
273031,
273394,
273576,
274303,
274849,
275303,
275576,
276122,
276303,
276667,
276849,
277212,
277394,
278122,
278485,
278849,
279031,
280303,
280485,
281031,
281394,
281758,
281940,
282667,
283212,
283576,
284485,
284849,
285576,
287576,
287758,
288303,
288849,
289394,
289940,
291940,
292303,
292667,
293031,
293394,
294303,
294667,
295031,
295212,
296122,
296303,
297212,

1 Column Long Note Times:
5394,
6122,
8303,
9031,
11212,
11940,
14122,
14849,
15576,
15849,
16122,
17031,
17758,
19031,
20485,
21394,
22667,
22849,
23122,
23394,
23576,
25031,
25303,
26122,
26849,
30122,
30485,
34667,
35031,
35940,
36303,
36667,
37394,
37758,
37940,
38485,
39031,
39758,
40031,
40212,
40849,
42485,
42849,
43031,
43576,
43758,
43940,
44303,
45031,
45576,
45849,
46031,
46667,
48303,
48667,
48849,
49394,
49576,
49758,
50122,
53758,
54485,
59212,
59940,
62303,
63031,
63303,
63485,
64303,
65212,
65758,
66122,
66303,
66485,
66849,
67031,
67576,
68485,
68849,
69122,
69303,
69758,
71940,
72303,
72667,
73031,
73394,
75212,
76485,
77212,
82122,
83758,
96303,
99576,
101394,
102122,
108485,
113031,
113940,
114122,
114303,
114849,
115576,
115758,
116303,
118303,
118576,
118758,
119212,
119394,
119940,
120485,
121394,
121576,
122122,
124122,
124394,
124576,
125031,
125212,
125758,
129031,
129758,
135212,
135940,
138485,
138849,
139031,
139212,
139758,
140849,
141394,
141758,
141940,
142122,
142485,
142667,
143212,
144122,
144485,
144758,
144940,
145394,
147576,
147940,
148303,
148667,
149031,
150849,
152122,
152849,
157758,
159394,
160667,
171940,
175212,
177031,
177758,
184122,
185394,
186122,
187212,
187758,
188122,
188667,
189394,
189940,
190485,
191576,
192303,
193031,
193940,
194485,
195485,
207212,
207758,
208303,
209031,
209758,
211758,
212485,
213576,
214122,
214849,
215576,
217576,
218849,
224758,
224940,
226212,
226849,
228667,
230849,
235212,
235758,
236212,
236667,
237031,
237394,
239576,
240849,
241576,
246485,
248122,
253758,
259758,
261394,
265576,
267576,
268303,
273758,
275758,
277758,
279576,
282303,
283940,
286122,
286485,
286667,
286849,
287212,
288485,
289031,
290485,
291031,
291394,
293576,
293940,
295576,
296667,
297394,
297758,
297940,
298122,
298303,
298667,
299031,
300667,

1 Column Release Times:
5758,
6485,
8667,
9394,
11576,
12303,
14485,
15212,
15758,
16031,
16303,
17212,
17940,
19212,
20667,
21576,
22758,
23031,
23303,
23485,
23758,
25212,
25485,
26485,
27212,
30303,
30667,
34849,
35212,
36212,
36576,
36940,
37576,
37849,
38031,
38758,
39212,
39940,
40122,
40303,
41031,
42667,
42940,
43122,
43667,
43849,
44122,
44576,
45212,
45758,
45940,
46122,
46849,
48485,
48758,
48940,
49485,
49667,
49940,
50394,
53940,
54667,
59576,
60303,
62485,
63212,
63394,
63576,
64485,
65394,
65940,
66212,
66394,
66667,
66940,
67122,
67849,
68667,
69031,
69212,
69394,
69940,
72122,
72485,
72758,
73212,
73667,
75394,
76667,
78122,
82485,
84122,
96485,
99758,
101576,
102303,
109576,
113394,
114031,
114212,
114394,
115031,
115667,
115849,
116485,
118485,
118667,
118849,
119303,
119485,
120212,
120667,
121485,
121667,
122303,
124303,
124485,
124667,
125122,
125303,
126031,
129394,
130122,
135394,
136122,
138667,
138940,
139122,
139394,
139940,
141031,
141576,
141849,
142031,
142303,
142576,
142758,
143485,
144303,
144667,
144849,
145031,
145576,
147758,
148122,
148394,
148849,
149303,
151031,
152303,
153758,
158122,
159758,
160758,
172122,
175394,
177212,
177940,
185212,
185758,
186485,
187576,
187940,
188303,
188849,
189576,
190122,
190849,
191940,
192667,
193394,
194122,
194576,
195576,
207485,
207940,
208485,
209212,
209940,
211940,
212667,
213758,
214303,
215031,
215758,
217758,
219122,
224849,
225031,
226485,
227031,
228758,
230940,
235303,
235849,
236303,
236758,
237122,
238122,
239758,
241031,
242485,
246849,
248485,
253940,
259940,
261576,
265758,
267758,
268485,
273940,
275940,
277940,
279758,
282485,
284122,
286303,
286576,
286758,
287031,
287485,
288667,
289212,
290667,
291212,
291576,
293758,
294122,
295758,
297031,
297576,
297849,
298031,
298212,
298394,
298940,
300576,
303576,

2 Column Hit Times:
8485,
8940,
9212,
14303,
14758,
15031,
16849,
18122,
18394,
19576,
19849,
21212,
28303,
28485,
28667,
29031,
29303,
29576,
29758,
29940,
30122,
30485,
30849,
31031,
31303,
31485,
31758,
32940,
33212,
33485,
33758,
33940,
34122,
34303,
35485,
37031,
37212,
38849,
39031,
39212,
39758,
41303,
41576,
41758,
41940,
42122,
42303,
42485,
45031,
45212,
46667,
47122,
47394,
47667,
48031,
48303,
50485,
50667,
51031,
51212,
51576,
51758,
52122,
52485,
52667,
52849,
53031,
53394,
53576,
54485,
55031,
55394,
55940,
56122,
56303,
56485,
56667,
57031,
57212,
57394,
57758,
58122,
58485,
58667,
59031,
59394,
59940,
60122,
60667,
60849,
61394,
61576,
62303,
62485,
63031,
64122,
64303,
64576,
65394,
65758,
65940,
66485,
67940,
68485,
68667,
68849,
69758,
70303,
70485,
70667,
70849,
71031,
71212,
71576,
71758,
71940,
72122,
73758,
74122,
74485,
74667,
75031,
75212,
75940,
76485,
76667,
77212,
77576,
78122,
78667,
79576,
80122,
80485,
80849,
81031,
81212,
81758,
81940,
82122,
82485,
82667,
83212,
83394,
83758,
84122,
84485,
85394,
85576,
85849,
86031,
86394,
86758,
87212,
87576,
87758,
88576,
89031,
89212,
89485,
89758,
89940,
90122,
90303,
90485,
90667,
90940,
91212,
91394,
91667,
91849,
92212,
92576,
92849,
93031,
93394,
93576,
94122,
94303,
94576,
94758,
95122,
95485,
95758,
96303,
96485,
96667,
96849,
97031,
97212,
97394,
97576,
97849,
98122,
98303,
98485,
98849,
99031,
99394,
99576,
99940,
100122,
100303,
100485,
100667,
100849,
101122,
101394,
101940,
102122,
102667,
102849,
103122,
103485,
103940,
104122,
104303,
104849,
105031,
105212,
105394,
105758,
105940,
106212,
106485,
106667,
106849,
107031,
107394,
107576,
107758,
108122,
108485,
109031,
109576,
109758,
110122,
110485,
110849,
111212,
111940,
112485,
112667,
113031,
113394,
114849,
116303,
116485,
116667,
116849,
117031,
117212,
117485,
117849,
118303,
120303,
120485,
120667,
122122,
122485,
122667,
122849,
123031,
123212,
123394,
123576,
123758,
124122,
126122,
126485,
126667,
126849,
127031,
127576,
127758,
127940,
128303,
128667,
129031,
129394,
129758,
129940,
130485,
130667,
130849,
131212,
131758,
132122,
132667,
132849,
133212,
133576,
133940,
134122,
134667,
135031,
135212,
135758,
135940,
136485,
136667,
136849,
137031,
137394,
138485,
139212,
139940,
140122,
140303,
141031,
141394,
141576,
142122,
143576,
144122,
144303,
144485,
145394,
145940,
146122,
146303,
146485,
146667,
146849,
147212,
147394,
147576,
147758,
149394,
149758,
150122,
150303,
150667,
150849,
151576,
152122,
152303,
152849,
153212,
153758,
154303,
155212,
155758,
156122,
156485,
156667,
156849,
157394,
157576,
157758,
158122,
158303,
158849,
159031,
159394,
159758,
160122,
161031,
161212,
161485,
161667,
162031,
162394,
162849,
163212,
163394,
164212,
164667,
164849,
165122,
165394,
165576,
165758,
165940,
166122,
166303,
166576,
166849,
167031,
167303,
167485,
167849,
168212,
168485,
168667,
169031,
169212,
169758,
169940,
170212,
170394,
170758,
171122,
171394,
171940,
172122,
172303,
172485,
172667,
172849,
173031,
173212,
173485,
173758,
173940,
174122,
174485,
174667,
175031,
175212,
175576,
175758,
175940,
176122,
176303,
176485,
176758,
177031,
177576,
177758,
178303,
178485,
178758,
179122,
179576,
179758,
179940,
180485,
180667,
180849,
181031,
181394,
181576,
181849,
182122,
182303,
182485,
182667,
183031,
183212,
183394,
183758,
184122,
196122,
196303,
196485,
196849,
197031,
197212,
197576,
197758,
197940,
198122,
198485,
199031,
199212,
199394,
199758,
199940,
200303,
200485,
200667,
200849,
201031,
201394,
201940,
202122,
202303,
202667,
202849,
203031,
203394,
203576,
203758,
203940,
204303,
204849,
205031,
205212,
205576,
205758,
205940,
206303,
206485,
207576,
208303,
208849,
209031,
209576,
209758,
210485,
210667,
211940,
212667,
214122,
214849,
215576,
216303,
217212,
217758,
217940,
218122,
219273,
219516,
219758,
220000,
220243,
220485,
220712,
220894,
221076,
221258,
221440,
221622,
221803,
221985,
222182,
222425,
222667,
222894,
223076,
223258,
223440,
223637,
223879,
224031,
224212,
224303,
224485,
226485,
226849,
227212,
227576,
227940,
228485,
229576,
229940,
230303,
231394,
231940,
232303,
232758,
233122,
233394,
233667,
233940,
234122,
234303,
234485,
234758,
235122,
235940,
236940,
237303,
237576,
237940,
238122,
238485,
238849,
239031,
239394,
239576,
240303,
240849,
241031,
241576,
241940,
242485,
243031,
243940,
244485,
244849,
245212,
245394,
245576,
246122,
246303,
246485,
246849,
247031,
247576,
247758,
248122,
248485,
248849,
250122,
250303,
251212,
251485,
251940,
252122,
252394,
252667,
252849,
253394,
253758,
254122,
254303,
254576,
254758,
255122,
255485,
255667,
255849,
256122,
256303,
256485,
256667,
256849,
257031,
257303,
257758,
257940,
258212,
258485,
259031,
259394,
259576,
259940,
260212,
260667,
260849,
261122,
261394,
261758,
261940,
262303,
262940,
263212,
263394,
263576,
263758,
263940,
264122,
264303,
264485,
264667,
265031,
265576,
265758,
265940,
266212,
266485,
266667,
266849,
267031,
267212,
267394,
268122,
268758,
269031,
269212,
269485,
269667,
270031,
270303,
270485,
270667,
270849,
271212,
271576,
271758,
271940,
272122,
272303,
272485,
272758,
273031,
273212,
273576,
274894,
275258,
275622,
276485,
276667,
277394,
277576,
277940,
278122,
278303,
278667,
279212,
280303,
280667,
281031,
281212,
281576,
281758,
282303,
282849,
283758,
283940,
285212,
285758,
287940,
288303,
288485,
289031,
289758,
289940,
290122,
291940,
292122,
292667,
293576,
294122,
294849,
295940,
296303,
296485,
296667,
297394,
299031,
299212,

2 Column Long Note Times:
3940,
4667,
6849,
7576,
9758,
10485,
12667,
13394,
15576,
15849,
16122,
17031,
17303,
17758,
18758,
19031,
20212,
20485,
21394,
21667,
22394,
22667,
22849,
23849,
24303,
24576,
24849,
25576,
26122,
27212,
27576,
27940,
31940,
32122,
32303,
32667,
34667,
35031,
35940,
36303,
36667,
37576,
37940,
38122,
38485,
39394,
40031,
40212,
40485,
41031,
42849,
43031,
43212,
43576,
43758,
44122,
44667,
45394,
45849,
46031,
46303,
46849,
48667,
48849,
49031,
49394,
49576,
49940,
53940,
54667,
61758,
62667,
63303,
63485,
63758,
65031,
66122,
66303,
66849,
67031,
67212,
67576,
68122,
69122,
69303,
69940,
72667,
72849,
73212,
75576,
76122,
88122,
93758,
95940,
101576,
102303,
113940,
114122,
114303,
114485,
115212,
115576,
115758,
115940,
118576,
118758,
119031,
119576,
119940,
120849,
121394,
121576,
121758,
124394,
124576,
124849,
125394,
125758,
135394,
136122,
137758,
138122,
138849,
139031,
139576,
140667,
141758,
141940,
142485,
142667,
142849,
143212,
143758,
144758,
144940,
145576,
148303,
148485,
148849,
151212,
151758,
160667,
163758,
169394,
171576,
177212,
177940,
184667,
185576,
186667,
187031,
187394,
188303,
188849,
189212,
189576,
190303,
191212,
191758,
192122,
193576,
194122,
194576,
194940,
195394,
195576,
206849,
207212,
207940,
208485,
209212,
209940,
211031,
211576,
212303,
213031,
213758,
214303,
215031,
215758,
216849,
217394,
218485,
218849,
224758,
224940,
226167,
228758,
229212,
230758,
231031,
235303,
235667,
236122,
236303,
236758,
237122,
239940,
240485,
249576,
262485,
267758,
268485,
273940,
275940,
276849,
279758,
281940,
282485,
283212,
284849,
285394,
286303,
287031,
287576,
289394,
290667,
291212,
291576,
293212,
294303,
295212,
295576,
297031,
297758,
297940,
298485,
299576,
299940,
300303,
300667,

2 Column Release Times:
4303,
5031,
7212,
7940,
10122,
10849,
13031,
13758,
15758,
16031,
16303,
17212,
17485,
17940,
18940,
19212,
20394,
20667,
21576,
21849,
22576,
22758,
23031,
24031,
24485,
24758,
24940,
25667,
26485,
27485,
27849,
28212,
32031,
32212,
32485,
32849,
34849,
35212,
36212,
36576,
36940,
37758,
38031,
38303,
38758,
39576,
40122,
40303,
40667,
41212,
42940,
43122,
43394,
43667,
43849,
44303,
44849,
45576,
45940,
46122,
46485,
47031,
48758,
48940,
49212,
49485,
49667,
50122,
54122,
54849,
62122,
62849,
63394,
63576,
63940,
65212,
66212,
66394,
66940,
67122,
67394,
67849,
68303,
69212,
69394,
70122,
72758,
72940,
73394,
75758,
76303,
88303,
93940,
96122,
101758,
102485,
114031,
114212,
114394,
114667,
115394,
115667,
115849,
116122,
118667,
118849,
119212,
119758,
120212,
121031,
121485,
121667,
121940,
124485,
124667,
125031,
125576,
126031,
135576,
136303,
137940,
138303,
138940,
139122,
139758,
140849,
141849,
142031,
142576,
142758,
143031,
143485,
143940,
144849,
145031,
145758,
148394,
148576,
149031,
151394,
151940,
160758,
163940,
169576,
171758,
177394,
178122,
185031,
185758,
186849,
187212,
187576,
188667,
189031,
189394,
189758,
190485,
191576,
191940,
192303,
193758,
194485,
194667,
195031,
195485,
195667,
207122,
207485,
208122,
208667,
209394,
210122,
211212,
211758,
212485,
213394,
213940,
214485,
215212,
215940,
217031,
217576,
218758,
219122,
224849,
225031,
226258,
228849,
229394,
230849,
231122,
235394,
235758,
236212,
236394,
236849,
237212,
240122,
240667,
249940,
262667,
267940,
268667,
274303,
276122,
277031,
279940,
282122,
282667,
283394,
285031,
285576,
286485,
287212,
287758,
289576,
290849,
291394,
291758,
293394,
294485,
295394,
295758,
297212,
297849,
298031,
298667,
299667,
300031,
300394,
303576,

3 Column Hit Times:
8576,
8849,
9303,
14394,
14667,
15122,
16667,
16940,
18303,
19758,
21031,
21303,
28394,
28576,
28849,
29212,
29394,
29758,
30303,
30667,
30849,
31212,
31394,
31576,
32849,
33031,
33394,
33576,
33758,
34212,
35212,
35394,
35849,
37031,
37212,
39212,
40667,
40849,
41031,
41212,
41394,
41576,
41849,
42212,
42667,
44667,
44849,
45031,
46485,
46849,
47031,
47212,
47394,
47576,
47758,
47940,
48122,
48485,
50485,
50849,
51031,
51212,
51394,
51940,
52122,
52303,
52667,
53031,
53394,
53758,
54122,
54303,
54849,
55031,
55212,
55576,
56122,
56485,
57031,
57212,
57576,
57940,
58303,
58485,
59031,
59212,
59394,
59576,
60122,
60303,
60849,
61031,
61212,
61394,
61758,
62849,
63576,
64303,
64485,
64667,
64849,
65031,
65394,
66667,
68303,
69394,
69940,
70122,
70394,
70849,
71212,
71394,
71576,
72122,
73758,
73940,
74303,
74485,
75212,
76122,
76667,
77031,
77212,
77758,
78122,
78667,
79031,
79576,
79940,
80303,
80667,
81394,
81576,
81758,
82122,
82303,
82485,
82667,
83212,
83394,
83758,
84122,
84485,
85394,
85667,
86122,
86303,
86576,
86849,
87031,
87576,
87940,
88303,
88485,
88758,
88940,
89303,
89667,
89849,
90031,
90303,
90485,
90667,
90849,
91031,
91212,
91485,
91940,
92122,
92394,
92667,
93212,
93394,
93576,
93758,
94122,
94394,
94849,
95031,
95303,
95576,
95940,
96122,
96485,
97122,
97394,
97576,
97758,
97940,
98122,
98303,
98485,
98667,
98849,
99212,
99758,
99940,
100122,
100394,
100667,
100849,
101031,
101212,
101394,
101576,
102303,
102940,
103212,
103394,
103667,
103849,
104212,
104485,
104667,
104849,
105031,
105394,
105758,
105940,
106122,
106303,
106485,
106667,
106940,
107212,
107394,
107758,
108667,
109031,
109394,
109758,
110485,
111031,
111212,
111576,
111940,
112303,
112667,
113031,
113394,
114485,
114667,
114849,
115394,
116940,
117212,
117394,
117576,
117758,
117940,
118122,
120667,
120849,
122303,
122758,
123031,
123303,
123667,
123940,
126122,
126303,
126667,
126849,
127212,
127394,
127758,
128122,
128303,
128485,
128667,
129031,
129212,
130122,
130667,
131031,
131576,
131758,
131940,
132122,
132303,
132667,
132849,
133031,
133394,
133758,
134122,
134303,
134667,
134849,
135031,
135576,
135758,
136303,
136485,
137031,
137212,
137940,
138122,
138667,
139758,
139940,
140212,
140485,
140667,
141031,
142303,
143940,
145031,
145576,
145758,
146031,
146485,
146849,
147031,
147212,
147758,
149394,
149576,
149940,
150122,
150849,
151758,
152303,
152667,
152849,
153394,
153758,
154303,
154667,
155212,
155576,
155940,
156303,
157031,
157212,
157394,
157758,
157940,
158122,
158303,
158849,
159031,
159394,
159758,
160122,
161031,
161303,
161758,
161940,
162212,
162485,
162667,
163212,
163576,
163940,
164122,
164394,
164576,
164940,
165303,
165485,
165667,
165940,
166122,
166303,
166485,
166667,
166849,
167122,
167576,
167758,
168031,
168303,
168849,
169031,
169212,
169394,
169758,
170031,
170485,
170667,
170940,
171212,
171576,
171758,
172122,
172758,
173031,
173212,
173394,
173576,
173758,
173940,
174122,
174303,
174485,
174849,
175394,
175576,
175758,
176031,
176303,
176485,
176667,
176849,
177031,
177212,
177940,
178576,
178849,
179031,
179303,
179485,
179849,
180122,
180303,
180485,
180667,
181031,
181394,
181576,
181758,
181940,
182122,
182303,
182576,
182849,
183031,
183394,
195940,
196667,
197394,
198122,
198303,
198485,
198849,
199576,
200122,
201031,
201212,
201394,
201758,
202485,
203212,
203940,
204122,
204303,
204667,
205394,
206122,
206485,
206667,
207576,
207758,
208485,
209031,
209758,
211212,
211758,
211940,
212485,
212667,
213394,
213576,
214303,
214849,
215031,
215576,
216485,
217031,
217758,
218122,
218303,
219394,
219637,
219879,
220122,
220364,
220606,
220758,
220940,
221122,
221303,
221485,
221667,
221849,
222031,
222303,
222546,
222788,
222940,
223122,
223303,
223485,
223758,
223985,
224167,
224303,
224485,
226485,
226667,
227394,
228303,
228667,
229394,
229758,
230122,
231576,
231758,
232303,
232576,
233031,
233394,
233758,
234031,
234394,
234667,
234940,
235212,
236667,
237031,
237394,
237758,
237940,
238122,
238303,
238667,
238849,
239576,
240485,
241031,
241394,
241576,
242122,
242485,
243031,
243394,
243940,
244303,
244667,
245031,
245758,
245940,
246122,
246485,
246667,
246849,
247031,
247576,
247758,
248122,
248485,
248849,
250122,
250303,
251212,
251394,
251667,
251849,
252212,
252576,
253031,
253394,
253576,
254394,
254849,
255031,
255303,
255576,
255758,
255940,
256122,
256303,
256485,
256758,
257031,
257212,
257485,
257667,
258031,
258394,
258667,
258849,
259212,
259394,
259940,
260122,
260394,
260576,
260940,
261303,
261576,
262122,
262303,
262485,
262667,
262849,
263031,
263212,
263394,
263667,
263940,
264122,
264303,
264667,
264849,
265212,
265394,
265758,
265940,
266122,
266303,
266485,
266667,
266940,
267212,
267758,
267940,
268485,
268667,
268940,
269303,
269758,
269940,
270122,
270667,
270849,
271031,
271212,
271576,
271758,
272031,
272303,
272485,
272667,
272849,
273212,
273394,
273576,
273940,
274940,
275212,
275667,
275940,
277031,
277212,
277576,
277758,
279394,
279940,
280122,
280667,
280849,
282122,
282485,
283031,
283394,
283576,
283940,
284303,
287576,
287758,
288122,
288849,
289212,
289576,
290122,
290303,
292303,
292485,
293031,
293394,
293576,
293940,
294122,
294303,
294667,
295758,
296122,
296485,
296667,
296849,
297031,
299212,

3 Column Long Note Times:
4303,
5031,
7212,
7940,
10122,
10849,
13031,
13758,
16303,
17303,
17576,
18485,
18758,
19212,
19940,
20212,
20667,
21667,
21940,
22122,
22394,
23122,
24122,
24303,
25031,
25303,
25576,
25758,
27212,
27576,
27940,
31940,
32122,
32485,
34485,
34849,
37394,
37758,
38303,
38849,
39576,
39940,
40122,
40303,
42940,
43122,
43394,
43940,
44303,
45212,
45758,
45940,
46122,
48758,
48940,
49212,
49758,
50122,
59758,
60485,
62122,
62485,
63212,
63394,
63940,
65576,
65940,
66212,
66394,
66849,
67394,
67940,
68667,
69031,
69212,
69576,
72303,
72667,
72849,
73031,
73394,
75394,
75758,
76303,
96667,
101940,
102667,
108122,
113940,
114122,
114303,
115031,
115667,
115849,
116122,
116667,
118485,
118667,
118849,
119212,
119394,
119758,
120303,
121031,
121485,
121667,
121940,
122485,
124303,
124485,
124667,
125031,
125212,
125576,
129576,
130303,
137394,
138303,
138940,
139122,
139394,
141212,
141576,
141849,
142031,
142485,
143031,
143576,
144303,
144667,
144849,
145212,
147940,
148303,
148485,
148667,
149031,
151031,
151394,
151940,
172303,
177576,
178303,
183758,
184485,
184849,
185212,
185758,
186303,
186849,
187576,
188667,
189031,
189394,
189758,
190667,
191031,
191394,
191940,
192667,
193212,
193758,
194303,
194667,
194849,
195031,
195303,
206849,
207212,
208122,
208667,
209394,
210122,
210849,
211394,
212122,
212849,
213940,
214485,
215212,
215940,
216667,
217212,
218485,
218849,
224667,
224849,
226122,
227031,
228849,
229122,
230667,
231212,
235394,
235576,
236031,
236394,
236849,
237212,
239758,
240122,
240667,
249576,
253940,
259576,
261758,
267394,
268122,
276122,
276667,
278122,
279031,
281758,
282667,
284667,
285576,
286122,
286485,
286667,
287212,
288303,
289758,
290485,
290849,
291394,
291758,
294849,
295212,
297576,
298122,
298303,
298667,
299576,
299758,
299940,
300303,
300667,

3 Column Release Times:
4667,
5394,
7576,
8303,
10485,
11212,
13394,
14122,
16485,
17485,
17758,
18667,
18940,
19394,
20122,
20394,
20849,
21849,
22031,
22303,
22576,
23303,
24212,
24485,
25212,
25485,
25667,
26122,
27485,
27849,
28212,
32031,
32212,
32667,
34667,
35031,
37576,
37849,
38485,
39031,
39758,
40031,
40212,
40485,
43031,
43212,
43576,
44122,
44576,
45394,
45849,
46031,
46303,
48849,
49031,
49394,
49940,
50394,
59940,
60667,
62303,
62667,
63303,
63485,
64122,
65758,
66122,
66303,
66485,
66940,
67576,
68122,
68849,
69122,
69303,
69758,
72485,
72758,
72940,
73212,
73667,
75576,
75940,
76485,
96849,
102122,
102849,
108485,
114031,
114212,
114394,
115212,
115758,
115940,
116303,
116849,
118576,
118758,
119031,
119303,
119485,
119940,
120485,
121212,
121576,
121758,
122122,
122667,
124394,
124576,
124849,
125122,
125303,
125758,
129758,
130485,
137758,
138485,
139031,
139212,
139576,
141394,
141758,
141940,
142122,
142576,
143212,
143758,
144485,
144758,
144940,
145394,
148122,
148394,
148576,
148849,
149303,
151212,
151576,
152122,
172485,
177758,
178485,
184122,
184667,
185031,
185394,
186122,
186485,
187212,
187940,
188849,
189212,
189576,
189940,
190849,
191212,
191576,
192303,
193031,
193394,
194122,
194485,
194758,
194940,
195122,
195394,
207122,
207485,
208303,
208849,
209576,
210485,
211031,
211576,
212303,
213031,
214122,
214667,
215394,
216303,
216849,
217394,
218758,
219122,
224758,
224940,
226212,
227212,
229031,
229212,
230758,
231303,
235485,
235667,
236122,
236485,
236940,
237303,
239940,
240303,
240849,
249940,
254122,
259758,
261940,
267576,
268303,
276303,
276849,
278485,
279212,
281940,
282849,
284849,
285758,
286303,
286576,
286758,
287485,
288485,
289940,
290667,
291031,
291576,
291940,
295031,
295394,
297758,
298212,
298394,
298940,
299667,
299849,
300031,
300394,
303576,

4 Column Hit Times:
16667,
16940,
18303,
19758,
21031,
21303,
28394,
28576,
29031,
29394,
29576,
29940,
31031,
31212,
31394,
31576,
32485,
32849,
33031,
33394,
33576,
33940,
34212,
35212,
35576,
35758,
38849,
39576,
40303,
41031,
41212,
41394,
41758,
41940,
42122,
42303,
42485,
45394,
45576,
46122,
46849,
47031,
47212,
47576,
47758,
47940,
48122,
48303,
50667,
51212,
51758,
51940,
52485,
52849,
53212,
53940,
54667,
54849,
55394,
55576,
55758,
56303,
56667,
56849,
57394,
57758,
58122,
58303,
58667,
58849,
59212,
59940,
60667,
61031,
61212,
61758,
61940,
62122,
62485,
63940,
64485,
64667,
65031,
65212,
65758,
68122,
68667,
69758,
70394,
70667,
71031,
71212,
71758,
71940,
73940,
74485,
74849,
75031,
75394,
75576,
76303,
77394,
77940,
78122,
78485,
78849,
79394,
79758,
80303,
80667,
81031,
81212,
82485,
82667,
84303,
84485,
85485,
85758,
85940,
86122,
86303,
86485,
86667,
86849,
87031,
87212,
87394,
88303,
88485,
88667,
88849,
89122,
89394,
89576,
89758,
89940,
90122,
90394,
90576,
90758,
91122,
91303,
91576,
91758,
91940,
92122,
92303,
92485,
92667,
92849,
93031,
93758,
94212,
94485,
94667,
94849,
95031,
95212,
95394,
95940,
96303,
96849,
97031,
97212,
97485,
97667,
98031,
98394,
98849,
99031,
99212,
99576,
100031,
100303,
100485,
100758,
100940,
101303,
101576,
102122,
102303,
102849,
103031,
103212,
103394,
103576,
103758,
104031,
104303,
104485,
104667,
105031,
105576,
105849,
106031,
106394,
106849,
107031,
107212,
107576,
107758,
108485,
108667,
109031,
109394,
109576,
111576,
111940,
112303,
112485,
112667,
115031,
115212,
116122,
116303,
116940,
117212,
117394,
117576,
117758,
117940,
118849,
119031,
121031,
121940,
122122,
122758,
123031,
123212,
123394,
123576,
123758,
124667,
124849,
126122,
126485,
127031,
127212,
127576,
127940,
128303,
128849,
129212,
129758,
129940,
130485,
130849,
131212,
131394,
131576,
131940,
132485,
132667,
133212,
133394,
133576,
134122,
134485,
135394,
136122,
136303,
136667,
137031,
137212,
137576,
137758,
138303,
138485,
139394,
139576,
140212,
140667,
140849,
141394,
143758,
144303,
145394,
146031,
146303,
146667,
146849,
147394,
147576,
149576,
150122,
150485,
150667,
151031,
151212,
151940,
153031,
153576,
153758,
154122,
154485,
155031,
155394,
155940,
156303,
156667,
156849,
158122,
158303,
159940,
160122,
161122,
161394,
161576,
161758,
161940,
162122,
162303,
162485,
162667,
162849,
163031,
163940,
164122,
164303,
164485,
164758,
165031,
165212,
165394,
165576,
165758,
166031,
166212,
166394,
166758,
166940,
167212,
167394,
167576,
167758,
167940,
168122,
168303,
168485,
168667,
169394,
169849,
170122,
170303,
170485,
170667,
170849,
171031,
171576,
171940,
172485,
172667,
172849,
173122,
173303,
173667,
174031,
174485,
174667,
174849,
175212,
175667,
175940,
176122,
176394,
176576,
176940,
177212,
177758,
177940,
178485,
178667,
178849,
179031,
179212,
179394,
179667,
179940,
180122,
180303,
180667,
181212,
181485,
181667,
182031,
182485,
182667,
182849,
183212,
183394,
184122,
196122,
196303,
196485,
196849,
197031,
197212,
197576,
197758,
197940,
198667,
199031,
199212,
199394,
199758,
199940,
200303,
200485,
200667,
200849,
201576,
201940,
202122,
202303,
202667,
202849,
203031,
203394,
203576,
203758,
204485,
204849,
205031,
205212,
205576,
205758,
205940,
206122,
206303,
207576,
207940,
208303,
209212,
209940,
210485,
211031,
211576,
212303,
213031,
213394,
213758,
214122,
214485,
215212,
215758,
216303,
216849,
217576,
217758,
217940,
219334,
219576,
219819,
220061,
220303,
220546,
220803,
220985,
221167,
221349,
221531,
221712,
221894,
222076,
222243,
222485,
222728,
222985,
223167,
223349,
223531,
223697,
223940,
224122,
224303,
227031,
228849,
232485,
232667,
232849,
233031,
233212,
233576,
233849,
234212,
234485,
234849,
235212,
236303,
236758,
237122,
237576,
237758,
238303,
238849,
239212,
239394,
239758,
239940,
240667,
241758,
242303,
242485,
242849,
243212,
243758,
244122,
244667,
245031,
245394,
245576,
246849,
247031,
248667,
248849,
249576,
249940,
250303,
251212,
251394,
251576,
251758,
252031,
252303,
252485,
252667,
253031,
253394,
253758,
253940,
254212,
254485,
254667,
254849,
255031,
255212,
255394,
255576,
255758,
256031,
256303,
256485,
256667,
256849,
257031,
257212,
257394,
257576,
257849,
258122,
258303,
258485,
258849,
259031,
259212,
259758,
259940,
260122,
260303,
260485,
260758,
261031,
261212,
261394,
261576,
261940,
262485,
262849,
263122,
263576,
263758,
264031,
264303,
264485,
265031,
265212,
265758,
266031,
266394,
266849,
267031,
267576,
268303,
268667,
268849,
269122,
269394,
269576,
269758,
269940,
270122,
270485,
271031,
271212,
271394,
271576,
271940,
272122,
272394,
272576,
272940,
273212,
273758,
273940,
275940,
276122,
276849,
277758,
277940,
278303,
279576,
279758,
280303,
280667,
281031,
281394,
281940,
282485,
282667,
283031,
283212,
284122,
284667,
285031,
285394,
285940,
288485,
288667,
290303,
291940,
292303,
292667,
292849,
293212,
293758,
294485,
295394,
295576,
295940,
296849,
297576,
299031,
299212,

4 Column Long Note Times:
5758,
6485,
8667,
9394,
11576,
12303,
14485,
15212,
16303,
17576,
18485,
19212,
19940,
20667,
21940,
22122,
23394,
23576,
23849,
24122,
24576,
24849,
25758,
26485,
27212,
27576,
27940,
30303,
30667,
31940,
32122,
34485,
34849,
35940,
36303,
36667,
37758,
37940,
38122,
38485,
39212,
39940,
40122,
40667,
42667,
42940,
43122,
43576,
43758,
44303,
44849,
45758,
45940,
46485,
48485,
48758,
48940,
49394,
49576,
50122,
53394,
54122,
59576,
60303,
62849,
63212,
63394,
63576,
64122,
65394,
66212,
66394,
66667,
67031,
67212,
67576,
68303,
69031,
69212,
69394,
70122,
72122,
72485,
72849,
73394,
75940,
76667,
81758,
83758,
87940,
93940,
95576,
99758,
101758,
102485,
107940,
113394,
114667,
115394,
115667,
115849,
116485,
118122,
118485,
118667,
119212,
119394,
119576,
119940,
120667,
121212,
121485,
121667,
122303,
123940,
124303,
124485,
125031,
125212,
125394,
125758,
129394,
130122,
134849,
135576,
137940,
138667,
138940,
139122,
139940,
141031,
141849,
142031,
142303,
142667,
142849,
143212,
143940,
144667,
144849,
145031,
145758,
147758,
148122,
148485,
149031,
151576,
152303,
157394,
159394,
160849,
163576,
169576,
171212,
175394,
177394,
178122,
183576,
184303,
185031,
185940,
186485,
187940,
188485,
189031,
189758,
190122,
190849,
192485,
192849,
193394,
194758,
195212,
206849,
208849,
209576,
210667,
211212,
211940,
212667,
214667,
215394,
216485,
217031,
218485,
224667,
224849,
225758,
226485,
227212,
229031,
229394,
230849,
231031,
231212,
235485,
235940,
236485,
236940,
237303,
240303,
241031,
246122,
248122,
262122,
265394,
267212,
267940,
274303,
276485,
277394,
278849,
281576,
283576,
286485,
286667,
286849,
287212,
287758,
288122,
289031,
289394,
289758,
290667,
291212,
293394,
294122,
294849,
296303,
297212,
297758,
297940,
298122,
298303,
298485,
299758,
299940,
300303,
300667,

4 Column Release Times:
6122,
6849,
9031,
9758,
11940,
12667,
14849,
15576,
16485,
17758,
18667,
19394,
20122,
20849,
22031,
22303,
23485,
23758,
24031,
24212,
24758,
24940,
26122,
26849,
27485,
27849,
28212,
30485,
30849,
32031,
32212,
34667,
35031,
36212,
36576,
36940,
37849,
38031,
38303,
38758,
39394,
40031,
40212,
40849,
42849,
43031,
43212,
43667,
43849,
44576,
45031,
45849,
46031,
46667,
48667,
48849,
49031,
49485,
49667,
50394,
53758,
54485,
59758,
60485,
63031,
63303,
63485,
63758,
64303,
65576,
66303,
66485,
66849,
67122,
67394,
67849,
68485,
69122,
69303,
69576,
70303,
72303,
72667,
72940,
73667,
76122,
77212,
82122,
84122,
88122,
94122,
95758,
99940,
101940,
102667,
108122,
113758,
114849,
115576,
115758,
115940,
116667,
118303,
118576,
118758,
119303,
119485,
119758,
120212,
120849,
121394,
121576,
121758,
122485,
124122,
124394,
124576,
125122,
125303,
125576,
126031,
129576,
130303,
135212,
135940,
138122,
138849,
139031,
139212,
140122,
141212,
141940,
142122,
142485,
142758,
143031,
143485,
144122,
144758,
144940,
145212,
145940,
147940,
148303,
148576,
149303,
151758,
152849,
157758,
159758,
161031,
163758,
169758,
171394,
175576,
177576,
178303,
183758,
184667,
185394,
186122,
186849,
188303,
188667,
189212,
189940,
190485,
191212,
192667,
193031,
193758,
194849,
195303,
207122,
209031,
209758,
210849,
211394,
212122,
212849,
214849,
215576,
216667,
217212,
218758,
224758,
224940,
226167,
226849,
228667,
229122,
230667,
230940,
231122,
232303,
235576,
236031,
236576,
237031,
237394,
240485,
241576,
246485,
248485,
262303,
265576,
267394,
268122,
275758,
276667,
277576,
279031,
281758,
283758,
286576,
286758,
287031,
287485,
287940,
288303,
289212,
289576,
289940,
290849,
291394,
293576,
294303,
295031,
296667,
297394,
297849,
298031,
298212,
298394,
298667,
299849,
300031,
300394,
303576,

