Artist : hololive
Song Name : hololive song pack
Difficulty : 0
BPM : 190
Background Image : charts\hololive-hololive song pack\Remote Control - Tokino Sora & ConRoboco-san.png
Audio : charts\hololive-hololive song pack\Remote Control - Tokino Sora & ConRoboco-san.ogg

1 Column Hit Times:
28303,
28667,
29212,
29758,
31303,
31485,
31758,
32303,
33031,
33758,
34122,
34485,
35394,
39576,
40667,
41576,
42122,
42303,
44667,
46485,
47394,
47940,
48122,
50849,
51394,
52303,
52667,
53212,
54122,
54849,
55212,
55940,
56849,
57576,
58122,
58849,
60667,
61394,
61576,
62849,
63940,
64849,
67940,
68303,
70122,
70485,
70849,
71394,
71940,
73758,
74303,
74667,
75940,
78667,
78849,
79576,
80303,
80849,
81394,
81576,
83212,
83394,
84122,
84303,
85394,
85576,
86122,
86485,
86849,
87212,
87576,
88667,
89031,
89576,
90485,
90667,
91031,
91212,
91576,
92122,
92303,
92667,
93576,
93940,
94303,
94849,
95212,
97031,
97394,
97940,
98485,
98849,
99212,
99940,
100303,
100849,
101031,
101394,
101576,
101940,
102122,
102849,
103394,
103940,
104122,
105394,
105758,
106122,
106849,
107394,
107758,
109758,
110122,
111212,
114485,
115212,
115940,
116667,
117031,
117394,
117576,
120303,
121031,
121758,
122485,
122849,
123576,
123758,
126303,
126849,
127394,
128122,
128485,
130485,
131031,
131940,
132303,
132485,
133031,
133394,
133758,
133940,
134303,
134485,
134849,
135576,
136303,
136849,
137394,
137758,
139576,
140485,
143940,
146485,
147031,
147212,
149758,
150303,
151576,
153940,
154303,
154849,
155576,
155940,
157031,
157212,
158849,
159031,
159940,
160122,
161031,
161394,
161940,
162849,
163031,
163394,
164303,
164667,
165031,
165394,
165576,
166122,
166303,
166849,
167212,
167576,
167940,
168303,
168667,
169758,
170122,
170849,
172667,
173212,
173394,
174849,
175212,
175576,
176303,
176667,
177031,
177940,
178303,
178485,
178849,
179212,
179576,
179940,
180485,
181394,
181758,
182122,
183212,
183576,
184485,
185940,
186667,
188122,
190667,
192485,
196122,
196303,
196485,
196849,
197031,
197212,
197576,
197758,
197940,
199031,
199212,
199394,
199758,
199940,
200303,
200485,
200667,
200849,
201940,
202122,
202303,
202667,
202849,
203031,
203394,
203576,
203758,
204849,
205031,
205212,
205576,
205758,
205940,
206485,
210485,
211212,
216303,
218122,
218303,
224667,
224849,
226485,
226849,
227031,
227940,
228122,
228667,
229031,
229394,
229576,
230485,
230849,
231212,
231576,
231940,
232667,
232940,
233303,
233667,
233940,
234122,
234303,
234667,
234849,
235212,
235940,
236303,
237031,
237212,
238485,
239212,
240303,
243031,
244122,
244667,
245031,
245758,
245940,
248667,
249576,
250303,
251394,
251940,
252303,
254122,
254485,
254667,
255212,
255576,
255758,
256303,
256485,
257031,
257394,
257758,
258122,
259031,
259394,
260303,
260667,
261031,
262849,
263576,
264303,
265212,
266122,
266667,
267394,
267758,
268122,
268485,
268667,
269031,
269394,
269940,
270303,
270667,
271031,
271940,
272303,
272667,
273031,
273394,
276303,
276667,
277394,
278485,
278849,
280303,
281031,
281758,
282849,
283576,
285394,
285758,
288303,
291576,
292303,
293394,
294485,
295212,
297394,
297576,
299212,

1 Column Long Note Times:
3940,
4667,
7576,
8667,
9758,
10485,
13394,
14485,
15576,
15849,
16122,
17031,
17303,
17576,
19212,
20667,
21031,
21940,
22849,
23576,
23940,
24849,
25758,
26849,
27576,
30122,
30849,
35940,
36303,
36667,
37394,
38122,
38485,
39031,
39758,
40849,
42485,
43212,
44303,
45031,
45576,
46667,
48303,
49031,
49394,
49576,
50485,
51940,
53758,
54485,
56303,
59212,
59940,
62303,
63031,
64303,
65212,
65758,
66485,
67394,
68485,
68849,
69758,
72303,
73031,
73394,
75212,
76485,
77212,
82122,
88122,
93031,
95576,
96303,
96667,
99576,
104667,
108485,
113031,
113940,
114122,
114303,
114849,
116303,
118303,
119031,
120485,
122122,
124122,
124849,
125758,
129031,
129758,
135212,
135940,
138485,
139212,
139758,
140849,
141394,
142122,
143212,
144122,
144485,
145394,
147576,
147940,
149031,
150849,
152122,
152849,
157758,
160667,
169031,
171212,
171758,
172303,
174122,
180667,
185394,
187576,
189394,
189758,
191212,
193758,
194667,
195031,
195485,
206849,
207758,
208303,
209031,
209758,
211758,
212485,
213576,
214122,
214849,
215576,
217576,
218849,
219212,
222122,
223576,
223940,
224303,
224485,
225758,
235576,
236576,
239576,
240849,
241576,
246485,
248122,
253031,
253758,
258485,
259758,
261394,
261940,
262485,
264667,
265576,
273758,
274303,
275758,
277758,
279576,
282303,
283940,
286122,
286485,
286667,
287576,
288485,
289031,
290485,
291031,
293576,
293940,
295576,
296667,
298122,
298303,
299576,
299758,
300667,

1 Column Release Times:
4303,
5031,
7940,
9031,
10122,
10849,
13758,
14849,
15758,
16031,
16303,
17212,
17485,
17758,
19394,
20849,
21212,
22122,
23031,
23758,
24122,
25031,
26122,
27212,
27758,
30303,
31031,
36122,
36485,
36849,
37576,
38303,
38758,
39212,
39940,
41031,
42667,
43394,
44576,
45212,
45758,
46849,
48485,
49212,
49485,
49758,
50667,
52122,
53940,
54667,
56485,
59576,
60303,
62485,
63212,
64485,
65394,
65940,
66667,
67576,
68667,
69031,
69940,
72485,
73212,
73667,
75394,
76667,
78122,
82485,
88303,
93394,
95758,
96485,
96849,
99758,
105031,
109576,
113394,
114031,
114212,
114394,
115031,
116485,
118485,
119212,
120667,
122303,
124303,
125031,
126031,
129394,
130122,
135394,
136122,
138667,
139394,
139940,
141031,
141576,
142303,
143485,
144303,
144667,
145576,
147758,
148122,
149303,
151031,
152303,
153758,
158122,
160758,
169394,
171394,
171940,
172485,
174485,
181031,
185576,
187758,
189576,
189940,
191394,
193940,
194758,
195212,
195576,
207122,
207940,
208485,
209212,
209940,
211940,
212667,
213758,
214303,
215031,
215758,
217758,
219122,
220576,
222758,
223849,
224212,
224394,
224576,
226122,
235667,
236667,
239758,
241031,
242485,
246849,
248485,
253394,
253940,
258849,
259940,
261576,
262122,
262667,
265031,
265758,
273940,
275394,
275940,
277940,
279758,
282485,
284303,
286303,
286576,
286849,
287758,
288667,
289212,
290667,
291212,
293758,
294122,
295758,
297031,
298212,
298394,
299667,
299849,
303576,

2 Column Hit Times:
27394,
28485,
28667,
28940,
29576,
30122,
30667,
31576,
32485,
33031,
33576,
33940,
34212,
34394,
35485,
41303,
41758,
41940,
42212,
45031,
47122,
47576,
47758,
48031,
50485,
51031,
51576,
53031,
53576,
54485,
55576,
56303,
56667,
57031,
57394,
57758,
57940,
58485,
59031,
59576,
59940,
60667,
61212,
64303,
64576,
65394,
65758,
69758,
70303,
70849,
71940,
73758,
74122,
74849,
76849,
77031,
77394,
78122,
78303,
78667,
79576,
80122,
80485,
81031,
81758,
83212,
83394,
83758,
84485,
85394,
85758,
86303,
87394,
87758,
88849,
89212,
89758,
89940,
90303,
90849,
91212,
91940,
93031,
93394,
94122,
94485,
95394,
97576,
98122,
99031,
99576,
99940,
100303,
100667,
101212,
101758,
102303,
102667,
103031,
103212,
103576,
103940,
104303,
104849,
105212,
105576,
105940,
106485,
106667,
107031,
107394,
107576,
107940,
109758,
110122,
110849,
112485,
113031,
116849,
117485,
117758,
117940,
122667,
123212,
123394,
123667,
123940,
126122,
126485,
126849,
127576,
127758,
127940,
128667,
129394,
129758,
130849,
131212,
131576,
131758,
132667,
133576,
134667,
135212,
135940,
136485,
136667,
137031,
138485,
139212,
140122,
140303,
141031,
143576,
145394,
145940,
146122,
146849,
149394,
150122,
152303,
152849,
153758,
154303,
155212,
155758,
156122,
156485,
156667,
157394,
158122,
158303,
159394,
159758,
160122,
161031,
161212,
161758,
162122,
163212,
163576,
164485,
165031,
165394,
165576,
165940,
166485,
166849,
167031,
167758,
168485,
169031,
169758,
170303,
170667,
173031,
173758,
173940,
174485,
175394,
175576,
175940,
176122,
176849,
177212,
177576,
177758,
178122,
178485,
179031,
179576,
180667,
181031,
181394,
181940,
182485,
182667,
183031,
183212,
183394,
183758,
184849,
185576,
187394,
188485,
191031,
193576,
194303,
195940,
198122,
198485,
198849,
201031,
201394,
201758,
203940,
204303,
204667,
206122,
207576,
209758,
210485,
210667,
211940,
215576,
216303,
217758,
217940,
224667,
224849,
226122,
226849,
227212,
227576,
227758,
228758,
229212,
230122,
230303,
230849,
231031,
231940,
232303,
232485,
232667,
233031,
233212,
233394,
233576,
233849,
234212,
234394,
234576,
234940,
237122,
237303,
237576,
237758,
237940,
238122,
238667,
239031,
239576,
241031,
241576,
242303,
242667,
242849,
243576,
243940,
244485,
245031,
245394,
246122,
246849,
247031,
247576,
247758,
248485,
248849,
249940,
250122,
250303,
251212,
251576,
251940,
252667,
252849,
253394,
253758,
254122,
255031,
255940,
256122,
256667,
257031,
257576,
258303,
258849,
260122,
260667,
261212,
262849,
263212,
263394,
263940,
264122,
264667,
265031,
265940,
266485,
266849,
267212,
267576,
267940,
268303,
268849,
269394,
269758,
270122,
271576,
271758,
272485,
273031,
273576,
278122,
279212,
280667,
281394,
281758,
287576,
287940,
289031,
290122,
291212,
294849,
296303,
296485,
297031,
297394,
299212,
300667,

2 Column Long Note Times:
5758,
6485,
7940,
9394,
11576,
12303,
13758,
15212,
16303,
17031,
17303,
17576,
18122,
19212,
19576,
19940,
20212,
20485,
21667,
21940,
22849,
23122,
23576,
23940,
24303,
24576,
25031,
25394,
26485,
27940,
34667,
35031,
35940,
36303,
36667,
37576,
38303,
39394,
40031,
40212,
40485,
41031,
42849,
43031,
43212,
43576,
43758,
44122,
44667,
45394,
45849,
46031,
46303,
46849,
48667,
48849,
49031,
49940,
52667,
53940,
54667,
61758,
62667,
63303,
63485,
63758,
65031,
66122,
66303,
66485,
66849,
67031,
67576,
68122,
69122,
69303,
69940,
71576,
72485,
75576,
76122,
86849,
87940,
93758,
95940,
96303,
96849,
98485,
114485,
115212,
115576,
115758,
115940,
118576,
118758,
119031,
119576,
119940,
120849,
121394,
121576,
121758,
124394,
124576,
124849,
125394,
135394,
136122,
137758,
138122,
138849,
139031,
139576,
140667,
141758,
141940,
142122,
142485,
142667,
143758,
144758,
144940,
145576,
148122,
148849,
151212,
151758,
162485,
163758,
169394,
171576,
171940,
172485,
174849,
179940,
184303,
185031,
186122,
186849,
187940,
188849,
189212,
190122,
191940,
192667,
193031,
194758,
195394,
206849,
207212,
207940,
208485,
209212,
209940,
211031,
211576,
212303,
213031,
213758,
214303,
215031,
215758,
216849,
217394,
218485,
219212,
220667,
222122,
222849,
223576,
224303,
235212,
235667,
235940,
236485,
239940,
240485,
259212,
261758,
262122,
262485,
265394,
270485,
271212,
273940,
275940,
276849,
279758,
281940,
282485,
283212,
284849,
285394,
286303,
287031,
289394,
290667,
291940,
292667,
293212,
294303,
295212,
297758,
297940,
298485,
299940,

2 Column Release Times:
6122,
6849,
8303,
9758,
11940,
12667,
14122,
15576,
16485,
17212,
17485,
17758,
18303,
19394,
19758,
20122,
20394,
20667,
21849,
22122,
23031,
23303,
23758,
24122,
24485,
24758,
25212,
25576,
26849,
28122,
34849,
35212,
36122,
36485,
36849,
37758,
38485,
39576,
40122,
40303,
40667,
41212,
42940,
43122,
43394,
43667,
43940,
44303,
44849,
45576,
45940,
46122,
46485,
47031,
48758,
48940,
49212,
50122,
52849,
54122,
54849,
62122,
62849,
63394,
63576,
63940,
65212,
66212,
66394,
66667,
66940,
67212,
67849,
68303,
69212,
69394,
70122,
71758,
72667,
75758,
76303,
87212,
88122,
93940,
96122,
96485,
97031,
98849,
114667,
115394,
115667,
115849,
116122,
118667,
118849,
119212,
119758,
120212,
121031,
121485,
121667,
121940,
124485,
124667,
125031,
125576,
135576,
136303,
137940,
138303,
138940,
139122,
139758,
140849,
141849,
142031,
142303,
142576,
142849,
143940,
144849,
145031,
145758,
148303,
149031,
151394,
151940,
162849,
163940,
169576,
171758,
172122,
172667,
175212,
180303,
184485,
185212,
186303,
187031,
188122,
189031,
189394,
190303,
192122,
192849,
193212,
194849,
195485,
207122,
207485,
208122,
208667,
209394,
210122,
211212,
211758,
212485,
213394,
213940,
214485,
215212,
215940,
217031,
217576,
218758,
220576,
222031,
222758,
223485,
223849,
224394,
235394,
235758,
236122,
236576,
240122,
240667,
259576,
261940,
262303,
262667,
265576,
270849,
271394,
274303,
276122,
277031,
279940,
282122,
282667,
283394,
285031,
285576,
286485,
287212,
289576,
290849,
292122,
292849,
293394,
294485,
295394,
297849,
298031,
298667,
300031,

3 Column Hit Times:
27758,
28849,
29031,
29667,
31212,
31576,
33212,
33485,
33667,
34303,
35212,
36485,
37031,
37212,
39212,
41212,
41394,
41849,
42122,
42303,
47031,
47212,
47667,
47940,
48122,
50849,
51212,
51576,
51940,
52122,
52303,
53031,
53394,
53758,
54303,
55031,
55212,
55576,
55940,
56122,
56485,
57031,
57212,
58485,
58667,
59212,
59394,
60122,
60303,
60849,
61031,
61394,
63576,
64485,
69394,
70394,
71212,
72122,
74485,
75212,
76667,
77212,
77576,
77758,
78122,
79212,
79394,
79940,
81394,
82122,
82485,
82667,
83758,
84122,
84485,
85394,
86122,
86667,
87940,
88303,
88485,
89031,
89394,
90122,
90485,
90667,
91031,
91394,
91576,
91940,
92485,
94122,
94849,
95031,
97394,
97758,
98122,
98303,
99394,
100122,
100667,
101031,
101576,
101940,
102485,
102849,
103576,
104485,
104667,
105758,
106122,
106485,
107212,
107758,
108667,
109394,
110485,
111031,
111576,
111940,
112303,
112667,
113394,
114849,
116940,
117394,
117576,
117849,
118122,
120667,
122758,
123303,
123576,
123758,
126122,
126667,
127212,
128303,
128667,
129031,
129212,
130122,
130667,
131576,
131940,
132122,
132303,
132849,
133031,
133394,
133758,
134122,
135031,
135758,
137212,
138122,
139940,
145031,
145758,
146031,
146485,
146849,
147212,
147576,
149394,
149940,
150667,
152485,
152667,
153031,
153212,
153576,
154667,
155212,
156303,
157031,
157758,
158849,
159031,
159394,
159758,
160122,
161031,
161758,
162303,
162667,
163940,
164122,
164667,
165212,
165758,
166122,
166303,
166667,
166849,
167576,
168122,
168849,
169394,
169940,
170485,
171031,
172667,
173031,
173394,
174122,
175031,
175758,
176303,
176667,
177031,
177394,
177940,
178303,
178849,
179394,
180122,
180303,
180849,
181576,
181758,
182122,
182849,
183031,
183394,
185212,
186303,
187031,
187758,
190303,
192122,
196667,
197394,
198303,
199576,
200122,
201212,
202485,
203212,
204122,
205394,
206485,
206667,
207758,
209031,
212667,
213394,
213576,
214849,
216485,
217031,
218122,
218303,
224758,
224940,
226167,
226485,
226667,
227212,
227394,
227940,
228303,
228485,
228849,
229122,
229394,
229758,
229940,
230758,
231394,
231758,
232303,
232758,
233122,
233485,
233758,
234122,
234485,
234849,
235031,
236667,
236849,
238485,
238849,
239394,
241212,
241394,
241758,
241940,
242485,
243031,
243758,
244303,
244667,
245212,
245758,
246485,
246849,
247031,
247576,
247758,
248122,
248485,
248849,
250303,
251212,
251758,
252122,
252485,
253031,
253212,
253576,
254303,
254849,
255394,
256303,
256485,
256849,
257212,
257758,
257940,
258485,
258667,
259212,
259940,
260485,
260849,
262849,
263031,
263940,
264485,
265758,
266122,
266303,
267031,
267394,
267758,
268122,
268667,
269031,
269576,
270849,
271212,
272122,
272303,
272667,
273212,
273394,
273940,
275940,
277758,
279940,
282485,
283940,
287576,
290485,
290849,
292667,
293031,
293394,
293758,
294122,
296667,
296849,
299212,

3 Column Long Note Times:
5394,
6122,
7212,
9031,
11212,
11940,
13031,
14849,
16303,
16667,
17758,
18122,
18485,
18758,
19031,
19576,
20667,
21394,
21667,
22122,
22485,
23122,
23394,
24303,
24849,
26122,
27212,
30485,
31940,
32667,
34485,
34849,
37394,
37758,
37940,
38849,
39576,
39940,
40122,
40303,
42940,
43122,
43394,
45212,
45758,
45940,
46122,
48758,
48940,
49212,
49758,
50122,
59758,
60485,
62122,
62485,
63212,
63394,
63940,
65576,
65940,
66212,
66394,
66667,
67212,
67940,
68667,
69031,
69212,
69576,
71758,
72303,
72667,
72849,
73394,
75394,
75758,
76303,
87212,
92667,
93394,
95758,
96122,
96667,
98849,
105031,
108122,
113940,
114122,
114303,
115031,
115667,
115849,
116122,
116667,
118485,
118667,
118849,
119212,
119394,
119758,
120303,
121031,
121485,
121667,
121940,
122485,
124303,
124485,
124667,
125031,
125212,
125576,
129576,
130303,
137394,
138303,
138940,
139122,
139394,
141212,
141576,
141849,
142031,
142303,
143031,
143576,
144303,
144667,
144849,
145212,
147940,
148303,
148485,
149031,
151031,
151394,
151940,
163212,
168303,
171394,
171940,
172303,
174485,
181212,
183758,
184667,
185758,
188667,
189031,
190849,
191576,
193394,
194122,
194849,
195303,
207212,
208122,
208667,
209394,
210122,
210849,
211394,
212122,
212849,
213940,
214485,
215212,
215940,
216667,
217212,
218485,
219212,
220667,
222122,
222849,
223940,
224485,
235394,
235758,
236122,
236394,
239758,
240122,
240667,
249576,
253940,
259576,
261394,
261758,
262303,
265031,
270122,
271394,
276122,
276667,
278122,
279031,
281758,
282667,
284667,
285576,
286303,
286849,
287212,
288303,
289758,
291394,
291758,
297758,
297940,
298667,
300303,

3 Column Release Times:
5758,
6485,
7576,
9394,
11576,
12303,
13394,
15212,
16485,
16849,
17940,
18303,
18667,
18940,
19212,
19758,
20849,
21576,
21849,
22303,
22667,
23303,
23576,
24485,
25031,
26485,
27394,
30667,
32122,
33031,
34667,
35031,
37576,
37849,
38122,
39031,
39758,
40031,
40212,
40485,
43031,
43212,
43576,
45394,
45849,
46031,
46303,
48849,
49031,
49394,
49940,
50394,
59940,
60667,
62303,
62667,
63303,
63485,
64122,
65758,
66122,
66303,
66485,
66849,
67394,
68122,
68849,
69122,
69303,
69758,
71940,
72485,
72758,
73031,
73667,
75576,
75940,
76485,
87576,
93031,
93758,
95940,
96303,
96849,
99212,
105394,
108485,
114031,
114212,
114394,
115212,
115758,
115940,
116303,
116849,
118576,
118758,
119031,
119303,
119576,
119940,
120485,
121212,
121576,
121758,
122122,
122667,
124394,
124576,
124849,
125122,
125394,
125758,
129758,
130485,
137758,
138485,
139031,
139212,
139576,
141394,
141758,
141940,
142122,
142485,
143212,
143758,
144485,
144758,
144940,
145394,
148122,
148394,
148667,
149303,
151212,
151576,
152122,
163576,
168667,
171576,
172122,
172485,
174849,
181394,
184122,
184849,
185940,
188849,
189212,
191031,
191758,
193576,
194303,
194940,
195394,
207485,
208303,
208849,
209576,
210485,
211031,
211576,
212303,
213031,
214122,
214667,
215394,
216303,
216849,
217394,
218758,
220576,
222031,
222758,
223485,
224212,
224576,
235576,
235849,
236303,
236485,
239940,
240303,
240849,
249940,
254122,
259758,
261576,
261940,
262485,
265394,
270485,
271576,
276303,
276849,
278485,
279212,
281940,
282849,
284849,
285758,
286485,
287031,
287485,
288485,
289940,
291576,
291940,
297849,
298031,
299031,
300394,

4 Column Hit Times:
27212,
28122,
28394,
28576,
29394,
29940,
30303,
31031,
31394,
33394,
33758,
35576,
35758,
36122,
36849,
38849,
40303,
41031,
41758,
41940,
42485,
45394,
46122,
46849,
47576,
47758,
48303,
50667,
51758,
52485,
52849,
54849,
55394,
55758,
56667,
57394,
57758,
58122,
58303,
58849,
61031,
61758,
62122,
62485,
64667,
65031,
68667,
70667,
71031,
71212,
71576,
73940,
74485,
75031,
77940,
78485,
79031,
79758,
80303,
80667,
81031,
81212,
82485,
82667,
84303,
84485,
85758,
85940,
86485,
87031,
88303,
88667,
89394,
89758,
89940,
90303,
91212,
91758,
92303,
92849,
93212,
93758,
94485,
94667,
95212,
97031,
97212,
97758,
98667,
100485,
101394,
102122,
102303,
102667,
103212,
103758,
105031,
106303,
106849,
107212,
107576,
108667,
109031,
109576,
111212,
111576,
112667,
116303,
117212,
117758,
117940,
122122,
123031,
123212,
123394,
126485,
127031,
127212,
127576,
127940,
128303,
128849,
129940,
130485,
130849,
131212,
131394,
132667,
133212,
134122,
134485,
136303,
136667,
137031,
137576,
140212,
140667,
141394,
144303,
146303,
146667,
147394,
149576,
150122,
150485,
150849,
153394,
153758,
154122,
154485,
155031,
155394,
155940,
156667,
156849,
158122,
158303,
159940,
161394,
161576,
162122,
162485,
163940,
164303,
164849,
165940,
166667,
167212,
167394,
167940,
169212,
170122,
170485,
170849,
172667,
172849,
173576,
173758,
174303,
174667,
175940,
176485,
177212,
177576,
177758,
178485,
178667,
179212,
179758,
182303,
182485,
182849,
191394,
191758,
193212,
195940,
198122,
198485,
198849,
201031,
201394,
201758,
203940,
204303,
204667,
206122,
206303,
207576,
208303,
213394,
214122,
217758,
217940,
224758,
224940,
227576,
228303,
228667,
229031,
229758,
230122,
230485,
230667,
231212,
231576,
232122,
232485,
232849,
233031,
233394,
233758,
234031,
234485,
234758,
235122,
235576,
236758,
236940,
237394,
238122,
238303,
238849,
239212,
239940,
240667,
242122,
242485,
243212,
243394,
243940,
244303,
244849,
245394,
245576,
248122,
248667,
248849,
249576,
249940,
250122,
251212,
251576,
252303,
254485,
254849,
255212,
255576,
255758,
256122,
256849,
257031,
257394,
258122,
259576,
259940,
260303,
261031,
263212,
263576,
263758,
264849,
265394,
265758,
266485,
266849,
267212,
267940,
268485,
268667,
269212,
269758,
270485,
271576,
271940,
272849,
273212,
273576,
273758,
274303,
275940,
277031,
279576,
280303,
280667,
281031,
281394,
282122,
283212,
284303,
284667,
285031,
288667,
289394,
289758,
295576,
295940,
297031,
297212,

4 Column Long Note Times:
4303,
5031,
6849,
8303,
10122,
10849,
12667,
14122,
15576,
15849,
16122,
16667,
17758,
18485,
18758,
19031,
19940,
20212,
20485,
21031,
21394,
22122,
22485,
23394,
24576,
25031,
25394,
25758,
32122,
37576,
38485,
39212,
40667,
42667,
43394,
43940,
44303,
44849,
46485,
48485,
49212,
50122,
51212,
53394,
54122,
59576,
60303,
62849,
63576,
64122,
65394,
66667,
67576,
68303,
69394,
70122,
72485,
73212,
75940,
76667,
81758,
83758,
87576,
93940,
95576,
95940,
96485,
99212,
99758,
104303,
105394,
107940,
113394,
114667,
115394,
116485,
118122,
118849,
119940,
120667,
121212,
122303,
123940,
124667,
125758,
129394,
130122,
134849,
135576,
137940,
138667,
139940,
141031,
142303,
142849,
143212,
143940,
145031,
145758,
147758,
148122,
148667,
151576,
152303,
157394,
159394,
160667,
162849,
163576,
168667,
169576,
171212,
171576,
172122,
175212,
180303,
181031,
183576,
184122,
186485,
187212,
188303,
189576,
189940,
190485,
192303,
192849,
193940,
194485,
194940,
195212,
195576,
208849,
209576,
210667,
211212,
211940,
212667,
214667,
215394,
216485,
217031,
218849,
220667,
222849,
223576,
223940,
224303,
224485,
226212,
235849,
236303,
240303,
241031,
246122,
252667,
253394,
258849,
261576,
262122,
262667,
264303,
270849,
276485,
277394,
278849,
281576,
283576,
286122,
287212,
287758,
288122,
290303,
291212,
292303,
293394,
294122,
294849,
296303,
298122,
298303,
299031,
300667,

4 Column Release Times:
4667,
5394,
7212,
8667,
10485,
11212,
13031,
14485,
15758,
16031,
16303,
16849,
17940,
18667,
18940,
19212,
20122,
20394,
20667,
21212,
21576,
22303,
22667,
23576,
24758,
25212,
25576,
26849,
32303,
37758,
38758,
39394,
40849,
42849,
43576,
44122,
44576,
45031,
46667,
48667,
49394,
50394,
51394,
53758,
54485,
59758,
60485,
63031,
63758,
64303,
65576,
66849,
67849,
68485,
69576,
70303,
72667,
73394,
76122,
77212,
82122,
84122,
87940,
94122,
95758,
96122,
96667,
99576,
99940,
104667,
105758,
108122,
113758,
114849,
115576,
116667,
118303,
119031,
120212,
120849,
121394,
122485,
124122,
124849,
126031,
129576,
130303,
135212,
135940,
138122,
138849,
140122,
141212,
142485,
143031,
143485,
144122,
145212,
145940,
147940,
148303,
148849,
151758,
152849,
157758,
159758,
160758,
163212,
163758,
169031,
169758,
171394,
171758,
172303,
175576,
180667,
181212,
183758,
185758,
186667,
187394,
188485,
189758,
190122,
190667,
192485,
193031,
194122,
194667,
195031,
195303,
195758,
209031,
209758,
210849,
211394,
212122,
212849,
214849,
215576,
216667,
217212,
219122,
222031,
223485,
223849,
224212,
224394,
224576,
226485,
235940,
236394,
240485,
241576,
246485,
253031,
253758,
259212,
261758,
262303,
262849,
264667,
271212,
276667,
277576,
279031,
281758,
283758,
286303,
287485,
287940,
288303,
290485,
291394,
292485,
293576,
294303,
295031,
296667,
298212,
298394,
300576,
303576,

