Artist : Various Artists
Song Name : Jumpstream Complexes Vol. 2A
Difficulty : 0
BPM : 190
Background Image : charts\Various Artists-Jumpstream Complexes Vol. 2A\Sendan Life (Katagiri Bootleg).jpg
Audio : charts\Various Artists-Jumpstream Complexes Vol. 2A\Sendan Life (Katagiri Bootleg).mp3

1 Column Hit Times:
33276,
33506,
33737,
33852,
34083,
34314,
34545,
34776,
34891,
35122,
35352,
35583,
35699,
35929,
36160,
36391,
36506,
36622,
36737,
36968,
37199,
37429,
37545,
37718,
37891,
38064,
38352,
38583,
38756,
38872,
39045,
39160,
39333,
39506,
39679,
39910,
40141,
40372,
40545,
40718,
40891,
41006,
41179,
41352,
41583,
41699,
41872,
42045,
42276,
42391,
42506,
42679,
42968,
43199,
43372,
43545,
43660,
43776,
43891,
44064,
44179,
44295,
44468,
44699,
44872,
45045,
45276,
45506,
45622,
45795,
45968,
46199,
46314,
46487,
46660,
46833,
47064,
47237,
47410,
47583,
47814,
47987,
48160,
48333,
48506,
48737,
48968,
49199,
49314,
49487,
49718,
49891,
50064,
50237,
50410,
50583,
50699,
50929,
51045,
51276,
51391,
51506,
51622,
51852,
52141,
52429,
52602,
52718,
52891,
53006,
53179,
53352,
53468,
53641,
53814,
54045,
54160,
54506,
54679,
54910,
55083,
55256,
55429,
55545,
55660,
55891,
56122,
56352,
56468,
56641,
56814,
57045,
57160,
57276,
57506,
57679,
57968,
58199,
58429,
58545,
58718,
58891,
59006,
60968,
64660,
64833,
65006,
65122,
66391,
66506,
66737,
66968,
67199,
67372,
67660,
67833,
67949,
68122,
68237,
68352,
68583,
68814,
68987,
69160,
69506,
69622,
69795,
69968,
70083,
70199,
70429,
70602,
70891,
71006,
71179,
71352,
71583,
71699,
71872,
72045,
72160,
72333,
72506,
72622,
72737,
72852,
72968,
73199,
73429,
73891,
74006,
74179,
74352,
74583,
74699,
74872,
75045,
75276,
75506,
75622,
75737,
75910,
76083,
76314,
76487,
76660,
76891,
77122,
77237,
77352,
77583,
77756,
77872,
78045,
78276,
78506,
78679,
78910,
79083,
79256,
79429,
79545,
79660,
79891,
80122,
80295,
80468,
80699,
80929,
81045,
81160,
81276,
81506,
81737,
81968,
82141,
82429,
82545,
82833,
83064,
83237,
83352,
83526,
83641,
83814,
84045,
84276,
84391,
84564,
84737,
84910,
85083,
85256,
85429,
85660,
85776,
86122,
86295,
86468,
86641,
86814,
86929,
87102,
87276,
87506,
87622,
87737,
87852,
87968,
88141,
88314,
88429,
88545,
88660,
88891,
89122,
89237,
89410,
89583,
89756,
90045,
90276,
90449,
90564,
90737,
90852,
91026,
91199,
91372,
91602,
91833,
92064,
92237,
92410,
92583,
92699,
92872,
93045,
93276,
93391,
93564,
93737,
93968,
94083,
94199,
94372,
94660,
94891,
95064,
95237,
95352,
95468,
95583,
95756,
95872,
95987,
96968,
97314,
97660,
97891,
99506,
99737,
100199,
100660,
101006,
101122,
101583,
102045,
102391,
103199,
103429,
103660,
103833,
104006,
104179,
104352,
104526,
104814,
105045,
105160,
105276,
105506,
105679,
105795,
105968,
106083,
106199,
106429,
106545,
106891,
107064,
107237,
107410,
107583,
107814,
107987,
108276,
108506,
108622,
108795,
108968,
109199,
109429,
109660,
109776,
109949,
110122,
110352,
110468,
110583,
110699,
110814,
111737,
113122,
114506,
115891,
117045,
117449,
118314,
118487,
118660,
118833,
119122,
119352,
119583,
119699,
119814,
119987,
120160,
120333,
120506,
120737,
120968,
121141,
121429,
121545,
121718,
121891,
122006,
122179,
122352,
122526,
122814,
123045,
123160,
123333,
123506,
123622,
123795,
123968,
124083,
124256,
124372,
124487,
124602,
124776,
125122,
125352,
125583,
125814,
126045,
126276,
126506,
126737,
126852,
127141,
127372,
127545,
127660,
127833,
127949,
128122,
128352,
128583,
128699,
128987,
129160,
129391,
129622,
129852,
130026,
130199,
130429,
130545,
130718,
130891,
131006,
131122,
131295,
131468,
131641,
131814,
132045,
132276,
132506,
132622,
132795,
132910,
133083,
133256,
133429,
133660,
133776,
133949,
134122,
134352,
134583,
134699,
134814,
134987,
135160,
135391,
135564,
135737,
135852,
136026,
136199,
136314,
136429,
136660,
136891,
137122,
137295,
137583,
137756,
138045,
138276,
138449,
138622,
138737,
138968,
139199,
139314,
139487,
139660,
139776,
139891,
140122,
140237,
140352,
140583,
140814,
140987,
141276,
141506,
141737,
141852,
142141,
142372,
142487,
142660,
142776,
142949,
143237,
143468,
143583,
143814,
143929,
144102,
144276,
144391,
144564,
144737,
144910,
145141,
145429,
145545,
145718,
145891,
146006,
146122,
146295,
146526,
146814,
146929,
147045,
147218,
147391,
147564,
147737,
147852,
148026,
148199,
148429,
148660,
148776,
148949,
149122,
149352,
149468,
149583,
149814,
149987,
150102,
150276,
150506,
150622,
150795,
150968,
151199,
151314,
151429,
151602,
151776,
152122,
152295,
152410,
152583,
152699,
153045,
153160,
153276,
153506,
153737,
153968,
154083,
154429,
154545,
154833,
155006,
155237,
155352,
155583,
155814,
158352,
161583,
163660,
164122,
165276,
165737,
165968,
166660,
167699,
168045,
168391,
168622,
168852,
169083,
169429,
169660,
169891,
170122,
170929,
172256,
172372,
172487,
172602,
172718,
172891,
173122,
173352,
173583,
173814,
173929,
174218,
174449,
174622,
174737,
174910,
175026,
175199,
175429,
175660,
175776,
176064,
176237,
176468,
176699,
176929,
177102,
177276,
177506,
177622,
177795,
177968,
178083,
178199,
178372,
178545,
178718,
178891,
179122,
179352,
179583,
179699,
179872,
179987,
180160,
180333,
180506,
180737,
180852,
181026,
181199,
181429,
181660,
181776,
181891,
182064,
182237,
182468,
182641,
182814,
182929,
183102,
183276,
183391,
183506,
183737,
183968,
184199,
184372,
184660,
184833,
185122,
185352,
185526,
185699,
185814,
186045,
186276,
186391,
186564,
186737,
186852,
186968,
187199,
187314,
187429,
187660,
187891,
188122,
188237,
188410,
188583,
188756,
188987,
189160,
189391,
189564,
189737,
189968,
190083,
190256,
190429,
190660,
190891,
191006,
191122,
191352,
191583,
191699,
191872,
192045,
192276,
192506,
192622,
192795,
192968,
193083,
193199,
193372,
193602,
193776,
193949,
194064,
194237,
194410,
194583,
194699,
194814,
195045,
195160,
195333,
195506,
195622,
195795,
195968,
196141,
196372,
196545,
196776,
196949,
197122,
197352,
197468,
197641,
197814,
198045,
198276,
198391,
198506,
198737,
198968,
199083,
199256,
199429,
199660,
199891,
200006,
200179,
200295,
200583,
200814,
201045,
201276,
201391,
201506,
201737,
201852,
201968,
202199,

1 Column Long Note Times:
59122,
62352,
63276,
64199,
65583,
112199,
113352,
116237,
117737,
156968,
157776,
158814,
159622,
160660,
161122,
162737,
164352,
166199,
166891,
170583,
171276,

1 Column Release Times:
60045,
62583,
63506,
64429,
66045,
112429,
114045,
116814,
118199,
157199,
158006,
159045,
159852,
160891,
161352,
163199,
165045,
166545,
167468,
170814,
172199,

2 Column Hit Times:
33276,
33506,
33737,
33852,
34083,
34314,
34545,
34776,
35122,
35352,
35583,
35699,
35929,
36160,
36391,
36506,
36622,
36737,
37026,
37199,
37314,
37487,
37660,
37891,
38006,
38179,
38352,
38468,
38641,
38814,
38929,
39045,
39218,
39449,
39737,
39852,
40026,
40199,
40314,
40487,
40602,
40833,
41064,
41352,
41468,
41641,
41814,
41929,
42102,
42276,
42449,
42622,
42795,
42968,
43083,
43256,
43429,
43545,
43660,
43891,
44006,
44179,
44295,
44410,
44583,
44756,
45045,
45160,
45333,
45506,
45679,
45852,
46026,
46199,
46429,
46660,
46891,
47006,
47179,
47352,
47526,
47699,
47872,
48045,
48218,
48391,
48564,
48737,
48910,
49083,
49256,
49429,
49602,
49776,
49949,
50179,
50352,
50583,
50756,
50872,
51045,
51218,
51391,
51564,
51679,
51795,
51968,
52083,
52256,
52429,
52545,
52776,
53064,
53295,
53468,
53583,
53756,
53872,
54045,
54218,
54333,
54506,
54737,
54852,
55026,
55141,
55314,
55487,
55660,
55891,
56064,
56179,
56352,
56583,
56699,
56872,
57045,
57160,
57333,
57506,
57622,
57795,
57968,
58141,
58314,
58487,
58660,
58891,
59006,
59814,
60506,
62352,
63737,
64660,
64776,
64949,
65064,
65352,
65583,
65929,
66160,
66391,
66506,
66679,
66852,
67026,
67199,
67314,
67487,
67602,
67776,
68064,
68237,
68352,
68526,
68699,
68872,
69045,
69218,
69333,
69506,
69679,
69910,
70083,
70256,
70429,
70545,
70718,
70891,
71064,
71295,
71526,
71756,
71929,
72045,
72218,
72391,
72506,
72622,
72737,
72852,
72968,
73199,
73660,
73891,
74064,
74237,
74410,
74526,
74756,
74987,
75218,
75333,
75506,
75622,
75795,
76026,
76199,
76372,
76602,
76776,
76949,
77122,
77237,
77410,
77583,
77814,
78045,
78218,
78391,
78622,
78795,
78968,
79141,
79372,
79545,
79660,
79833,
80006,
80237,
80410,
80583,
80756,
80872,
81045,
81160,
81276,
81449,
81622,
81795,
81910,
82199,
82314,
82487,
82660,
82776,
82949,
83122,
83237,
83352,
83583,
83814,
83929,
84102,
84276,
84449,
84679,
84852,
85026,
85141,
85372,
85487,
85660,
85833,
85949,
86122,
86237,
86410,
86526,
86699,
86814,
86987,
87218,
87391,
87564,
87737,
87852,
88026,
88199,
88314,
88487,
88602,
88718,
88833,
89006,
89179,
89352,
89583,
89699,
89872,
90045,
90160,
90333,
90506,
90622,
90737,
90910,
91141,
91429,
91545,
91718,
91891,
92006,
92179,
92295,
92526,
92756,
93045,
93160,
93333,
93506,
93622,
93795,
93968,
94141,
94314,
94487,
94660,
94776,
94949,
95122,
95237,
95352,
95583,
95699,
95872,
95987,
96968,
97314,
97660,
97891,
99622,
100429,
100545,
101006,
101699,
102276,
103083,
103487,
103660,
103891,
104064,
104295,
104468,
104641,
104756,
104872,
105045,
105160,
105333,
105506,
105737,
105910,
106141,
106256,
106429,
106660,
106833,
106949,
107122,
107237,
107352,
107583,
107756,
107929,
108102,
108218,
108391,
108564,
108679,
108852,
109026,
109141,
109314,
109487,
109660,
109833,
110064,
110179,
110352,
110468,
110583,
110699,
110814,
113352,
113699,
114045,
114276,
114968,
116237,
116814,
117391,
117737,
117968,
118256,
118429,
118602,
118776,
118949,
119122,
119237,
119410,
119583,
119699,
119872,
120102,
120276,
120449,
120622,
120795,
120968,
121083,
121256,
121429,
121660,
121833,
122064,
122352,
122468,
122641,
122814,
122929,
123102,
123276,
123506,
123679,
123852,
123968,
124141,
124256,
124372,
124487,
124602,
124776,
125122,
125352,
125641,
125814,
125987,
126160,
126333,
126506,
126622,
126795,
126968,
127083,
127256,
127429,
127545,
127660,
127891,
128122,
128237,
128410,
128526,
128756,
128872,
129045,
129218,
129333,
129506,
129679,
129795,
129968,
130141,
130256,
130429,
130660,
130891,
131006,
131179,
131410,
131583,
131756,
131872,
132045,
132218,
132333,
132506,
132679,
132795,
132910,
133026,
133199,
133372,
133545,
133718,
133891,
134064,
134295,
134410,
134583,
134699,
134872,
135102,
135276,
135449,
135679,
135910,
136199,
136314,
136487,
136660,
136891,
137006,
137237,
137410,
137583,
137699,
137872,
138045,
138276,
138391,
138564,
138737,
138852,
139026,
139141,
139372,
139487,
139602,
139776,
139949,
140064,
140179,
140295,
140468,
140583,
140756,
140872,
141102,
141276,
141391,
141564,
141737,
141910,
142026,
142199,
142314,
142545,
142718,
142833,
143064,
143179,
143352,
143583,
143699,
143814,
143987,
144218,
144449,
144679,
144968,
145083,
145256,
145372,
145602,
145833,
146064,
146237,
146410,
146583,
146814,
147045,
147333,
147449,
147622,
147737,
147910,
148141,
148256,
148429,
148602,
148718,
148891,
149064,
149179,
149352,
149468,
149756,
149929,
150218,
150391,
150679,
150852,
151141,
151314,
151487,
151718,
151891,
152064,
152237,
152352,
152526,
152756,
152872,
153045,
153160,
153333,
153506,
153622,
153910,
154141,
154256,
154429,
154602,
154718,
154891,
155006,
155122,
155583,
155814,
158006,
158179,
159852,
161929,
164583,
164814,
165045,
165391,
165622,
166429,
166660,
166891,
167237,
167583,
169776,
170699,
171045,
171276,
172256,
172372,
172487,
172602,
172891,
173064,
173237,
173410,
173583,
173699,
173872,
174045,
174160,
174333,
174506,
174622,
174737,
174968,
175199,
175314,
175487,
175602,
175833,
175949,
176122,
176295,
176410,
176583,
176756,
176872,
177045,
177218,
177333,
177506,
177737,
177968,
178083,
178256,
178487,
178660,
178833,
178949,
179122,
179295,
179410,
179583,
179756,
179872,
179987,
180102,
180276,
180449,
180622,
180795,
180968,
181141,
181372,
181487,
181660,
181776,
181949,
182179,
182352,
182526,
182756,
182987,
183276,
183391,
183564,
183737,
183968,
184083,
184314,
184487,
184660,
184776,
184949,
185122,
185352,
185468,
185641,
185814,
185929,
186102,
186218,
186449,
186564,
186679,
186852,
187026,
187141,
187256,
187372,
187545,
187718,
187833,
188064,
188295,
188583,
188699,
188872,
189045,
189160,
189276,
189449,
189737,
189852,
190026,
190199,
190429,
190545,
190718,
190891,
191122,
191237,
191410,
191583,
191756,
191987,
192218,
192449,
192679,
192852,
193026,
193199,
193314,
193487,
193660,
193776,
193891,
194064,
194179,
194295,
194468,
194583,
194699,
194814,
194929,
195102,
195276,
195449,
195679,
195968,
196083,
196256,
196429,
196545,
196660,
196833,
197122,
197237,
197410,
197583,
197814,
197929,
198102,
198276,
198506,
198622,
198795,
198968,
199141,
199372,
199602,
199833,
200064,
200179,
200295,
200814,
201045,
201276,
201391,
201622,
201737,
201852,
202083,
202199,

2 Column Long Note Times:
61199,
62583,
112429,
115199,
117045,
157199,
159045,
160199,
160891,
163199,
165852,
167814,
170237,

2 Column Release Times:
61545,
63160,
112891,
115891,
117276,
157429,
159218,
160429,
161122,
163660,
166199,
169429,
170583,

3 Column Hit Times:
34660,
36449,
37141,
37372,
37602,
37833,
38122,
38237,
38410,
38583,
38699,
38814,
38987,
39276,
39391,
39564,
39737,
39968,
40083,
40256,
40429,
40660,
40776,
40949,
41122,
41295,
41526,
41756,
41987,
42218,
42391,
42564,
42737,
42852,
43026,
43199,
43314,
43429,
43602,
43718,
43833,
44006,
44122,
44237,
44352,
44526,
44641,
44814,
44987,
45218,
45391,
45564,
45737,
45968,
46083,
46256,
46429,
46602,
46776,
46949,
47122,
47295,
47468,
47641,
47756,
47929,
48102,
48276,
48506,
48679,
48852,
49026,
49141,
49372,
49545,
49660,
49891,
50122,
50295,
50468,
50641,
50814,
50987,
51160,
51333,
51506,
51622,
51737,
51910,
52026,
52199,
52314,
52487,
52660,
52891,
53122,
53237,
53410,
53526,
53699,
53929,
54102,
54276,
54449,
54622,
54795,
54968,
55199,
55372,
55545,
55718,
55833,
56006,
56237,
56526,
56756,
56987,
57218,
57449,
57564,
57737,
57852,
58026,
58199,
58372,
58660,
58833,
58949,
59064,
59468,
61314,
61660,
62583,
63160,
64718,
64891,
65006,
65699,
66045,
66276,
66564,
66737,
66910,
67083,
67256,
67429,
67545,
67718,
67891,
68006,
68179,
68410,
68583,
68756,
68929,
69102,
69276,
69391,
69564,
69737,
69968,
70141,
70372,
70660,
70776,
70949,
71122,
71237,
71410,
71583,
71814,
71987,
72160,
72276,
72449,
72564,
72679,
72795,
72910,
73083,
73429,
73660,
73949,
74122,
74295,
74468,
74641,
74814,
74929,
75102,
75276,
75391,
75564,
75737,
75852,
75968,
76199,
76429,
76545,
76718,
76833,
77064,
77179,
77352,
77526,
77641,
77814,
77987,
78102,
78276,
78449,
78564,
78737,
78968,
79199,
79314,
79487,
79718,
79891,
80064,
80179,
80352,
80526,
80641,
80814,
80987,
81102,
81218,
81333,
81506,
81679,
81852,
82026,
82199,
82372,
82602,
82718,
82891,
83006,
83179,
83410,
83583,
83756,
83987,
84218,
84506,
84622,
84795,
84968,
85199,
85314,
85545,
85718,
85891,
86006,
86179,
86352,
86583,
86699,
86872,
87045,
87160,
87333,
87449,
87679,
87795,
87910,
88083,
88256,
88372,
88487,
88602,
88776,
88949,
89064,
89295,
89526,
89814,
89929,
90102,
90276,
90391,
90506,
90679,
90968,
91083,
91256,
91429,
91660,
91776,
91949,
92122,
92352,
92468,
92641,
92814,
92987,
93218,
93449,
93679,
93910,
94083,
94256,
94429,
94545,
94718,
94891,
95006,
95122,
95295,
95410,
95526,
95699,
95814,
95929,
96045,
97776,
98006,
98814,
99160,
99391,
99506,
99737,
100199,
100660,
100776,
101352,
101814,
102160,
102968,
103429,
103602,
103776,
103949,
104122,
104237,
104410,
104583,
104699,
104987,
105102,
105276,
105449,
105622,
105852,
106026,
106314,
106487,
106660,
106776,
107006,
107179,
107352,
107526,
107641,
107814,
108045,
108160,
108333,
108449,
108737,
108910,
109083,
109256,
109372,
109602,
109891,
110006,
110237,
110410,
110641,
110814,
111276,
112429,
113929,
115429,
116122,
116699,
117276,
117622,
117852,
118083,
118199,
118372,
118545,
118718,
118891,
119006,
119179,
119295,
119468,
119756,
119929,
120045,
120218,
120391,
120564,
120737,
120910,
121026,
121199,
121372,
121602,
121776,
121949,
122122,
122237,
122410,
122583,
122756,
122987,
123218,
123449,
123622,
123737,
123910,
124083,
124199,
124314,
124429,
124545,
124660,
124891,
125352,
125583,
125756,
125929,
126102,
126218,
126449,
126679,
126910,
127026,
127199,
127314,
127487,
127718,
127891,
128064,
128295,
128468,
128641,
128814,
128929,
129102,
129276,
129506,
129737,
129910,
130083,
130314,
130487,
130660,
130833,
131064,
131237,
131352,
131526,
131699,
131929,
132102,
132276,
132449,
132564,
132737,
132852,
132968,
133141,
133314,
133487,
133602,
133891,
134006,
134179,
134352,
134468,
134641,
134814,
134929,
135045,
135276,
135506,
135622,
135795,
135968,
136141,
136372,
136545,
136718,
136833,
137064,
137179,
137352,
137526,
137641,
137814,
137929,
138102,
138218,
138391,
138506,
138679,
138910,
139083,
139256,
139429,
139545,
139718,
139891,
140006,
140179,
140295,
140410,
140641,
140814,
141045,
141160,
141333,
141506,
141679,
141795,
141968,
142083,
142256,
142429,
142602,
142891,
143122,
143295,
143410,
143641,
143872,
144045,
144160,
144276,
144506,
144737,
144852,
145026,
145199,
145429,
145660,
145776,
145949,
146179,
146352,
146468,
146641,
146756,
146987,
147102,
147276,
147391,
147506,
147679,
147795,
147968,
148083,
148372,
148487,
148660,
148833,
149006,
149122,
149237,
149410,
149583,
149699,
149872,
150045,
150276,
150449,
150564,
150737,
150968,
151083,
151256,
151429,
151545,
151660,
151833,
151949,
152122,
152468,
152641,
152814,
152929,
153102,
153276,
153391,
153564,
153737,
153852,
154026,
154199,
154372,
154660,
154776,
154949,
155122,
155468,
155814,
157660,
161122,
162276,
162737,
164122,
164352,
164699,
164929,
165160,
166083,
166314,
166545,
166776,
167006,
167352,
168045,
168276,
168506,
168737,
169314,
169545,
170352,
170583,
170814,
171160,
172199,
172314,
172429,
172545,
172660,
172833,
173006,
173179,
173295,
173526,
173756,
173987,
174102,
174276,
174391,
174564,
174795,
174968,
175141,
175372,
175545,
175718,
175891,
176006,
176179,
176352,
176583,
176814,
176987,
177160,
177391,
177564,
177737,
177910,
178141,
178314,
178429,
178602,
178776,
179006,
179179,
179352,
179526,
179641,
179814,
179929,
180045,
180218,
180391,
180564,
180679,
180968,
181083,
181256,
181429,
181545,
181718,
181891,
182006,
182122,
182352,
182583,
182699,
182872,
183045,
183218,
183449,
183622,
183795,
183910,
184141,
184256,
184429,
184602,
184718,
184891,
185006,
185179,
185295,
185468,
185583,
185756,
185987,
186160,
186333,
186506,
186622,
186795,
186968,
187083,
187256,
187372,
187487,
187602,
187776,
187949,
188122,
188352,
188468,
188641,
188814,
188929,
189102,
189276,
189391,
189506,
189679,
189910,
190199,
190314,
190487,
190660,
190776,
190949,
191064,
191295,
191526,
191814,
191929,
192102,
192276,
192391,
192564,
192737,
192910,
193083,
193256,
193429,
193545,
193718,
193891,
194006,
194122,
194352,
194468,
194641,
194756,
194987,
195218,
195506,
195737,
195852,
196026,
196199,
196314,
196487,
196660,
196776,
196891,
197064,
197295,
197583,
197699,
197872,
198045,
198160,
198333,
198449,
198679,
198910,
199199,
199314,
199487,
199660,
199776,
199949,
200122,
200237,
200352,
200583,
201333,
201506,
201622,
201852,
201968,
202083,
202199,

3 Column Long Note Times:
34891,
36737,
60737,
63506,
65352,
112891,
114276,
156506,
158583,
159276,
160429,
161352,
165506,
167583,
169891,

3 Column Release Times:
35122,
36968,
61199,
64199,
65583,
113237,
114852,
156968,
158814,
159506,
160660,
161583,
165852,
167814,
170237,

4 Column Hit Times:
33276,
33506,
33737,
33852,
34083,
34314,
34545,
34776,
34891,
35122,
35352,
35583,
35699,
35929,
36160,
36449,
36622,
36737,
36968,
37083,
37256,
37429,
37660,
37776,
37949,
38122,
38295,
38526,
38699,
38929,
39102,
39276,
39506,
39622,
39795,
39968,
40199,
40429,
40545,
40660,
40891,
41122,
41237,
41410,
41583,
41814,
42045,
42160,
42333,
42506,
42622,
42737,
42910,
43141,
43314,
43487,
43602,
43776,
43949,
44122,
44237,
44352,
44583,
44814,
44929,
45102,
45276,
45449,
45737,
45910,
46141,
46372,
46545,
46718,
46891,
47122,
47352,
47583,
47814,
47929,
48045,
48276,
48449,
48622,
48795,
48968,
49199,
49429,
49660,
49833,
50006,
50179,
50352,
50526,
50814,
50929,
51102,
51276,
51449,
51564,
51737,
51968,
52199,
52372,
52660,
52833,
52949,
53122,
53352,
53583,
53814,
53987,
54276,
54391,
54564,
54737,
54968,
55199,
55314,
55429,
55602,
55776,
55949,
56122,
56295,
56410,
56583,
56814,
56929,
57102,
57276,
57391,
57737,
57910,
58083,
58256,
58429,
58602,
58776,
59122,
62814,
63506,
64199,
65237,
65468,
65814,
66622,
66795,
66968,
67141,
67429,
67660,
67891,
68006,
68122,
68295,
68468,
68641,
68814,
69045,
69276,
69449,
69737,
69852,
70026,
70199,
70314,
70487,
70660,
70833,
71122,
71352,
71468,
71641,
71814,
71929,
72102,
72276,
72391,
72564,
72679,
72795,
72910,
73083,
73429,
73660,
73891,
74122,
74352,
74583,
74814,
75045,
75160,
75449,
75679,
75852,
75968,
76141,
76256,
76429,
76660,
76891,
77006,
77295,
77468,
77699,
77929,
78160,
78333,
78506,
78737,
78852,
79026,
79199,
79314,
79429,
79602,
79776,
79949,
80122,
80352,
80583,
80814,
80929,
81102,
81218,
81391,
81564,
81737,
81968,
82083,
82256,
82429,
82660,
82891,
83006,
83122,
83295,
83468,
83699,
83872,
84045,
84160,
84333,
84506,
84622,
84737,
84968,
85199,
85429,
85602,
85891,
86064,
86352,
86583,
86756,
86929,
87045,
87276,
87506,
87622,
87795,
87968,
88083,
88199,
88429,
88545,
88660,
88891,
89122,
89352,
89468,
89641,
89814,
89987,
90218,
90391,
90622,
90795,
90968,
91199,
91314,
91487,
91660,
91891,
92122,
92237,
92352,
92583,
92814,
92929,
93102,
93276,
93506,
93737,
93852,
94026,
94199,
94314,
94429,
94602,
94833,
95006,
95179,
95295,
95468,
95641,
95814,
95929,
96045,
98814,
99160,
99622,
99968,
100083,
100660,
101122,
101583,
102045,
102391,
102622,
102852,
103199,
103545,
103718,
103891,
104122,
104352,
104583,
104814,
104929,
105218,
105391,
105564,
105737,
105968,
106199,
106372,
106602,
106718,
106891,
107006,
107122,
107295,
107468,
107699,
107872,
108045,
108276,
108506,
108737,
108852,
108968,
109199,
109429,
109545,
109718,
109891,
110122,
110295,
110526,
112199,
112660,
113583,
116352,
116468,
117910,
118199,
118429,
118660,
118891,
119064,
119352,
119526,
119641,
119814,
119929,
120045,
120276,
120506,
120679,
120852,
121199,
121314,
121487,
121660,
121776,
121891,
122122,
122295,
122583,
122699,
122872,
123045,
123276,
123391,
123564,
123737,
123852,
124026,
124199,
124314,
124429,
124545,
124660,
124891,
125122,
125583,
125699,
125872,
126045,
126276,
126391,
126564,
126737,
126968,
127199,
127314,
127429,
127602,
127776,
128006,
128179,
128352,
128583,
128814,
128929,
129045,
129276,
129449,
129564,
129737,
129968,
130199,
130372,
130602,
130776,
130949,
131122,
131237,
131352,
131583,
131814,
131987,
132160,
132391,
132622,
132737,
132852,
132968,
133199,
133429,
133660,
133833,
134122,
134237,
134526,
134756,
134929,
135045,
135218,
135333,
135506,
135737,
135968,
136083,
136256,
136429,
136602,
136776,
136949,
137122,
137352,
137468,
137814,
137987,
138160,
138333,
138506,
138622,
138795,
138968,
139199,
139314,
139429,
139545,
139660,
139833,
140006,
140122,
140237,
140352,
140526,
140699,
140929,
141045,
141218,
141449,
141622,
141968,
142083,
142199,
142429,
142660,
142891,
143006,
143122,
143352,
143526,
143756,
143929,
144045,
144160,
144333,
144506,
144622,
144795,
144968,
145199,
145314,
145487,
145660,
145776,
145891,
146122,
146352,
146583,
146699,
146872,
147160,
147276,
147506,
147622,
147968,
148199,
148314,
148545,
148891,
149295,
149526,
149641,
149814,
150045,
150160,
150333,
150506,
150737,
150910,
151026,
151199,
151372,
151545,
151660,
151891,
152006,
152179,
152352,
152583,
152814,
152987,
153218,
153449,
153679,
153795,
153968,
154199,
154314,
154487,
154660,
154776,
154891,
155064,
155179,
155468,
155583,
155814,
156968,
158814,
159506,
160083,
160199,
160660,
161583,
161929,
162276,
163199,
164814,
165737,
165968,
166199,
167122,
167468,
167929,
168160,
168506,
168737,
168968,
169199,
169429,
170006,
170352,
172199,
172314,
172429,
172545,
172660,
172776,
172949,
173122,
173352,
173468,
173641,
173814,
174045,
174276,
174391,
174506,
174679,
174852,
175083,
175256,
175429,
175660,
175891,
176006,
176122,
176352,
176526,
176641,
176814,
177045,
177276,
177449,
177679,
177852,
178026,
178199,
178314,
178429,
178660,
178891,
179064,
179237,
179468,
179699,
179814,
179929,
180045,
180276,
180506,
180737,
180910,
181199,
181314,
181602,
181833,
182006,
182122,
182295,
182410,
182583,
182814,
183045,
183160,
183333,
183506,
183679,
183852,
184026,
184199,
184429,
184545,
184891,
185064,
185237,
185410,
185583,
185699,
185872,
186045,
186276,
186391,
186506,
186622,
186737,
186910,
187083,
187199,
187314,
187429,
187660,
187891,
188006,
188179,
188352,
188526,
188814,
189045,
189218,
189333,
189506,
189622,
189795,
189968,
190141,
190372,
190602,
190833,
191006,
191179,
191352,
191468,
191641,
191814,
192045,
192160,
192333,
192506,
192737,
192852,
192968,
193141,
193429,
193660,
193833,
194006,
194122,
194237,
194352,
194526,
194641,
194756,
194872,
195045,
195276,
195391,
195564,
195737,
195910,
196199,
196429,
196602,
196718,
196891,
197006,
197179,
197352,
197526,
197756,
197987,
198218,
198391,
198564,
198737,
198852,
199026,
199199,
199429,
199545,
199718,
199891,
200122,
200237,
200352,
200583,
200814,
201045,
201333,
201506,
201622,
201737,
201968,
202083,
202199,

4 Column Long Note Times:
60506,
61660,
64545,
66045,
110814,
114045,
114968,
115891,
117276,
156045,
157429,
158352,
163660,
165045,
166545,
169660,
170814,

4 Column Release Times:
60737,
62352,
65122,
66506,
111737,
114276,
115199,
116122,
117737,
156506,
157660,
158583,
164122,
165276,
166891,
169891,
171276,

