Artist : Various Artists
Song Name : Jumpstream Practice Pack (JPP)
Difficulty : 0
BPM : 190
Background Image : charts\Various Artists-Jumpstream Practice Pack (JPP)\System Sun.jpg
Audio : charts\Various Artists-Jumpstream Practice Pack (JPP)\System Sun.mp3

1 Column Hit Times:
1000,
1592,
1986,
2776,
3565,
5144,
5934,
6723,
7611,
8105,
8500,
8796,
9486,
9782,
10078,
10375,
10769,
11065,
11361,
11756,
12052,
12644,
12940,
13335,
13631,
14026,
14421,
14815,
15013,
15309,
15605,
15901,
16394,
16789,
16986,
17282,
17578,
17973,
18368,
18664,
18960,
19157,
19453,
19947,
20440,
20736,
21131,
21526,
21822,
22217,
22611,
22907,
23105,
23499,
23796,
24092,
24289,
24585,
25078,
25276,
25572,
25868,
26065,
26361,
26657,
26953,
27249,
27447,
27644,
27940,
28236,
28631,
28927,
29223,
29519,
29815,
30210,
30407,
30703,
30999,
31394,
31690,
31986,
32184,
32578,
32874,
33171,
33368,
33664,
33861,
34157,
34552,
34848,
35144,
35342,
35736,
36131,
36427,
36723,
36921,
37315,
37710,
38006,
38302,
38499,
38894,
39289,
39486,
39782,
39980,
40276,
40473,
40769,
41164,
41361,
41657,
41953,
42249,
42644,
42842,
43138,
43434,
43730,
44026,
44421,
44815,
45210,
45605,
45901,
46197,
46394,
46592,
46888,
47184,
47578,
47776,
48171,
48467,
48861,
49157,
49355,
49651,
49947,
50243,
50638,
50934,
51131,
51427,
51822,
52217,
52513,
52710,
53105,
53499,
53894,
54092,
54388,
54684,
55078,
55374,
55572,
55868,
56263,
56657,
56953,
57249,
57447,
57743,
58039,
58335,
58631,
58828,
59124,
59421,
59717,
60013,
60407,
60605,
60901,
61197,
61493,
61789,
61986,
62381,
62677,
62973,
63368,
63664,
64059,
64355,
64651,
64947,
65144,
65440,
65736,
66131,
66328,
66624,
66921,
67315,
67710,
68105,
68401,
68697,
68894,
69190,
69486,
69684,
69980,
70276,
70473,
70671,
70967,
71263,
71460,
71657,
72052,
72249,
72546,
72842,
73039,
73335,
73631,
73828,
74026,
74322,
74618,
74815,
75013,
75309,
75605,
75802,
75999,
76296,
76592,
76789,
77085,
77381,
77578,
77874,
78171,
78368,
78664,
79059,
79355,
79552,
79749,
80046,
80342,
80539,
80835,
81131,
81328,
81624,
81921,
82118,
82513,
82710,
83105,
83401,
83697,
83894,
84190,
84388,
84684,
84881,
85276,
85473,
85769,
85967,
86263,
86460,
86657,
86953,
87249,
87447,
87842,
88039,
88434,
88730,
89026,
89223,
89421,
89618,
89914,
90210,
90407,
90605,
90999,
91197,
91493,
91789,
91986,
92282,
92578,
92776,
92973,
93269,
93565,
93763,
93960,
94256,
94552,
94749,
94947,
95243,
95539,
95736,
96032,
96328,
96526,
96822,
97118,
97315,
97611,
98006,
98302,
98499,
98697,
98993,
99289,
99486,
99782,
100078,
100276,
100572,
100868,
101065,
101460,
101657,
102052,
102348,
102644,
102842,
103138,
103335,
103631,
103828,
104223,
104421,
104717,
104914,
105210,
105407,
105605,
105901,
106197,
106394,
106789,
106986,
107381,
107677,
107973,
108171,
108368,
108664,
108960,
109256,
109552,
109947,
110342,
110638,
110934,
111230,
111526,
111822,
112118,
112414,
112710,
113105,
113499,
113796,
114092,
114388,
114684,
115078,
115374,
115671,
115967,
116263,
116559,
116855,
117151,
117447,
117842,
118236,
118532,
118828,
119124,
119421,
119717,
120013,
120309,
120605,
120999,
121394,
121789,
122184,
122578,
122973,
123368,
123763,
124059,
124256,
124552,
124947,
125243,
125539,
125835,
126131,
126526,
126822,
127118,
127315,
127710,
128105,
128499,
128796,
129092,
129388,
129585,
129881,
130177,
130473,
130769,
131065,
131361,
131657,
132151,
132447,
132842,
133138,
133434,
133631,
133828,
134124,
134421,
134618,
134815,
135210,
135407,
135703,
135999,
136197,
136493,
136789,
136986,
137184,
137480,
137776,
137973,
138171,
138467,
138763,
138960,
139157,
139453,
139749,
139947,
140243,
140539,
140736,
141032,
141328,
141526,
141822,
142217,
142513,
142710,
142907,
143203,
143499,
143697,
143993,
144289,
144486,
144782,
145078,
145276,
145671,
145868,
146263,
146559,
146855,
147052,
147348,
147546,
147842,
148039,
148434,
148631,
148927,
149124,
149421,
149618,
149815,
150111,
150407,
150605,
150999,
151197,
151592,
151888,
152184,
152381,
152578,
152776,
153072,
153368,
153565,
153763,
154157,
154355,
154651,
154947,
155144,
155440,
155736,
155934,
156131,
156427,
156723,
156921,
157118,
157414,
157710,
157907,
158105,
158401,
158697,
158894,
159190,
159486,
159684,
159980,
160276,
160473,
160769,
161164,
161460,
161657,
161855,
162052,
162447,
162743,
163039,
163236,
163434,
163730,
164026,
164421,
164717,
165013,
165309,
165605,
165999,
166197,
166493,
166789,
167184,
167480,
167776,
167973,
168368,
168664,
168960,
169157,
169651,
169947,
170342,
170638,
170934,
171131,
171526,
171921,
172217,
172513,
172710,
172907,
173105,
173499,
173796,
174092,
174289,
174684,
175078,
175374,
175572,
175868,
176263,
176460,
176756,
177052,
177447,
177842,
178236,
178631,
178828,
179223,
179519,
179815,
180111,
180407,
180703,
180999,
181296,
181493,
181789,
181986,
182282,
182578,
182776,
183072,
183269,
183565,
183763,
184059,
184355,
184552,
184848,
185046,
185342,
185539,
185934,
186131,
186427,
186624,
186921,
187118,
187513,
187710,
188006,
188203,
188499,
188697,
188993,
189289,
189585,
189782,
190078,
190374,
190671,
190868,
191263,
191559,
191756,
192052,
192249,
192447,
192842,
193039,
193335,
193631,
193828,
194223,
194421,
194717,
194914,
195210,
195506,
195703,
195999,
196197,
196592,
196789,
197085,
197381,
197677,
197973,
198171,
198368,
198763,
198960,
199256,
199453,
199749,
199947,
200243,
200440,
200736,
200934,
201230,
201526,
201723,
202019,
202217,
202513,
202710,
203006,
203302,
203499,
203796,
203993,
204289,
204486,
204881,
205078,
205374,
205572,
205868,
206065,
206460,
206657,
206953,
207151,
207447,
207644,
207940,
208236,
208532,
208730,
209026,
209322,
209618,
209815,
210210,
210506,
210703,
210999,
211197,
211394,
211789,
211986,
212282,
212578,
212776,
213171,
213368,
213664,
213861,
214157,
214453,
214651,
214947,
215144,
215539,
215736,
216032,
216328,
216624,
216921,
217118,
217315,
217710,
218105,
218401,
218697,
218894,

1 Column Long Note Times:

1 Column Release Times:

2 Column Hit Times:
1296,
2381,
3171,
3960,
4552,
5539,
6328,
7315,
7809,
8203,
8598,
8894,
9190,
9585,
10177,
10671,
11164,
11559,
11855,
12348,
12743,
13236,
13532,
13828,
14125,
14421,
14717,
15111,
15407,
15605,
16098,
16394,
16690,
17085,
17480,
17776,
17973,
18269,
18565,
18763,
19256,
19552,
19848,
20243,
20736,
21032,
21230,
21526,
21921,
22118,
22414,
22710,
23105,
23302,
23598,
23894,
24388,
24782,
25078,
25374,
25868,
26263,
26657,
27151,
27348,
27644,
27842,
28138,
28335,
28631,
28828,
29124,
29421,
29717,
30013,
30210,
30506,
30802,
31098,
31394,
31888,
32184,
32381,
32677,
32973,
33171,
33467,
33664,
34059,
34355,
34651,
34947,
35243,
35539,
35835,
36131,
36526,
36723,
37019,
37315,
37611,
37907,
38203,
38499,
38697,
38993,
39289,
39585,
39881,
40078,
40276,
40572,
40868,
41065,
41657,
42052,
42348,
42546,
42940,
43236,
43631,
43927,
44223,
44519,
44815,
45111,
45407,
45703,
45999,
46197,
46394,
46690,
47184,
47480,
47874,
48072,
48368,
48664,
48960,
49355,
49552,
49848,
50144,
50440,
50736,
50934,
51230,
51526,
51723,
52019,
52315,
52513,
52809,
53105,
53401,
53796,
54092,
54289,
54684,
54980,
55276,
55671,
55868,
56164,
56460,
56756,
57052,
57348,
57644,
57940,
58236,
58532,
58828,
59026,
59421,
59815,
60111,
60309,
60605,
60802,
61098,
61394,
61789,
62085,
62282,
62578,
62874,
63171,
63467,
63763,
63960,
64256,
64552,
64947,
65243,
65736,
66032,
66427,
66723,
66921,
67217,
67513,
67809,
68105,
68302,
68598,
68993,
69289,
69585,
69881,
70078,
70473,
70671,
70868,
71164,
71460,
71756,
71953,
72249,
72447,
72743,
72940,
73236,
73434,
73631,
74026,
74223,
74519,
74815,
75111,
75407,
75605,
75802,
76098,
76394,
76789,
76986,
77282,
77578,
77776,
78072,
78368,
78565,
78861,
79157,
79355,
79651,
79848,
80144,
80539,
80736,
81032,
81230,
81526,
81723,
82019,
82315,
82513,
82809,
83006,
83302,
83598,
83894,
84092,
84486,
84684,
84980,
85177,
85473,
85671,
86065,
86263,
86559,
86855,
87052,
87249,
87546,
87743,
88039,
88236,
88532,
88828,
89026,
89223,
89421,
89618,
89815,
90111,
90407,
90703,
90901,
91197,
91394,
91690,
91888,
92184,
92381,
92578,
92973,
93171,
93467,
93763,
94059,
94355,
94552,
94749,
95046,
95342,
95736,
95934,
96230,
96526,
96723,
97019,
97315,
97513,
97809,
98105,
98302,
98598,
98796,
99092,
99486,
99684,
99980,
100177,
100473,
100671,
100967,
101263,
101460,
101756,
101953,
102249,
102546,
102842,
103039,
103434,
103631,
103927,
104124,
104421,
104618,
105013,
105210,
105506,
105802,
105999,
106197,
106493,
106690,
106986,
107184,
107480,
107776,
107973,
108171,
108368,
108763,
109059,
109355,
109651,
109947,
110243,
110539,
110835,
111131,
111526,
111921,
112217,
112513,
112809,
113105,
113401,
113697,
113993,
114289,
114684,
114980,
115276,
115572,
115868,
116263,
116657,
116953,
117249,
117546,
117842,
118138,
118434,
118730,
119026,
119421,
119815,
120111,
120506,
120802,
120999,
121296,
121592,
121888,
122184,
122578,
122874,
123171,
123467,
123763,
124355,
124651,
124848,
125144,
125440,
125638,
125934,
126230,
126427,
126723,
127019,
127315,
127611,
127907,
128203,
128499,
128993,
129289,
129684,
129980,
130276,
130473,
130868,
131263,
131657,
131953,
132249,
132546,
132743,
133039,
133335,
133631,
133828,
134026,
134322,
134618,
134914,
135111,
135407,
135605,
135901,
136098,
136394,
136592,
136789,
137184,
137381,
137677,
137973,
138269,
138565,
138763,
138960,
139256,
139552,
139947,
140144,
140440,
140736,
140934,
141230,
141526,
141723,
142019,
142315,
142513,
142809,
143006,
143302,
143697,
143894,
144190,
144388,
144684,
144881,
145177,
145473,
145671,
145967,
146164,
146460,
146756,
147052,
147249,
147644,
147842,
148138,
148335,
148631,
148828,
149223,
149421,
149717,
150013,
150210,
150407,
150703,
150901,
151197,
151394,
151690,
151986,
152184,
152381,
152578,
152776,
152973,
153269,
153565,
153861,
154059,
154355,
154552,
154848,
155046,
155342,
155539,
155736,
156131,
156328,
156624,
156921,
157217,
157513,
157710,
157907,
158203,
158499,
158894,
159092,
159388,
159684,
159881,
160177,
160473,
160671,
160967,
161263,
161460,
161657,
161855,
162052,
162348,
162644,
162940,
163138,
163434,
163631,
163927,
164124,
164421,
164618,
164914,
165210,
165506,
165802,
165999,
166296,
166592,
166888,
167184,
167677,
167973,
168171,
168467,
168763,
168960,
169256,
169453,
169848,
170144,
170440,
170736,
171032,
171328,
171624,
171921,
172315,
172611,
172809,
173105,
173401,
173697,
173993,
174289,
174486,
174782,
175078,
175276,
175868,
176164,
176657,
176953,
177151,
177447,
177743,
178039,
178335,
178631,
178927,
179124,
179421,
179717,
180013,
180407,
180605,
180999,
181197,
181592,
181986,
182184,
182578,
182874,
183072,
183368,
183565,
183861,
184256,
184552,
184749,
185144,
185342,
185638,
185835,
186131,
186328,
186723,
186921,
187217,
187414,
187710,
187907,
188302,
188499,
188796,
189092,
189289,
189486,
189881,
190078,
190276,
190572,
190868,
191164,
191460,
191657,
191953,
192151,
192447,
192743,
193039,
193236,
193631,
193927,
194124,
194421,
194618,
195013,
195210,
195407,
195802,
195999,
196296,
196493,
196789,
196986,
197282,
197480,
197776,
197973,
198368,
198565,
198861,
199157,
199355,
199651,
199947,
200144,
200539,
200934,
201131,
201526,
201822,
202019,
202315,
202513,
202809,
203203,
203499,
203697,
204092,
204289,
204585,
204782,
205078,
205276,
205671,
205868,
206164,
206361,
206657,
206855,
207249,
207447,
207743,
208039,
208236,
208434,
208828,
209026,
209223,
209519,
209815,
210111,
210407,
210605,
210901,
211098,
211394,
211690,
211986,
212184,
212578,
212874,
213072,
213368,
213565,
213960,
214157,
214355,
214749,
214947,
215243,
215440,
215736,
215934,
216230,
216427,
216723,
216921,
217315,
217611,
217907,
218203,
218598,
218894,

2 Column Long Note Times:

2 Column Release Times:

3 Column Hit Times:
1197,
1394,
1789,
2184,
2578,
2973,
3368,
3763,
4157,
4947,
5342,
6526,
7118,
7710,
8006,
8302,
8697,
9092,
9388,
9881,
10276,
10572,
10868,
11460,
11953,
12250,
12546,
13039,
13434,
13730,
13927,
14223,
14519,
14815,
15210,
15506,
15802,
16000,
16296,
16592,
16888,
17184,
17381,
17677,
18072,
18467,
18763,
19059,
19552,
19750,
20046,
20342,
20638,
20835,
21131,
21427,
21723,
21921,
22315,
22710,
23006,
23401,
23894,
24190,
24486,
24684,
24980,
25473,
25671,
25967,
26164,
26460,
26756,
27052,
27249,
27447,
27743,
28039,
28434,
28730,
29026,
29322,
29618,
29914,
30309,
30605,
30999,
31296,
31592,
31789,
32085,
32480,
32776,
33072,
33368,
33565,
33763,
34157,
34453,
34749,
35046,
35342,
35638,
35934,
36328,
36526,
36822,
37118,
37414,
37809,
38105,
38302,
38598,
38894,
39092,
39388,
39684,
39881,
40078,
40374,
40671,
40967,
41263,
41559,
41855,
42151,
42447,
42743,
43039,
43236,
43532,
43828,
44124,
44421,
44618,
45013,
45309,
45605,
45802,
46098,
46296,
46592,
46789,
47085,
47282,
47578,
47973,
48368,
48763,
49059,
49256,
49552,
49947,
50342,
50539,
50835,
51131,
51328,
51624,
51921,
52315,
52611,
52907,
53203,
53499,
53697,
53993,
54190,
54585,
54881,
55177,
55473,
55769,
56065,
56361,
56657,
57052,
57249,
57546,
57842,
58138,
58434,
58730,
58927,
59223,
59519,
59815,
60210,
60407,
60802,
60999,
61394,
61592,
61888,
62184,
62480,
62776,
63072,
63368,
63565,
63861,
64157,
64453,
64749,
65046,
65342,
65638,
65934,
66230,
66526,
66723,
67118,
67414,
67710,
67907,
68203,
68499,
68796,
69092,
69289,
69684,
69881,
70177,
70374,
70769,
71065,
71263,
71559,
71855,
72052,
72348,
72644,
72842,
73138,
73434,
73730,
73927,
74223,
74421,
74717,
74914,
75210,
75407,
75703,
75999,
76197,
76493,
76690,
76986,
77184,
77480,
77677,
77973,
78171,
78467,
78763,
78960,
79157,
79453,
79749,
79947,
80243,
80440,
80736,
80934,
81328,
81526,
81822,
82118,
82315,
82611,
82907,
83203,
83499,
83697,
83993,
84289,
84486,
84782,
85078,
85374,
85671,
85868,
86065,
86361,
86756,
87052,
87348,
87644,
87842,
88138,
88335,
88631,
88828,
89124,
89322,
89717,
90013,
90210,
90506,
90802,
90999,
91296,
91592,
91789,
92085,
92381,
92677,
92874,
93171,
93368,
93664,
93861,
94157,
94355,
94651,
94947,
95144,
95440,
95638,
95934,
96131,
96427,
96624,
96921,
97118,
97414,
97710,
97907,
98105,
98401,
98697,
98894,
99190,
99388,
99684,
99881,
100276,
100473,
100769,
101065,
101263,
101559,
101855,
102151,
102447,
102644,
102940,
103236,
103434,
103730,
104026,
104322,
104618,
104815,
105013,
105309,
105703,
105999,
106296,
106592,
106789,
107085,
107282,
107578,
107776,
108072,
108269,
108467,
108763,
109157,
109453,
109749,
110144,
110440,
110736,
111131,
111427,
111624,
111921,
112315,
112611,
112907,
113302,
113598,
113894,
114289,
114585,
114782,
115078,
115473,
115769,
116065,
116460,
116756,
117052,
117447,
117743,
117940,
118236,
118631,
118927,
119223,
119618,
119914,
120210,
120407,
120703,
120901,
121197,
121493,
121690,
121986,
122282,
122480,
122776,
123072,
123269,
123565,
123861,
124157,
124453,
124749,
125046,
125342,
125736,
126032,
126328,
126624,
126921,
127414,
127710,
128105,
128401,
128697,
128894,
129190,
129486,
129782,
130078,
130572,
130868,
131263,
131559,
131855,
132052,
132348,
132644,
132940,
133236,
133532,
133927,
134223,
134421,
134717,
135013,
135210,
135506,
135802,
135999,
136296,
136592,
136888,
137085,
137381,
137578,
137874,
138072,
138368,
138565,
138861,
139157,
139355,
139651,
139848,
140144,
140342,
140638,
140835,
141131,
141328,
141624,
141921,
142118,
142315,
142611,
142907,
143105,
143401,
143598,
143894,
144092,
144486,
144684,
144980,
145276,
145473,
145769,
146065,
146361,
146657,
146855,
147151,
147447,
147644,
147940,
148236,
148532,
148828,
149026,
149223,
149519,
149914,
150210,
150506,
150802,
150999,
151296,
151493,
151789,
151986,
152282,
152480,
152874,
153171,
153368,
153664,
153960,
154157,
154453,
154749,
154947,
155243,
155539,
155835,
156032,
156328,
156526,
156822,
157019,
157315,
157513,
157809,
158105,
158302,
158598,
158796,
159092,
159289,
159585,
159782,
160078,
160276,
160572,
160868,
161065,
161263,
161559,
161756,
161953,
162249,
162546,
162842,
163039,
163236,
163532,
163828,
164223,
164519,
164815,
165111,
165407,
165703,
166098,
166394,
166789,
167085,
167381,
167578,
167874,
168269,
168565,
168861,
169157,
169355,
169552,
169947,
170243,
170539,
170835,
171131,
171427,
171723,
172118,
172414,
172611,
172907,
173203,
173598,
173894,
174092,
174388,
174684,
174980,
175473,
175671,
176065,
176361,
176657,
176855,
177348,
177644,
177940,
178236,
178434,
179026,
179322,
179618,
179914,
180309,
180506,
180802,
181098,
181394,
181690,
181888,
182184,
182480,
182677,
182973,
183171,
183368,
183763,
183960,
184157,
184453,
184651,
184947,
185144,
185539,
185736,
186032,
186230,
186526,
186723,
187118,
187315,
187513,
187809,
188105,
188401,
188598,
188894,
189092,
189486,
189684,
189881,
190276,
190473,
190769,
190967,
191263,
191460,
191855,
192151,
192348,
192644,
192940,
193138,
193434,
193730,
194026,
194322,
194618,
194815,
195013,
195309,
195605,
195901,
196197,
196394,
196592,
196986,
197184,
197578,
197776,
198072,
198269,
198565,
198763,
199059,
199355,
199552,
199848,
200046,
200342,
200638,
200835,
201131,
201427,
201624,
201921,
202118,
202315,
202710,
202907,
203105,
203401,
203598,
203894,
204092,
204486,
204684,
204980,
205177,
205473,
205671,
206065,
206263,
206460,
206756,
207052,
207348,
207546,
207842,
208039,
208434,
208631,
208828,
209223,
209421,
209717,
209914,
210210,
210407,
210802,
211098,
211296,
211592,
211888,
212085,
212381,
212677,
212973,
213269,
213565,
213763,
213960,
214256,
214552,
214848,
215144,
215342,
215539,
215934,
216131,
216526,
216723,
217019,
217217,
217513,
217809,
218302,
218499,
218796,

3 Column Long Note Times:

3 Column Release Times:

4 Column Hit Times:
4355,
4750,
6131,
6921,
7414,
7907,
8401,
8993,
9289,
9684,
9980,
10473,
10967,
11263,
11657,
12151,
12447,
12842,
13138,
13631,
14026,
14322,
14618,
14914,
15210,
15703,
16000,
16197,
16493,
16789,
17184,
17578,
17875,
18171,
18368,
18861,
19157,
19355,
19651,
19947,
20342,
20539,
20934,
21328,
21624,
22019,
22315,
22513,
22809,
23203,
23499,
23697,
23993,
24289,
24684,
24881,
25177,
25473,
25769,
26263,
26559,
26855,
27052,
27348,
27546,
27842,
28236,
28532,
28828,
29026,
29421,
29815,
30111,
30407,
30605,
30901,
31197,
31493,
31789,
31986,
32282,
32578,
32973,
33269,
33565,
33763,
33960,
34256,
34552,
34947,
35144,
35440,
35736,
36032,
36230,
36624,
36921,
37217,
37513,
37710,
38105,
38401,
38796,
39190,
39486,
39684,
39980,
40177,
40473,
40868,
41263,
41460,
41756,
42052,
42447,
42842,
43039,
43335,
43631,
44026,
44322,
44717,
44914,
45210,
45506,
45802,
45999,
46296,
46493,
46789,
46986,
47381,
47677,
47973,
48269,
48565,
48763,
49157,
49453,
49749,
50046,
50342,
50736,
51032,
51328,
51526,
51921,
52118,
52414,
52710,
53006,
53302,
53598,
53894,
54289,
54486,
54782,
55078,
55473,
55671,
55967,
56263,
56559,
56855,
57151,
57447,
57842,
58236,
58631,
59026,
59322,
59618,
59914,
60210,
60506,
60703,
60999,
61296,
61690,
61986,
62184,
62578,
62973,
63269,
63565,
63763,
64157,
64552,
64848,
65144,
65342,
65539,
65835,
66131,
66526,
66822,
67019,
67315,
67611,
68006,
68302,
68499,
68894,
69388,
69782,
70078,
70276,
70572,
70868,
71065,
71361,
71657,
71855,
72151,
72447,
72644,
73039,
73236,
73532,
73828,
74124,
74421,
74618,
75013,
75210,
75506,
75901,
76197,
76394,
76592,
76888,
77184,
77381,
77776,
77973,
78269,
78565,
78763,
78960,
79256,
79552,
79947,
80342,
80638,
80934,
81131,
81427,
81723,
81921,
82217,
82414,
82710,
82907,
83105,
83499,
83796,
84092,
84289,
84585,
84881,
85078,
85276,
85572,
85868,
86164,
86460,
86657,
86855,
87151,
87447,
87644,
87940,
88236,
88434,
88631,
88927,
89124,
89322,
89519,
89815,
90013,
90309,
90605,
90802,
91098,
91394,
91592,
91986,
92184,
92480,
92776,
93072,
93368,
93565,
93960,
94157,
94453,
94848,
95144,
95342,
95539,
95835,
96131,
96328,
96723,
96921,
97217,
97513,
97710,
97907,
98203,
98499,
98894,
99289,
99585,
99881,
100078,
100374,
100671,
100868,
101164,
101361,
101657,
101855,
102052,
102447,
102743,
103039,
103236,
103532,
103828,
104026,
104223,
104519,
104815,
105111,
105407,
105605,
105802,
106098,
106394,
106592,
106888,
107184,
107381,
107578,
107874,
108072,
108269,
108565,
108861,
109157,
109552,
109848,
110046,
110342,
110736,
111032,
111328,
111723,
112019,
112315,
112710,
113006,
113203,
113499,
113894,
114190,
114486,
114881,
115177,
115473,
115868,
116164,
116361,
116657,
117052,
117348,
117644,
118039,
118335,
118631,
119026,
119322,
119519,
119815,
120210,
120605,
120802,
121098,
121394,
121789,
122085,
122381,
122677,
122973,
123368,
123664,
123960,
124157,
124552,
124947,
125342,
125736,
126131,
126526,
126921,
127217,
127513,
127809,
128006,
128302,
128598,
128894,
129289,
129684,
130078,
130374,
130671,
130967,
131164,
131460,
131756,
132052,
132447,
132842,
133236,
133434,
133730,
134026,
134223,
134519,
134815,
135013,
135309,
135605,
135802,
136197,
136394,
136690,
136986,
137282,
137578,
137776,
138171,
138368,
138664,
139059,
139355,
139552,
139749,
140046,
140342,
140539,
140934,
141131,
141427,
141723,
141921,
142118,
142414,
142710,
143105,
143499,
143796,
144092,
144289,
144585,
144881,
145078,
145374,
145572,
145868,
146065,
146263,
146657,
146953,
147249,
147447,
147743,
148039,
148236,
148434,
148730,
149026,
149322,
149618,
149815,
150013,
150309,
150605,
150802,
151098,
151394,
151592,
151789,
152085,
152282,
152480,
152677,
152973,
153171,
153467,
153763,
153960,
154256,
154552,
154749,
155144,
155342,
155638,
155934,
156230,
156526,
156723,
157118,
157315,
157611,
158006,
158302,
158499,
158697,
158993,
159289,
159486,
159881,
160078,
160374,
160671,
160868,
161065,
161361,
161756,
161953,
162151,
162447,
162842,
163138,
163335,
163631,
164026,
164322,
164618,
164815,
165210,
165605,
165901,
166197,
166394,
166690,
166986,
167282,
167578,
167776,
168072,
168368,
168763,
169059,
169355,
169552,
169749,
170046,
170342,
170736,
170934,
171230,
171526,
171822,
172019,
172315,
172513,
172710,
173006,
173302,
173499,
173894,
174190,
174585,
174881,
175177,
175473,
175769,
175967,
176263,
176559,
177052,
177249,
177546,
177842,
178138,
178532,
178730,
179026,
179421,
179815,
180210,
180506,
180901,
181197,
181394,
181789,
182085,
182381,
182776,
182973,
183171,
183467,
183664,
183960,
184157,
184355,
184749,
184947,
185243,
185440,
185736,
185934,
186328,
186526,
186822,
187019,
187315,
187611,
187907,
188105,
188302,
188697,
188894,
189190,
189388,
189684,
189980,
190177,
190473,
190671,
191065,
191361,
191657,
192052,
192249,
192546,
192842,
193236,
193532,
193828,
194026,
194223,
194519,
194815,
195111,
195407,
195605,
195802,
196098,
196394,
196690,
196888,
197184,
197381,
197578,
197874,
198171,
198467,
198664,
198960,
199157,
199552,
199749,
200144,
200342,
200736,
201032,
201328,
201723,
201921,
202118,
202414,
202611,
202907,
203105,
203302,
203697,
203894,
204190,
204388,
204684,
204881,
205276,
205473,
205769,
205967,
206263,
206559,
206855,
207052,
207249,
207644,
207842,
208138,
208335,
208631,
208927,
209124,
209421,
209618,
210013,
210309,
210605,
210999,
211197,
211493,
211789,
212184,
212480,
212776,
212973,
213171,
213467,
213763,
214059,
214355,
214552,
214749,
215046,
215342,
215638,
215835,
216131,
216328,
216526,
216822,
217118,
217414,
217710,
218006,
218302,
218697,

4 Column Long Note Times:

4 Column Release Times:

