Artist : Various Artists
Song Name : Jumpstream Complexes Vol. 2A
Difficulty : 0
BPM : 190
Background Image : charts\Various Artists-Jumpstream Complexes Vol. 2A\The Last Page.png
Audio : charts\Various Artists-Jumpstream Complexes Vol. 2A\The Last Page.mp3

1 Column Hit Times:
7911,
8834,
9757,
10680,
11603,
12526,
13449,
14372,
15295,
15834,
16219,
16757,
17142,
17680,
18065,
18988,
19526,
19911,
20449,
20834,
21372,
22141,
22603,
23372,
25526,
27525,
27987,
29141,
29525,
29987,
30371,
30602,
30910,
31371,
31833,
32217,
32448,
32756,
33217,
33448,
33679,
34140,
34448,
34833,
35294,
35602,
35986,
36140,
36371,
36909,
37679,
37986,
38755,
40140,
41063,
41678,
42755,
43217,
43678,
44294,
46601,
49832,
50370,
50832,
51062,
51678,
51985,
52601,
52908,
53678,
53985,
54447,
54754,
55370,
55524,
55831,
56293,
56754,
57523,
57831,
58534,
58908,
59369,
60600,
61062,
62139,
62754,
64138,
65061,
65831,
66138,
66446,
66984,
67215,
67369,
68138,
68292,
68830,
69215,
69753,
70061,
70676,
70907,
71061,
71830,
71984,
72522,
72907,
73445,
73676,
73830,
74292,
74599,
74907,
75138,
75291,
75522,
75676,
76138,
76753,
77061,
77445,
77984,
78291,
78599,
78830,
78984,
79214,
79368,
79830,
80445,
80753,
81137,
81830,
83060,
83983,
85829,
87675,
88598,
88752,
89060,
89521,
89829,
89983,
90444,
91060,
91214,
93829,
93983,
94213,
94444,
94675,
94906,
95136,
95598,
95905,
98751,
98982,
99213,
99444,
99828,
100136,
100290,
100597,
100905,
101136,
101367,
101521,
101751,
101905,
102136,
102367,
102597,
102751,
102905,
103136,
103290,
103520,
103751,
103982,
104290,
104443,
104597,
104905,
105059,
105289,
105674,
105828,
105982,
106136,
106366,
106520,
106751,
106905,
107059,
107289,
107520,
107751,
107982,
108212,
108366,
108597,
109058,
109212,
109366,
109597,
109828,
109981,
110212,
110443,
110597,
110751,
111212,
111366,
111520,
111674,
111904,
112058,
112289,
112674,
112981,
113212,
113366,
113520,
113750,
113904,
114135,
114366,
114520,
114750,
115058,
115212,
115520,
115673,
115827,
116058,
116289,
116520,
116673,
116827,
117058,
117212,
117366,
117519,
117673,
118058,
118212,
118442,
118750,
119058,
119212,
119365,
119519,
119750,
119981,
120212,
120442,
120596,
120750,
120904,
121135,
121288,
121519,
121673,
121827,
122058,
122211,
122442,
122904,
123058,
123211,
123519,
123673,
123827,
123981,
124211,
124442,
124673,
124904,
125057,
125211,
125365,
125519,
125750,
125980,
126134,
126288,
126442,
126673,
126827,
127057,
127288,
127442,
127673,
127903,
128057,
128211,
128519,
128673,
128903,
129057,
131595,
132518,
132903,
133441,
134364,
134749,
135287,
136211,

1 Column Long Note Times:
21680,
23987,
25833,
28602,
44601,
45832,
48293,
49216,
53216,
92290,
129211,

1 Column Release Times:
21834,
24910,
27064,
28910,
44627,
45858,
48319,
49242,
53524,
93521,
131057,

2 Column Hit Times:
7373,
7834,
7988,
8142,
8296,
8757,
8911,
9219,
9680,
9834,
9988,
10142,
10603,
11065,
11527,
11680,
11834,
11988,
12450,
12603,
12911,
13373,
13526,
13680,
13834,
14296,
14757,
15219,
15372,
15526,
15680,
16142,
16295,
16603,
17065,
17218,
17372,
17526,
17988,
18449,
18911,
19064,
19218,
19372,
19834,
19987,
20295,
20757,
20910,
21064,
21218,
22141,
22449,
22910,
23064,
23526,
24295,
25679,
25833,
26602,
27141,
27295,
27679,
28295,
28448,
29371,
29525,
29756,
29910,
30218,
30448,
30756,
30987,
31141,
31602,
31756,
32064,
32294,
32602,
32833,
32987,
33371,
33756,
33910,
34140,
34371,
34525,
34756,
34910,
35217,
35448,
35756,
36063,
36294,
36448,
36756,
37217,
38140,
38448,
39063,
39986,
40294,
40755,
41371,
41986,
42601,
43063,
43832,
44755,
45370,
45986,
48139,
48447,
49062,
50139,
50447,
50908,
51139,
51370,
51601,
51985,
52293,
52447,
53062,
53524,
53985,
54601,
54908,
55677,
56293,
56600,
57677,
58262,
58805,
59062,
59523,
60139,
60754,
61369,
61985,
62600,
63369,
63985,
64292,
64908,
65215,
65984,
66292,
66600,
66831,
67061,
67523,
67754,
67907,
68446,
68677,
68907,
69369,
69600,
69830,
70292,
70523,
70753,
71215,
71446,
71599,
72138,
72369,
72599,
73061,
73292,
73599,
73830,
73984,
74292,
74753,
74984,
75368,
75830,
76138,
76599,
76830,
76984,
77214,
77368,
77676,
77984,
78445,
78676,
79060,
79522,
79830,
80291,
80522,
80676,
80906,
81060,
81522,
82753,
84445,
85368,
86137,
87368,
89214,
89367,
89752,
90137,
90444,
90598,
91367,
91675,
91829,
92598,
92752,
93521,
93675,
94059,
94290,
94521,
94752,
94982,
95290,
95444,
95752,
95905,
96905,
97828,
98751,
99059,
99290,
99598,
99751,
100059,
100290,
100751,
100905,
101059,
101290,
101597,
101751,
101982,
102136,
102290,
102520,
102751,
102982,
103290,
103443,
103674,
103905,
104213,
104443,
104674,
104828,
105059,
105213,
105443,
105597,
105828,
105982,
106213,
106366,
106597,
106751,
106905,
107059,
107366,
107597,
107828,
108059,
108212,
108443,
108597,
108905,
109212,
109443,
109674,
109828,
110058,
110289,
110443,
110597,
110751,
110981,
111212,
111597,
111751,
111904,
112135,
112443,
112597,
112827,
113058,
113212,
113404,
113520,
113827,
114058,
114212,
114443,
114750,
114904,
115058,
115289,
115443,
115673,
115904,
116135,
116289,
116520,
116750,
116981,
117135,
117366,
117750,
117904,
118058,
118289,
118519,
118673,
118904,
119135,
119365,
119519,
119673,
119827,
120058,
120365,
120596,
120750,
120981,
121135,
121365,
121519,
121673,
121827,
121981,
122288,
122442,
122827,
123058,
123288,
123442,
123827,
123981,
124134,
124365,
124596,
124750,
124980,
125211,
125442,
125596,
125903,
126134,
126288,
126519,
126673,
126903,
127057,
127211,
127365,
127673,
127826,
127980,
128211,
128365,
128596,
128749,
128903,
129057,
129211,
129672,
130595,
131519,
131672,
131826,
131980,
132442,
132903,
133365,
133518,
133672,
133826,
134288,
134441,
134749,
135211,
135364,
135518,
135672,
136134,

2 Column Long Note Times:
21834,
23680,
24910,
28910,
46755,
47678,
56908,
87983,

2 Column Release Times:
21987,
23987,
25218,
29218,
46774,
47697,
57216,
88291,

3 Column Hit Times:
7758,
8681,
9065,
9604,
10527,
10757,
11450,
12373,
12757,
13296,
14219,
14449,
14757,
15142,
16065,
16449,
16603,
16988,
17911,
18141,
18449,
18834,
19757,
20141,
20295,
20680,
21603,
23218,
23449,
23603,
23987,
24603,
24756,
25756,
26295,
26756,
26910,
27218,
28141,
28602,
29064,
29679,
29833,
30141,
30448,
30679,
31064,
31218,
31525,
31679,
31987,
32294,
32525,
32910,
33064,
33294,
33525,
33833,
33987,
34294,
34602,
34986,
35140,
35525,
35833,
35986,
36217,
36525,
36679,
36833,
37371,
37832,
38602,
38909,
39525,
39832,
40601,
40909,
41525,
41832,
42140,
42448,
42909,
43524,
43986,
44447,
45217,
45678,
46140,
46909,
47986,
48909,
49678,
50293,
50755,
50985,
51216,
51447,
51832,
52139,
52755,
53062,
53370,
53831,
54139,
54293,
54908,
55139,
55370,
55831,
56600,
57216,
57523,
57985,
58385,
58666,
59062,
59831,
60292,
61216,
61523,
61831,
62446,
63062,
63677,
64446,
64754,
65369,
65907,
66215,
66369,
66677,
66907,
67600,
67984,
68523,
68753,
69446,
69676,
69984,
70138,
70369,
70599,
71292,
71676,
72215,
72446,
73138,
73369,
73522,
73753,
74061,
74215,
74445,
74599,
75061,
75215,
75676,
75907,
76061,
76291,
76907,
77138,
77368,
77522,
77753,
77907,
78137,
78291,
78753,
78907,
79368,
79599,
79753,
79983,
80599,
80830,
81060,
81214,
82445,
84906,
86445,
87060,
88598,
88906,
89060,
89829,
90137,
90290,
90752,
91060,
91367,
91521,
91983,
92290,
92444,
93213,
93367,
94136,
94367,
94598,
94829,
95059,
95213,
95521,
95675,
95829,
95982,
98828,
99059,
99367,
99521,
99674,
99982,
100213,
100444,
100674,
100828,
101059,
101213,
101521,
101828,
102059,
102290,
102444,
102674,
102905,
103059,
103213,
103367,
103597,
103828,
103982,
104136,
104366,
104520,
104751,
104982,
105136,
105366,
105520,
105674,
105905,
106059,
106289,
106443,
106597,
106828,
106982,
107136,
107443,
107674,
108135,
108289,
108443,
108674,
108982,
109135,
109366,
109520,
109674,
109905,
110135,
110366,
110674,
110904,
111135,
111289,
111674,
111828,
111981,
112212,
112366,
112520,
112751,
112904,
113058,
113443,
113597,
113750,
113981,
114289,
114443,
114673,
114904,
115135,
115366,
115596,
115827,
115981,
116443,
116596,
116750,
116904,
117289,
117443,
117596,
117827,
117981,
118135,
118442,
118596,
118827,
118981,
119212,
119442,
119673,
119904,
120135,
120288,
120519,
120827,
121058,
121212,
121442,
121750,
121904,
122135,
122365,
122596,
122750,
122981,
123134,
123365,
123673,
123904,
124057,
124288,
124519,
124750,
124904,
125134,
125288,
125519,
125673,
125827,
126057,
126365,
126596,
126750,
126903,
127211,
127365,
127519,
127673,
127980,
128134,
128288,
128442,
128749,
128980,
129134,
129596,
129826,
129980,
130134,
130519,
130749,
131057,
131442,
132365,
132595,
133288,
134211,
134595,
135134,
136057,
136287,

3 Column Long Note Times:
21987,
25218,
27372,
29218,
44909,
46447,
48601,
49524,
136518,

3 Column Release Times:
22141,
25526,
27679,
29525,
44947,
46473,
48620,
49543,
136595,

4 Column Hit Times:
7681,
8604,
9527,
10450,
10911,
11373,
12296,
13219,
14142,
14603,
15065,
15680,
15988,
16911,
17526,
17834,
18295,
18757,
19372,
19680,
20603,
21218,
21526,
21757,
23833,
24449,
24910,
25218,
26141,
27064,
28910,
29218,
29448,
29602,
30064,
30294,
30525,
30833,
31294,
31448,
31910,
32141,
32371,
32679,
33140,
33602,
34063,
34217,
34679,
35063,
35371,
35679,
35909,
36602,
36909,
38294,
39217,
39678,
40448,
42294,
43371,
44140,
45063,
47063,
48755,
50601,
51293,
51524,
51678,
52139,
52601,
52908,
53524,
53831,
54447,
54754,
55062,
55216,
55677,
55985,
56139,
56447,
56754,
57370,
57677,
58139,
59985,
60446,
60908,
61677,
62292,
64600,
65523,
66061,
66446,
66754,
67215,
67369,
67677,
67830,
68292,
68600,
69061,
69215,
69523,
69830,
70138,
70446,
70907,
71061,
71369,
71523,
71984,
72292,
72753,
72907,
73215,
73369,
73522,
74138,
74368,
74753,
75061,
75368,
75984,
76215,
76445,
76599,
76907,
77214,
77522,
77830,
78061,
78445,
78753,
79060,
79676,
79907,
80137,
80291,
80599,
80906,
81214,
82137,
86752,
89521,
89675,
90752,
90906,
91675,
91983,
92137,
92906,
93060,
93906,
95367,
95829,
95982,
98905,
99136,
99367,
99674,
99905,
100136,
100367,
100597,
100828,
100982,
101213,
101674,
101828,
101982,
102213,
102444,
102597,
102828,
103059,
103213,
103367,
103674,
103828,
104059,
104290,
104597,
104751,
104905,
105213,
105366,
105520,
105751,
106136,
106289,
106443,
106674,
106982,
107212,
107520,
107674,
107982,
108289,
108520,
108751,
108905,
109135,
109289,
109520,
109751,
109981,
110135,
110289,
110520,
110674,
110828,
111058,
111212,
111443,
111674,
111828,
111981,
112135,
112443,
112597,
112751,
112904,
113135,
113481,
113674,
113904,
114135,
114366,
114597,
114827,
114981,
115366,
115596,
115750,
115981,
116212,
116366,
116596,
116904,
117058,
117212,
117519,
117673,
117827,
117981,
118135,
118366,
118596,
118750,
119058,
119289,
119596,
119827,
119981,
120135,
120288,
120442,
120673,
120904,
121058,
121212,
121365,
121596,
121750,
122135,
122288,
122519,
122750,
122981,
123211,
123365,
123750,
123904,
124134,
124288,
124442,
124596,
124827,
125057,
125365,
125519,
125673,
125827,
125980,
126211,
126442,
126596,
126750,
126980,
127134,
127365,
127596,
127750,
127980,
128173,
128288,
128519,
128673,
128826,
128980,
129134,
129519,
129749,
130442,
130672,
130903,
131365,
131980,
132288,
132749,
133211,
133826,
134134,
135057,
135672,
135980,

4 Column Long Note Times:
22141,
23064,
25526,
27679,
45524,
47370,
88291,
94136,
136441,

4 Column Release Times:
22757,
23372,
25833,
28602,
45550,
47396,
88598,
95059,
136595,

