Artist : hololive
Song Name : hololive song pack
Difficulty : 0
BPM : 190
Background Image : charts\hololive-hololive song pack\Calliope Mori - The Grim Reaper is a Live-Streamer.png
Audio : charts\hololive-hololive song pack\Calliope Mori - The Grim Reaper is a Live-Streamer.ogg

1 Column Hit Times:
15764,
16248,
16732,
19151,
19635,
20361,
20844,
21570,
22054,
23203,
24594,
25199,
25441,
25683,
25925,
26288,
26893,
27135,
30280,
30643,
31490,
31732,
32215,
32578,
32941,
33183,
35119,
36086,
36328,
37054,
38022,
38264,
38748,
39232,
40199,
40925,
41893,
42861,
43223,
43828,
44191,
44796,
45280,
45522,
46006,
46248,
46611,
47215,
47699,
48062,
48667,
49030,
49756,
50119,
50482,
50844,
51812,
52780,
53667,
54594,
54957,
55320,
55804,
56046,
56409,
56772,
57014,
57619,
57861,
58344,
58828,
59312,
59554,
59796,
60280,
60643,
61006,
61248,
61732,
62215,
62457,
62699,
64393,
64635,
64877,
65844,
66086,
66570,
72377,
73828,
74433,
74796,
75401,
76248,
76369,
76732,
79635,
80602,
84715,
85441,
85925,
88465,
89554,
90038,
94151,
94514,
95361,
95482,
95723,
97054,
98990,
102861,
103102,
103586,
104796,
108667,
109151,
110361,
113990,
114232,
114352,
114715,
114957,
115683,
117619,
117861,
118344,
118828,
119554,
120038,
121490,
121732,
121973,
122094,
122457,
122699,
123425,
125361,
125602,
126086,
126570,
127296,
127538,
127780,
128022,
128990,
129957,
130441,
131409,
132377,
132861,
133344,
133828,
134312,
134554,
134796,
135280,
136248,
136732,
137215,
137538,
137861,
138183,
138667,
138990,
139957,
140441,
140602,
141086,
142054,
146651,
147377,
147861,
150401,
151490,
151973,
156086,
156449,
157296,
157417,
157659,
158990,
160925,
164796,
165038,
165280,
165522,
166006,
166732,
170602,
171086,
172296,
174473,
175199,
175804,
176409,
176893,
177619,
177861,
179554,
179796,
180280,
181006,
181490,
181732,
182457,
183183,
183909,
184030,
184393,
185361,
185602,
186086,
186570,
187538,
189715,
189836,

1 Column Long Note Times:
17699,
17941,
18183,
18425,
18667,
22296,
22538,
23506,
23748,
23990,
24232,
27377,
27619,
27861,
29312,
29796,
30038,
31006,
33909,
35602,
36570,
37538,
38506,
39473,
40441,
41409,
42377,
42619,
51086,
52054,
53022,
53990,
63183,
63909,
66691,
67659,
68143,
68627,
70078,
70562,
71530,
72861,
77457,
78022,
78667,
79756,
80723,
81570,
81812,
82054,
82296,
82538,
82901,
83506,
83990,
85199,
86167,
86409,
87377,
87619,
87861,
88102,
89070,
91248,
91490,
93183,
93667,
93909,
94877,
96207,
97296,
97780,
99232,
99957,
100199,
100441,
100683,
100925,
101409,
102135,
104191,
105280,
105522,
105764,
106127,
106732,
106973,
107457,
107820,
109635,
110602,
111570,
116409,
116772,
117135,
120280,
120643,
121006,
124151,
124514,
124877,
128627,
129594,
130764,
131086,
131732,
132498,
135764,
139393,
141570,
142538,
143506,
143748,
143990,
144232,
144473,
144836,
145441,
145925,
147135,
148102,
148344,
149312,
149554,
149796,
150038,
151006,
153183,
153425,
155119,
155602,
155844,
156812,
158143,
159232,
159715,
161167,
161893,
162135,
162377,
162619,
162861,
163344,
164070,
167215,
167457,
167699,
168062,
168667,
168909,
169393,
169756,
171570,
172538,
173506,
178344,
178707,
179070,
187054,

1 Column Release Times:
17820,
18062,
18304,
18546,
18788,
22417,
22901,
23627,
23869,
24111,
24352,
27498,
27740,
28223,
29554,
29917,
30159,
31248,
34151,
35663,
36631,
37598,
38566,
39534,
40502,
41469,
42437,
42679,
51570,
52538,
53506,
54473,
63546,
64151,
67054,
68022,
68506,
68990,
70441,
70925,
71893,
73586,
77699,
78183,
78828,
79998,
80965,
81691,
81933,
82175,
82417,
82659,
83264,
83748,
84232,
85320,
86288,
86772,
87498,
87740,
87982,
88223,
89312,
91369,
91611,
93425,
93788,
94030,
95119,
96691,
97538,
98022,
99473,
100078,
100320,
100562,
100804,
101167,
101651,
102377,
104675,
105401,
105643,
106006,
106490,
106852,
107094,
107699,
108425,
109877,
111086,
112054,
116651,
117014,
117377,
120522,
120885,
121248,
124393,
124756,
125119,
128929,
129897,
130925,
131248,
131893,
132800,
136006,
139635,
141933,
142901,
143627,
143869,
144111,
144352,
144594,
145199,
145683,
146167,
147256,
148223,
148707,
149433,
149675,
149917,
150159,
151248,
153304,
153546,
155361,
155723,
155965,
157054,
158627,
159473,
159957,
161409,
162014,
162256,
162498,
162740,
163102,
163586,
164312,
167336,
167578,
167941,
168425,
168788,
169030,
169635,
170361,
171812,
173022,
173990,
178586,
178949,
179312,
187296,

2 Column Hit Times:
16248,
16732,
17699,
18425,
19393,
19877,
20119,
20602,
20844,
21328,
21812,
23264,
23506,
23869,
24352,
24594,
25199,
25441,
25804,
26167,
31248,
31490,
31852,
32094,
32336,
32699,
32941,
35361,
35844,
36812,
37780,
38990,
39715,
40441,
42377,
43102,
43344,
43707,
43949,
44312,
44554,
44796,
45038,
45280,
45643,
46006,
46248,
46732,
47094,
47578,
47941,
48183,
48667,
48909,
49151,
49514,
49998,
51086,
52054,
53022,
53748,
53990,
54836,
55078,
55562,
55925,
56288,
56530,
56893,
57256,
57498,
57740,
57982,
58344,
58586,
58828,
59070,
59796,
60280,
60764,
61490,
61732,
61973,
62094,
62457,
62941,
63183,
63546,
63909,
64151,
64635,
64877,
65602,
65844,
68022,
68506,
69957,
70441,
71409,
74312,
74433,
75280,
75401,
75764,
76369,
79635,
80119,
80602,
81570,
82296,
83748,
84232,
85683,
87619,
87982,
88465,
89312,
89796,
95240,
95361,
95482,
95723,
95965,
96933,
100804,
102861,
103344,
103586,
103828,
104070,
104796,
106732,
108667,
108909,
109393,
109635,
109998,
110482,
111328,
113748,
113990,
114473,
114957,
115441,
115683,
115925,
116167,
116409,
116893,
117377,
117619,
118344,
119070,
119554,
119796,
120280,
120764,
121006,
121490,
122215,
122941,
123425,
123667,
124151,
124635,
124877,
125361,
126086,
126328,
126812,
127296,
128022,
128506,
128990,
129473,
130925,
131893,
132377,
132861,
133949,
134312,
134796,
135280,
135522,
135764,
136086,
136409,
137215,
137699,
138022,
138344,
138667,
139151,
139796,
139957,
140280,
140441,
140602,
140764,
141086,
141248,
141570,
143506,
144232,
145683,
146167,
147619,
149554,
149917,
150401,
151248,
151732,
157175,
157296,
157417,
157659,
157901,
158869,
162740,
164796,
165038,
165280,
165764,
166006,
166732,
168667,
170602,
170844,
171328,
171570,
171933,
172417,
173264,
174473,
174957,
175199,
175804,
176409,
176893,
177377,
177861,
178102,
178344,
178828,
179070,
179554,
180280,
180522,
180764,
181490,
181732,
181973,
182457,
182699,
183183,
183909,
184030,
184393,
184635,
184877,
185361,
185602,
185844,
186086,
186328,
186570,
187054,
187780,

2 Column Long Note Times:
15764,
18909,
22054,
26409,
26651,
26893,
27135,
28344,
28586,
29554,
30280,
33667,
35602,
36328,
36570,
37054,
37538,
38264,
38506,
38748,
39473,
40199,
40925,
41409,
42135,
42861,
51328,
52296,
53264,
54232,
66207,
67054,
68990,
71530,
72014,
72861,
76732,
77861,
78506,
78828,
79151,
79756,
80240,
80723,
82780,
84473,
84957,
85925,
90280,
90522,
90764,
91006,
91732,
92215,
92457,
93425,
94151,
96207,
98022,
98264,
98506,
98748,
99473,
99957,
101893,
102135,
102377,
102619,
104191,
105038,
105764,
106127,
107215,
108062,
111086,
111570,
117861,
125602,
128627,
129594,
129957,
131409,
132014,
132498,
133465,
136732,
142054,
142538,
144715,
146409,
146893,
147861,
152215,
152457,
152699,
152941,
153667,
154151,
154393,
155361,
156086,
158143,
159957,
160199,
160441,
160683,
161409,
161893,
163828,
164070,
164312,
164554,
166127,
166973,
167699,
168062,
169151,
169998,
173022,
173506,
179796,
187296,

2 Column Release Times:
16187,
19030,
22175,
26530,
26772,
27014,
27256,
28465,
28707,
29796,
30643,
34151,
35663,
36389,
36631,
37115,
37598,
38324,
38566,
38808,
39534,
40260,
40986,
41469,
42195,
42921,
51570,
52538,
53506,
54473,
66570,
67538,
69715,
71893,
72377,
73586,
77336,
78022,
78667,
78990,
79312,
79998,
80482,
80965,
82901,
84715,
85078,
86046,
90401,
90643,
90885,
91127,
92094,
92336,
92578,
93667,
94514,
96570,
98143,
98385,
98627,
98869,
99715,
100320,
102014,
102256,
102498,
102740,
104675,
105280,
106006,
106490,
107457,
108425,
111268,
112054,
118102,
125844,
128929,
129897,
130441,
131570,
132316,
132800,
133768,
136973,
142417,
142901,
144836,
146651,
147014,
147982,
152336,
152578,
152820,
153062,
154030,
154272,
154514,
155602,
156449,
158506,
160078,
160320,
160562,
160804,
161651,
162256,
163949,
164191,
164433,
164675,
166611,
167215,
167941,
168425,
169393,
170361,
173223,
173990,
180038,
187538,

3 Column Hit Times:
16732,
17699,
18183,
18667,
19635,
20119,
20602,
21570,
22296,
22901,
23324,
23445,
23627,
23869,
24111,
24352,
26409,
26651,
28344,
30280,
31369,
31611,
31973,
32457,
32699,
33062,
36086,
37296,
39473,
40683,
41167,
41651,
42135,
42619,
43344,
44070,
44312,
44796,
45159,
45885,
46248,
46490,
46732,
46973,
47215,
47820,
48183,
48546,
49151,
49635,
49877,
50119,
50602,
51570,
52538,
53506,
53748,
53909,
54473,
54957,
55441,
55683,
55925,
56167,
56409,
56893,
57135,
57619,
57861,
58223,
58707,
59312,
59554,
60038,
60159,
60522,
60764,
61006,
61490,
62215,
64151,
64877,
65361,
65602,
65844,
66086,
66570,
67538,
68506,
70441,
71409,
71893,
73344,
73949,
74917,
75764,
75885,
79635,
80119,
80602,
81570,
82054,
83506,
83990,
84473,
85441,
86167,
86772,
87498,
87740,
87982,
88223,
92215,
94151,
95119,
95240,
95723,
95965,
96812,
100683,
103102,
103344,
103586,
103828,
104070,
106006,
108425,
108909,
109151,
109635,
109998,
110844,
111328,
113990,
114473,
114957,
115683,
115925,
116409,
116893,
117135,
118102,
118586,
118828,
119554,
119796,
120038,
120280,
120522,
120764,
121248,
121732,
122215,
122699,
123183,
123667,
123909,
124151,
124393,
124635,
125119,
125844,
126086,
126570,
127054,
127538,
128022,
128506,
128990,
129473,
131409,
131893,
132377,
133344,
133828,
134191,
134675,
135038,
135280,
135522,
135764,
136248,
136570,
136893,
137699,
138183,
138667,
139151,
139635,
139796,
140119,
140280,
140764,
140925,
141248,
141409,
141570,
143506,
143990,
145441,
145925,
146409,
147377,
148102,
148707,
149433,
149675,
149917,
150159,
154151,
156086,
157054,
157175,
157659,
157901,
158748,
162619,
165038,
165522,
165764,
166006,
167941,
170361,
170844,
171086,
171570,
171933,
172780,
173264,
174715,
174957,
175441,
176167,
176288,
176651,
176893,
177619,
178102,
178344,
178586,
178828,
179312,
180038,
180522,
180764,
181490,
181732,
181973,
182215,
182699,
182941,
183546,
184151,
184635,
185361,
185844,
186570,
186812,
187296,

3 Column Long Note Times:
15764,
16248,
19151,
20965,
21812,
25441,
25683,
25925,
26167,
28828,
29070,
29796,
30643,
33425,
34151,
35119,
35602,
36570,
37538,
38506,
38990,
40441,
41409,
42377,
50844,
51812,
52780,
62699,
63546,
67659,
68627,
70562,
72014,
72498,
73465,
74312,
75280,
76248,
77215,
77699,
78344,
78990,
79312,
79756,
80240,
80723,
83022,
84715,
85683,
88465,
89312,
89554,
89796,
90038,
90643,
91248,
92699,
92941,
93667,
94514,
96207,
97054,
97538,
98022,
98506,
98990,
99232,
99473,
99715,
100320,
100925,
101167,
101409,
101651,
101893,
102619,
104191,
105280,
106490,
106973,
110602,
111086,
111570,
117619,
125361,
128143,
129111,
129957,
130602,
130925,
131570,
132014,
132982,
133465,
137215,
142054,
142538,
144957,
146651,
147619,
150401,
151248,
151490,
151732,
151973,
152578,
153183,
154635,
154877,
155602,
156449,
158143,
158990,
159473,
159957,
160441,
160925,
161167,
161409,
161651,
162256,
162861,
163102,
163344,
163586,
163828,
164554,
166127,
167215,
168425,
168909,
172538,
173022,
173506,
179554,
187538,

3 Column Release Times:
16187,
16671,
19272,
21328,
21933,
25562,
25804,
26046,
26288,
28949,
29191,
30038,
31006,
33667,
34393,
35179,
35663,
36631,
37598,
38566,
39050,
40502,
41469,
42437,
51086,
52054,
53022,
63183,
63909,
68022,
68990,
70925,
72377,
72861,
73828,
74433,
75401,
76369,
77336,
77861,
78506,
79151,
79473,
79998,
80482,
80965,
83143,
84836,
85804,
88828,
89433,
89675,
89917,
90159,
91006,
91611,
92820,
93062,
93909,
94877,
96449,
97296,
97780,
98264,
98748,
99111,
99352,
99594,
99836,
100562,
101046,
101288,
101530,
101772,
102135,
102861,
104675,
105522,
106732,
107215,
110784,
111268,
112054,
117861,
125602,
128445,
129413,
130441,
130764,
131086,
131732,
132316,
133284,
133768,
137457,
142417,
142901,
145078,
146772,
147740,
150764,
151369,
151611,
151852,
152094,
152941,
153546,
154756,
154998,
155844,
156812,
158385,
159232,
159715,
160199,
160683,
161046,
161288,
161530,
161772,
162498,
162982,
163223,
163465,
163707,
164070,
164796,
166611,
167457,
168667,
169151,
172740,
173223,
173990,
179796,
187780,

4 Column Hit Times:
17941,
18667,
18909,
20965,
22054,
22538,
23385,
23748,
24111,
25562,
26046,
26409,
26893,
28344,
28586,
28707,
30643,
31248,
31732,
31973,
32215,
32457,
32820,
35602,
36570,
37538,
38022,
38506,
39957,
41409,
43344,
43586,
44070,
44312,
44675,
45280,
45764,
46127,
46732,
47215,
47457,
47941,
48183,
48425,
48667,
49151,
49393,
49877,
50119,
50361,
51328,
52296,
53264,
54473,
54715,
54957,
55199,
55683,
55925,
56409,
56651,
56893,
57377,
57861,
58102,
58344,
58828,
59070,
59554,
59796,
60280,
60764,
61248,
61490,
61732,
62941,
63183,
63546,
63909,
64151,
65119,
65361,
65602,
65844,
67538,
68022,
69957,
71893,
72377,
73344,
73828,
73949,
74796,
74917,
75885,
80119,
81812,
84836,
85925,
86409,
87377,
87740,
88223,
89312,
89796,
92215,
92457,
92578,
94514,
95119,
95965,
96691,
100562,
102861,
103102,
103344,
103828,
104070,
106006,
108667,
109151,
109393,
110844,
113748,
114473,
115199,
115925,
116167,
116409,
116651,
116893,
117861,
118344,
118828,
119312,
119796,
120280,
120764,
121490,
121732,
121973,
122215,
122699,
123425,
123667,
123909,
124151,
124635,
125602,
126570,
127296,
127538,
127780,
128506,
129473,
130925,
131893,
132861,
133344,
133828,
134070,
134433,
134796,
135038,
135925,
136732,
137054,
137377,
137699,
138183,
138506,
138828,
139635,
140119,
140925,
141409,
142054,
143748,
146772,
147861,
148344,
149312,
149675,
150159,
151248,
151732,
154151,
154393,
154514,
156449,
157054,
157901,
158627,
162498,
164796,
165280,
165522,
165764,
167941,
170602,
171086,
171328,
172780,
174715,
175441,
176167,
176288,
176651,
177135,
177619,
177861,
178102,
178828,
179796,
180038,
180280,
180764,
181248,
181973,
182215,
182941,
183546,
184151,
184635,
185119,
185602,
185844,
187296,
187538,
187780,
189715,
189836,

4 Column Long Note Times:
15764,
16248,
16732,
19393,
19635,
19877,
20119,
20361,
20602,
21570,
22901,
24594,
27377,
27861,
28102,
29312,
29554,
30038,
33183,
34151,
35119,
36328,
37054,
38264,
38748,
38990,
39473,
40199,
40441,
40925,
42135,
42377,
42619,
42861,
50602,
51570,
52538,
53506,
62215,
66207,
66691,
68143,
68990,
70078,
70925,
72498,
74312,
75280,
76248,
77215,
77457,
78183,
79473,
80240,
82538,
83264,
83506,
83748,
83990,
84232,
84473,
85441,
86772,
90280,
91732,
91973,
93183,
93425,
93909,
97054,
97296,
97538,
97780,
98264,
98748,
99715,
101167,
101651,
102377,
104796,
105038,
105522,
106490,
107215,
107457,
107699,
109998,
110602,
111086,
117377,
125119,
128143,
129111,
130441,
131248,
132982,
136248,
139151,
141570,
142538,
144473,
145199,
145441,
145683,
145925,
146167,
146409,
147377,
148707,
152215,
153667,
153909,
155119,
155361,
155844,
158990,
159232,
159473,
159715,
160199,
160683,
161651,
163102,
163586,
164312,
166127,
166732,
166973,
167457,
168425,
169151,
169393,
169635,
171933,
172538,
173022,
179312,
186086,
186449,
186812,

4 Column Release Times:
16187,
16671,
17155,
19514,
19756,
19998,
20240,
20482,
20723,
21691,
23264,
25199,
27740,
27982,
28223,
29433,
29675,
30280,
33667,
34393,
35179,
36389,
37115,
38324,
38808,
39050,
39534,
40260,
40502,
40986,
42195,
42437,
42679,
42921,
51086,
52054,
53022,
53990,
62699,
66570,
67054,
68506,
69715,
70441,
71409,
72861,
74433,
75401,
76369,
77336,
77699,
78344,
79635,
80482,
82901,
83385,
83627,
83869,
84111,
84352,
84594,
85562,
87135,
90643,
91852,
92094,
93304,
93546,
94151,
97175,
97417,
97659,
97901,
98506,
98990,
99957,
101409,
101893,
102619,
104917,
105159,
105764,
106732,
107336,
107578,
108425,
110240,
110784,
111570,
117619,
125361,
128445,
129413,
130602,
131409,
133284,
136490,
139393,
141933,
142901,
144836,
145320,
145562,
145804,
146046,
146288,
146530,
147498,
149070,
152578,
153788,
154030,
155240,
155482,
156086,
159111,
159352,
159594,
159836,
160441,
160925,
161893,
163344,
163828,
164554,
166611,
166852,
167094,
167699,
168667,
169272,
169514,
170361,
172175,
172740,
173506,
179554,
186328,
186691,
187054,

