Artist : hololive
Song Name : hololive song pack
Difficulty : 0
BPM : 190
Background Image : charts\hololive-hololive song pack\Calliope Mori - The Grim Reaper is a Live-Streamer.png
Audio : charts\hololive-hololive song pack\Calliope Mori - The Grim Reaper is a Live-Streamer.ogg

1 Column Hit Times:
17699,
17941,
18183,
18425,
18667,
19634,
20118,
20360,
21570,
22296,
23505,
23747,
23989,
24231,
24715,
25199,
27376,
27618,
29312,
29796,
30038,
30643,
32215,
32457,
38022,
39232,
41651,
43223,
43828,
44796,
45280,
46248,
46489,
47215,
47699,
48667,
49030,
50119,
54957,
55925,
56409,
57619,
58102,
58828,
59312,
59796,
60280,
61006,
61732,
62215,
62699,
63425,
63909,
64393,
64877,
65602,
68022,
70441,
73828,
73949,
76248,
76369,
77215,
77699,
77860,
78022,
80602,
81570,
81812,
82054,
82296,
82538,
83505,
84715,
84957,
85199,
86167,
86409,
87376,
87618,
87860,
88102,
91247,
91489,
92215,
93183,
94876,
95361,
95482,
96691,
97054,
98990,
100925,
102861,
103344,
104070,
104796,
106005,
106247,
108667,
109151,
110361,
111328,
113990,
114473,
114957,
115683,
116409,
116772,
117134,
117619,
117861,
118828,
119554,
120038,
120643,
121490,
121973,
122094,
122457,
123425,
124151,
124513,
125361,
125602,
126086,
127296,
127780,
129957,
130441,
131409,
131893,
133949,
134312,
134675,
135280,
135763,
136248,
136973,
137699,
138667,
139151,
140118,
141086,
141247,
141409,
143505,
143747,
143989,
144231,
144836,
145441,
146772,
147134,
148344,
149312,
149554,
149796,
150038,
152699,
152941,
154634,
154876,
155602,
155844,
157296,
157417,
158990,
160925,
162134,
162860,
165280,
166006,
166732,
168425,
170602,
171086,
171570,
172054,
174473,
176409,
177861,
178344,
178707,
179554,
179796,
181006,
181490,
182457,
183909,
184030,
185361,
186328,
187054,
187538,

1 Column Long Note Times:
15763,
16247,
16731,
20965,
33183,
34151,
35602,
36570,
37538,
38506,
40441,
42619,
51086,
52296,
53263,
53990,
68143,
70562,
72860,
80723,
97538,
99715,
101409,
106731,
107457,
109635,
110602,
111570,
130764,
132013,
142538,
158143,
159473,
161651,
163586,
164554,
167215,
168667,
169634,
172538,
173506,
183183,

1 Column Release Times:
16187,
16671,
17155,
21328,
33667,
34393,
35663,
36631,
37598,
38566,
40502,
42679,
51570,
52538,
53505,
54473,
68506,
70925,
73344,
80965,
97780,
99957,
101651,
106973,
107699,
109877,
111086,
112054,
130925,
132376,
142901,
158627,
159715,
161893,
163828,
164675,
167457,
168909,
169755,
173022,
173990,
183546,

2 Column Hit Times:
18909,
22054,
23264,
25441,
26409,
26651,
26893,
27134,
28344,
28586,
31248,
31490,
35361,
35844,
36812,
37780,
39715,
41893,
43102,
44312,
44796,
45159,
45763,
46005,
46732,
47094,
47941,
48183,
48909,
49151,
49634,
50360,
54957,
55683,
56893,
58102,
58344,
59554,
60280,
60764,
61490,
61732,
62457,
62941,
63667,
65602,
66086,
71409,
74312,
74433,
75280,
75401,
79151,
79312,
79473,
80119,
80602,
82780,
83022,
83263,
85441,
85925,
86651,
86893,
87134,
88344,
89312,
90280,
90522,
90763,
91005,
92457,
92578,
93183,
93425,
94393,
94634,
95240,
95723,
96812,
103828,
104312,
104554,
106731,
108546,
109998,
110482,
111086,
113989,
114473,
115441,
115925,
116409,
117619,
118344,
119070,
119796,
120522,
121006,
121731,
122699,
122941,
123667,
124151,
124635,
124877,
125361,
126328,
126812,
127296,
128506,
129473,
133344,
134070,
134554,
135280,
135522,
136489,
136731,
137215,
137941,
138425,
140118,
140280,
140441,
141086,
144473,
145925,
146167,
146893,
147376,
147860,
148102,
148586,
149312,
151248,
151731,
151973,
152578,
153183,
153425,
154151,
154393,
155118,
156328,
156812,
157175,
157659,
158869,
162376,
164796,
165522,
166247,
168062,
170844,
171570,
171933,
173022,
173264,
175199,
176409,
176893,
177377,
177861,
178344,
178828,
179070,
179554,
180280,
180764,
181732,
182699,
184393,
184877,
185602,
185844,
186086,
186570,
187296,

2 Column Long Note Times:
15763,
16247,
22538,
33425,
35118,
36328,
37054,
38264,
38748,
39473,
40199,
40925,
41409,
42135,
42861,
51328,
52054,
53022,
54232,
66207,
67054,
68989,
71530,
76731,
80240,
96207,
97780,
98505,
98748,
99231,
99957,
100199,
100683,
101651,
102377,
102619,
105522,
107215,
108062,
128626,
129594,
130602,
131086,
131731,
133465,
139393,
141570,
142054,
142538,
158143,
159715,
160441,
160683,
161167,
163344,
164312,
167457,
168909,
169755,
175804,

2 Column Release Times:
16187,
16671,
22901,
33667,
35179,
36389,
37115,
38324,
38808,
39534,
40260,
40986,
41469,
42195,
42921,
51570,
52538,
53505,
54473,
66570,
67538,
69473,
71893,
76973,
80482,
96691,
98022,
98626,
98869,
99473,
100078,
100320,
100804,
101893,
102498,
102740,
105763,
107457,
108425,
128989,
129957,
130763,
131247,
131893,
133828,
139634,
141933,
142417,
142901,
158506,
159957,
160562,
160804,
161409,
163586,
164433,
167699,
169151,
169997,
176167,

3 Column Hit Times:
16731,
19151,
19634,
19876,
20602,
20844,
21812,
23384,
24473,
25441,
25683,
25925,
26167,
27376,
28828,
29070,
30763,
31005,
32699,
32941,
36086,
37296,
40683,
41167,
43344,
44070,
44554,
45522,
46005,
46248,
46490,
46973,
47215,
48183,
49393,
49877,
50119,
54473,
54715,
55441,
56167,
56893,
57135,
57619,
57861,
58586,
59070,
59796,
60522,
61973,
62699,
63667,
64151,
64634,
65360,
65844,
67538,
68506,
71893,
73344,
74796,
74917,
76247,
77215,
78667,
78828,
78989,
79635,
80119,
81570,
84473,
84836,
85683,
88586,
89312,
89554,
89796,
90038,
90643,
91247,
93667,
93909,
94151,
94513,
95119,
95965,
96933,
103102,
103344,
105763,
106126,
106489,
108425,
108909,
109151,
109635,
110844,
114231,
114352,
114957,
115683,
116167,
116893,
118102,
118586,
119554,
120038,
120280,
120764,
121248,
122215,
123183,
123667,
123909,
124393,
125119,
125844,
126086,
126570,
127054,
127538,
128022,
132377,
133828,
134191,
134433,
134796,
135038,
135763,
136247,
137215,
137699,
138183,
138667,
139635,
140602,
140764,
140925,
143506,
144715,
145441,
145683,
146651,
147376,
147618,
148828,
151247,
151489,
156449,
157054,
158748,
162255,
165038,
165764,
166126,
166489,
167699,
168183,
168667,
170361,
171328,
172054,
172538,
172780,
174957,
176893,
177619,
178102,
178586,
178828,
180038,
180522,
180764,
181490,
181732,
181973,
182941,
184151,
184635,
185361,
186086,
186570,
186812,
187296,
189715,
189836,

3 Column Long Note Times:
15763,
33667,
35602,
36570,
37538,
38506,
38990,
41409,
42377,
50844,
51570,
52780,
53505,
67659,
68627,
72014,
73465,
79755,
80240,
80723,
97296,
99473,
100441,
100925,
105038,
106973,
107699,
111570,
128143,
129957,
130925,
131409,
132497,
142054,
159231,
161409,
162860,
164070,
166973,
169151,
173506,
183546,

3 Column Release Times:
16187,
34151,
35663,
36631,
37598,
38566,
39050,
41469,
42437,
51086,
52054,
53022,
53989,
68022,
68990,
72377,
73828,
79997,
80482,
80965,
97538,
99715,
100562,
101167,
105280,
107215,
107820,
112054,
128505,
130441,
131086,
131570,
132860,
142417,
159473,
161651,
163102,
164191,
167215,
169393,
173990,
183909,

4 Column Hit Times:
16247,
16731,
17699,
19393,
21086,
21328,
21570,
23505,
27860,
28102,
28707,
29312,
29554,
30280,
30522,
31248,
31732,
31973,
38022,
39957,
43344,
43586,
44070,
44312,
45038,
45280,
46732,
47457,
47941,
48425,
48667,
49151,
49877,
54473,
55199,
55683,
55925,
56409,
56651,
57377,
57861,
58344,
58828,
59554,
60038,
60159,
60764,
61248,
61490,
62215,
63183,
64151,
64634,
65119,
65360,
65844,
66570,
69957,
72377,
73828,
74312,
75280,
75763,
75884,
76973,
78183,
78344,
78505,
79634,
82901,
83505,
83747,
83989,
84231,
85441,
86772,
87377,
88828,
89070,
91731,
91973,
92699,
92941,
95118,
102861,
103586,
104191,
108667,
109393,
110602,
113748,
114715,
115199,
115925,
116167,
116651,
116893,
117376,
117861,
118344,
118828,
119312,
119796,
120280,
120764,
121490,
121732,
122215,
122699,
123425,
123909,
124635,
125602,
126570,
127538,
127780,
128989,
130925,
132861,
133828,
134312,
134796,
136005,
136732,
137457,
138183,
138909,
139635,
139796,
139957,
140602,
144957,
145199,
146409,
148707,
149070,
150280,
150522,
150763,
151005,
152215,
152457,
153183,
153667,
153909,
154514,
155118,
155360,
156086,
156570,
157054,
157901,
158627,
161893,
162618,
164796,
165280,
165764,
166247,
167941,
170602,
171086,
171812,
172296,
174715,
176167,
176288,
176651,
177135,
177619,
178102,
179312,
179796,
180280,
181248,
181973,
182215,
184151,
184635,
185119,
185602,
185844,
186449,
187538,

4 Column Long Note Times:
22901,
24594,
33909,
35119,
36328,
37054,
38264,
38748,
38990,
39473,
40199,
40441,
40925,
42135,
42377,
42619,
42861,
50602,
51812,
52538,
53747,
63546,
66691,
70078,
70925,
72498,
77457,
79755,
96207,
97054,
98022,
98263,
98989,
100320,
101167,
101893,
102134,
104796,
105280,
107820,
109998,
111086,
129110,
130441,
131248,
131570,
132981,
139151,
141570,
142538,
158989,
159957,
160199,
160925,
163102,
163828,
166731,
169393,
169997,
173022,
175441,

4 Column Release Times:
23264,
25199,
34151,
35179,
36389,
37115,
38324,
38808,
39050,
39534,
40260,
40502,
40986,
42195,
42437,
42679,
42921,
51086,
52054,
53022,
53989,
63909,
67054,
70441,
71409,
72861,
77699,
79997,
96691,
97296,
98143,
98384,
99231,
100441,
101409,
102013,
102255,
105038,
105522,
108062,
110240,
111570,
129473,
130602,
131409,
131731,
133344,
139393,
141933,
142901,
159231,
160078,
160320,
161167,
163344,
163949,
166973,
169634,
170360,
173506,
175804,

