Artist : Various Artists
Song Name : Jumpstream Practice Pack (JPP)
Difficulty : 0
BPM : 190
Background Image : charts\Various Artists-Jumpstream Practice Pack (JPP)\Today.jpg
Audio : charts\Various Artists-Jumpstream Practice Pack (JPP)\Today.mp3

1 Column Hit Times:
7230,
7684,
8139,
8593,
9048,
9502,
10184,
10639,
11320,
11775,
12230,
12684,
13139,
13820,
14275,
14957,
15411,
15866,
16320,
16775,
17457,
17911,
18593,
19048,
19502,
19957,
20411,
21093,
21548,
22230,
22684,
23139,
23593,
24048,
24730,
25411,
25866,
26548,
27002,
27684,
28139,
28593,
29048,
29502,
30184,
30639,
31320,
31775,
32230,
32457,
32684,
33139,
33820,
34275,
34957,
35411,
35866,
36320,
36775,
37230,
37684,
38139,
38593,
39957,
40184,
40639,
40866,
41093,
41548,
41775,
42002,
42343,
42684,
42911,
43366,
43593,
44048,
44275,
44616,
44843,
45184,
45411,
45752,
46093,
46320,
46548,
46889,
47116,
47457,
47684,
48025,
48366,
48593,
48934,
49275,
49502,
49730,
50184,
50411,
50866,
51207,
51434,
51661,
52002,
52230,
52570,
52798,
53025,
53366,
53593,
53820,
54161,
54389,
54616,
54957,
55184,
55525,
55866,
56093,
56320,
56661,
57002,
57457,
57684,
58025,
58366,
58593,
58934,
59275,
59502,
59843,
60070,
60411,
60639,
60866,
61320,
61775,
62002,
62343,
62684,
62911,
63366,
63593,
63934,
64275,
64502,
64843,
65184,
65411,
65639,
66093,
66320,
66548,
67002,
67230,
67570,
67798,
68025,
68366,
68593,
68820,
69048,
69502,
69843,
70184,
70639,
70866,
71775,
72230,
72570,
73139,
73480,
74048,
74502,
74957,
75298,
75866,
76207,
76775,
77116,
77684,
78025,
78593,
79502,
79957,
80298,
80639,
81320,
81661,
82230,
82684,
83139,
83820,
84275,
84730,
85639,
86093,
86548,
87230,
87684,
88139,
88593,
89048,
89502,
90184,
90639,
91320,
91775,
92230,
92684,
93139,
93820,
94275,
94957,
95411,
95866,
96320,
96775,
97457,
97911,
98593,
99048,
99502,
99957,
100411,
101093,
101548,
101889,
102230,
102570,
102911,
103366,
103820,
104161,
104502,
104843,
105184,
105525,
105866,
106320,
106548,
107230,
107684,
108139,
108593,
109048,
109389,
109730,
110184,
110639,
111093,
111775,
112116,
112684,
113139,
113480,
113820,
114048,
114502,
114843,
115298,
115639,
115866,
116207,
116548,
117002,
117457,
118025,
118366,
118820,
119275,
119730,
119957,
120184,
120639,
120866,
121093,
121548,
121775,
122002,
122343,
122684,
122911,
123366,
123593,
124048,
124275,
124616,
124843,
125184,
125411,
125752,
126093,
126320,
126548,
126889,
127116,
127457,
127684,
128025,
128366,
128593,
128934,
129275,
129502,
129730,
130184,
130411,
130866,
131207,
131434,
131661,
132002,
132230,
132570,
132798,
133025,
133366,
133593,
133820,
134275,
134616,
134957,
135184,
135525,
135866,
136093,
136320,
136661,
137002,
137457,
137684,
137911,
138139,
138593,
138934,
139275,
139502,
139843,
140070,
140411,
140639,
140866,
141320,
141775,
142002,
142343,
142684,
142911,
143366,
143593,
143934,
144275,
144502,
144843,
145184,
145411,
145639,
146093,
146320,
146548,
147002,
147230,
147570,
147798,
148025,
148366,
148593,
148820,
149048,
149502,
149843,
150184,
150639,
150866,
151775,
152230,
152570,
153139,
153480,
154048,
154502,
154957,
155298,
155866,
156207,
156775,
157116,
157684,
158025,
158593,
159502,
159957,
160298,
160639,
161320,
161661,
162230,
162684,
163025,
163593,
164048,
164389,
164730,
165184,
165411,
166320,
166775,
167116,
167684,
168025,
168593,
169048,
169502,
169843,
170411,
170752,
171320,
171661,
172230,
172570,
173139,
174048,
174502,
174957,
175752,
176320,
177002,
177798,
178025,
178252,
178593,
179048,
179502,
179957,
180411,
180866,
181207,
181775,
182116,
182457,
182684,
183139,
183480,
183707,
184048,
184502,
184957,
185184,
185411,
185752,
185980,
186320,
186548,
186889,
187230,
187684,
188139,
188593,
188934,
189275,
189502,
189957,
190411,
190866,
191207,
191548,
191889,
192230,
192570,
192798,
193139,
193593,
194048,
194502,
194730,
195070,
195411,
195752,
196320,
196661,
196889,
197230,
197684,
198025,
198252,
198593,
199048,
199502,
199730,
199957,
200298,
200525,
200866,
201320,
201775,
202230,
202457,
202798,
203139,
203366,
203707,
204048,
204502,
204843,
205184,
205639,
205980,
206320,
206775,
207002,
207230,

1 Column Long Note Times:

1 Column Release Times:

2 Column Hit Times:
7457,
7911,
8593,
9048,
9502,
9957,
10411,
10752,
11093,
11548,
12002,
12230,
12684,
13139,
13593,
14048,
14389,
14730,
15184,
15866,
16320,
16775,
17230,
17684,
18366,
18820,
19502,
19957,
20411,
20866,
21320,
22002,
22684,
22911,
23593,
23934,
24275,
24957,
25184,
25866,
26320,
26775,
27230,
27684,
28366,
28820,
29048,
29502,
29957,
30411,
31093,
31434,
32230,
32684,
33139,
33593,
34048,
34730,
35070,
35866,
36320,
38025,
39957,
40298,
40525,
40866,
41207,
41661,
42002,
42230,
42570,
42798,
43139,
43480,
43707,
43934,
44275,
44502,
44730,
45184,
45411,
45639,
45980,
46207,
46548,
46775,
47230,
47570,
47911,
48139,
48480,
48820,
49161,
49502,
49843,
50070,
50411,
50639,
50980,
51320,
51661,
51889,
52230,
52570,
52911,
53139,
53366,
53593,
53934,
54161,
54389,
54730,
54957,
55298,
55639,
55866,
56207,
56434,
56775,
57002,
57230,
57570,
57911,
58139,
58366,
58707,
59048,
59502,
59843,
60184,
60411,
60752,
60980,
61207,
61548,
61889,
62230,
62457,
62798,
63139,
63593,
63820,
64161,
64502,
64730,
65070,
65298,
65639,
65866,
66093,
66320,
66661,
67002,
67230,
67457,
67684,
68025,
68252,
68593,
68820,
69502,
69957,
70525,
71093,
71320,
71661,
72230,
72457,
72911,
73366,
73820,
74161,
74502,
74843,
75184,
75639,
75980,
76207,
76548,
77002,
77457,
77798,
78139,
78480,
78820,
79275,
79616,
79957,
80411,
80752,
81207,
81548,
82002,
82457,
82911,
83366,
85184,
87002,
87457,
87911,
88593,
89048,
89502,
89957,
90411,
90752,
91093,
91548,
92230,
92684,
93139,
93593,
94048,
94389,
94730,
95184,
95866,
96320,
96775,
97230,
97684,
98025,
98366,
98820,
99502,
99957,
100411,
100866,
101320,
101661,
102002,
102343,
102798,
103139,
103480,
104048,
104389,
104616,
104957,
105298,
105639,
105980,
106320,
106661,
107002,
107343,
107684,
108025,
108252,
108593,
108820,
109161,
109502,
109843,
110070,
110411,
110752,
111320,
111661,
112002,
112343,
112684,
113025,
113366,
113707,
114275,
114616,
114957,
115184,
115525,
115980,
116320,
117684,
118480,
119957,
120298,
120525,
120866,
121207,
121661,
122002,
122230,
122570,
122798,
123139,
123480,
123707,
123934,
124275,
124502,
124730,
125184,
125411,
125639,
125980,
126207,
126548,
126775,
127230,
127570,
127911,
128139,
128480,
128820,
129161,
129502,
129843,
130070,
130411,
130639,
130980,
131320,
131661,
131889,
132230,
132570,
132911,
133139,
133366,
133593,
133934,
134161,
134389,
134730,
134957,
135298,
135639,
135866,
136207,
136434,
136775,
137002,
137230,
137570,
137911,
138139,
138366,
138707,
139048,
139502,
139843,
140184,
140411,
140752,
140980,
141207,
141548,
141889,
142230,
142457,
142798,
143139,
143593,
143820,
144161,
144502,
144730,
145070,
145298,
145639,
145866,
146093,
146320,
146661,
147002,
147230,
147457,
147684,
148025,
148252,
148593,
148820,
149502,
149957,
150525,
151093,
151320,
151661,
152230,
152457,
152911,
153366,
153820,
154161,
154502,
154843,
155184,
155639,
155980,
156207,
156548,
157002,
157457,
157798,
158139,
158480,
158820,
159275,
159616,
159957,
160411,
160752,
161207,
161548,
162002,
162457,
163139,
163480,
164048,
164502,
165070,
165639,
165866,
166207,
166775,
167002,
167457,
167911,
168366,
168707,
169048,
169389,
169730,
170184,
170525,
170752,
171093,
171548,
172002,
172343,
172684,
173025,
173366,
173820,
174161,
174502,
174843,
175639,
176661,
177457,
177798,
178025,
178366,
178820,
179161,
179502,
179843,
180184,
180525,
180752,
181093,
181434,
181775,
182230,
182684,
183025,
183366,
183820,
184161,
184502,
184843,
185184,
185411,
185866,
186320,
186661,
187002,
187343,
187684,
188025,
188366,
188707,
189161,
189616,
189957,
190184,
190525,
190866,
191320,
191661,
192002,
192343,
192570,
192911,
193366,
193707,
194048,
194389,
194957,
195184,
195639,
195980,
196320,
196775,
197230,
197570,
197911,
198366,
198707,
199048,
199389,
199730,
199957,
200411,
200866,
201207,
201548,
201889,
202230,
202570,
203139,
203480,
203820,
204161,
204389,
204730,
204957,
205298,
205525,
205866,
206207,
206548,
206775,
207002,
207230,

2 Column Long Note Times:
39048,
119048,

2 Column Release Times:
39502,
119502,

3 Column Hit Times:
7684,
8139,
8593,
9275,
9730,
10411,
10866,
11320,
11775,
12059,
12230,
12911,
13366,
14048,
14502,
14957,
15411,
15866,
16548,
17002,
17684,
18139,
18593,
19048,
19502,
20184,
20639,
21320,
21775,
22230,
23366,
23820,
24161,
24502,
25184,
25411,
25866,
26320,
26775,
27457,
27911,
28593,
28820,
29502,
29957,
30411,
30866,
31320,
31548,
32002,
32457,
33139,
33593,
34048,
34502,
34957,
35184,
35639,
36093,
37570,
40184,
40411,
40752,
41093,
41320,
41661,
41889,
42230,
42457,
42684,
43025,
43366,
43593,
43820,
44161,
44502,
44957,
45298,
45639,
45866,
46207,
46434,
46661,
47002,
47343,
47684,
47911,
48252,
48593,
49048,
49275,
49616,
49957,
50184,
50525,
50752,
51093,
51320,
51548,
51775,
52116,
52457,
52684,
52911,
53139,
53480,
53707,
54048,
54275,
54502,
54843,
55070,
55411,
55752,
56207,
56548,
56775,
57116,
57343,
57684,
58025,
58252,
58480,
58820,
59048,
59275,
59730,
59957,
60184,
60525,
60752,
61093,
61320,
61775,
62116,
62457,
62684,
63025,
63366,
63707,
64048,
64389,
64616,
64957,
65184,
65525,
65866,
66207,
66434,
66775,
67116,
67457,
67684,
67911,
68139,
68480,
68707,
68934,
69275,
69730,
70411,
70752,
71207,
71548,
72002,
72343,
72684,
73139,
73593,
73934,
74275,
74730,
75411,
75752,
76093,
76320,
76775,
77230,
77570,
77911,
78366,
78707,
79048,
79502,
79843,
80184,
80866,
81093,
81434,
81775,
82230,
82570,
83025,
83480,
85298,
87116,
87684,
88139,
88593,
88934,
89275,
89730,
90411,
90866,
91320,
91775,
92230,
92570,
92911,
93366,
94048,
94502,
94957,
95411,
95866,
96207,
96548,
97002,
97684,
98139,
98593,
99048,
99502,
99843,
100184,
100639,
101320,
101775,
102116,
102457,
102684,
103139,
103593,
103934,
104275,
104730,
105070,
105411,
105752,
106207,
106775,
107116,
107457,
107911,
108366,
108707,
108934,
109275,
109616,
109957,
110411,
110866,
111207,
111548,
111889,
112230,
112457,
112798,
113139,
113593,
113934,
114389,
114730,
115070,
115411,
115752,
116093,
116320,
117684,
118934,
120184,
120411,
120752,
121093,
121320,
121661,
121889,
122230,
122457,
122684,
123025,
123366,
123593,
123820,
124161,
124502,
124957,
125298,
125639,
125866,
126207,
126434,
126661,
127002,
127343,
127684,
127911,
128252,
128593,
129048,
129275,
129616,
129957,
130184,
130525,
130752,
131093,
131320,
131548,
131775,
132116,
132457,
132684,
132911,
133139,
133480,
133707,
134048,
134275,
134502,
134843,
135070,
135411,
135752,
136207,
136548,
136775,
137116,
137343,
137684,
138025,
138252,
138480,
138820,
139048,
139275,
139730,
139957,
140184,
140525,
140752,
141093,
141320,
141775,
142116,
142457,
142684,
143025,
143366,
143707,
144048,
144389,
144616,
144957,
145184,
145525,
145866,
146207,
146434,
146775,
147116,
147457,
147684,
147911,
148139,
148480,
148707,
148934,
149275,
149730,
150411,
150752,
151207,
151548,
152002,
152343,
152684,
153139,
153593,
153934,
154275,
154730,
155411,
155752,
156093,
156320,
156775,
157230,
157570,
157911,
158366,
158707,
159048,
159502,
159843,
160184,
160866,
161093,
161434,
161775,
162230,
162570,
162911,
163366,
163820,
164275,
164957,
165298,
165752,
166093,
166548,
166889,
167230,
167684,
168139,
168480,
168820,
169275,
169957,
170298,
170639,
170866,
171320,
171775,
172116,
172457,
172911,
173252,
173593,
174048,
174389,
174730,
175866,
176093,
177230,
177684,
177911,
178139,
178480,
178707,
179048,
179389,
179616,
180070,
180411,
180639,
180980,
181320,
181548,
181889,
182343,
182798,
183252,
183593,
183934,
184275,
184616,
185070,
185298,
185639,
186093,
186434,
186775,
187230,
187570,
187911,
188252,
188593,
189048,
189502,
189843,
190298,
190639,
190980,
191434,
191775,
192230,
192457,
192684,
193025,
193252,
193593,
193934,
194161,
194616,
194957,
195298,
195525,
195866,
196093,
196548,
197002,
197343,
197798,
198139,
198480,
198820,
199161,
199616,
199843,
200184,
200639,
200980,
201434,
201775,
202116,
202684,
202911,
203252,
203593,
203934,
204275,
204616,
204957,
205411,
205752,
206093,
206320,
206548,
206889,
207116,

3 Column Long Note Times:
39502,
119502,

3 Column Release Times:
39957,
119957,

4 Column Hit Times:
7230,
7684,
8366,
8820,
9502,
9957,
10411,
10866,
11320,
12116,
12457,
13139,
13593,
14048,
14502,
14957,
15639,
16093,
16775,
17230,
17684,
18139,
18593,
19275,
19730,
20411,
20866,
21320,
21775,
22457,
22911,
23139,
24048,
24502,
24957,
25639,
26093,
26775,
27230,
27684,
28139,
28593,
29275,
29730,
30411,
30866,
31320,
31775,
32230,
32911,
33366,
34048,
34502,
34957,
35411,
35866,
36548,
37002,
37457,
37911,
38366,
38820,
40070,
40411,
40639,
40980,
41320,
41548,
41775,
42116,
42457,
42911,
43139,
43480,
43820,
44048,
44389,
44730,
44957,
45298,
45525,
45866,
46093,
46320,
46775,
47230,
47457,
47798,
48139,
48366,
48820,
49048,
49389,
49730,
49957,
50298,
50639,
50866,
51093,
51548,
51775,
52002,
52457,
52684,
53025,
53252,
53480,
53820,
54048,
54275,
54502,
54730,
55184,
55411,
55639,
56093,
56320,
56548,
56889,
57230,
57457,
57911,
58139,
58593,
58820,
59161,
59389,
59730,
59957,
60298,
60639,
60866,
61093,
61434,
61661,
62002,
62230,
62570,
62911,
63139,
63480,
63820,
64048,
64275,
64730,
64957,
65411,
65752,
65980,
66207,
66548,
66775,
67116,
67343,
67570,
67911,
68139,
68366,
68707,
69048,
69389,
69957,
70411,
70866,
71320,
71775,
72116,
72684,
73025,
73593,
74048,
74389,
74957,
75411,
75866,
76093,
76320,
76661,
77230,
77684,
78139,
78593,
79048,
79389,
79730,
80411,
80866,
81320,
81775,
82116,
82684,
83139,
83593,
84048,
84502,
85411,
85866,
86320,
87230,
87684,
88366,
88820,
89502,
89957,
90411,
90866,
91320,
92002,
92457,
93139,
93593,
94048,
94502,
94957,
95639,
96093,
96775,
97230,
97684,
98139,
98593,
99275,
99730,
100411,
100866,
101320,
101775,
102230,
102684,
103025,
103593,
104048,
104502,
104957,
105411,
105866,
106093,
106434,
106775,
107230,
107570,
107798,
108139,
108480,
109048,
109502,
109957,
110298,
110866,
111320,
111775,
112230,
112570,
112911,
113252,
113593,
114048,
114502,
114957,
115411,
115866,
116320,
116775,
117230,
117911,
118139,
118593,
119048,
119843,
120070,
120411,
120639,
120980,
121320,
121548,
121775,
122116,
122457,
122911,
123139,
123480,
123820,
124048,
124389,
124730,
124957,
125298,
125525,
125866,
126093,
126320,
126775,
127230,
127457,
127798,
128139,
128366,
128820,
129048,
129389,
129730,
129957,
130298,
130639,
130866,
131093,
131548,
131775,
132002,
132457,
132684,
133025,
133252,
133480,
133820,
134048,
134502,
134730,
135184,
135411,
135639,
136093,
136320,
136548,
136889,
137230,
137457,
137798,
138025,
138366,
138593,
138820,
139161,
139389,
139730,
139957,
140298,
140639,
140866,
141093,
141434,
141661,
142002,
142230,
142570,
142911,
143139,
143480,
143820,
144048,
144275,
144730,
144957,
145411,
145752,
145980,
146207,
146548,
146775,
147116,
147343,
147570,
147911,
148139,
148366,
148707,
149048,
149389,
149957,
150411,
150866,
151320,
151775,
152116,
152684,
153025,
153593,
154048,
154389,
154957,
155411,
155866,
156093,
156320,
156661,
157230,
157684,
158139,
158593,
159048,
159389,
159730,
160411,
160866,
161320,
161775,
162116,
162684,
163139,
163593,
163934,
164502,
164957,
165411,
165866,
166320,
166661,
167230,
167570,
168139,
168593,
168934,
169502,
169957,
170411,
170639,
170866,
171207,
171775,
172230,
172684,
173139,
173593,
173934,
174275,
175184,
176548,
177684,
177911,
178139,
178593,
178934,
179275,
179730,
179957,
180298,
180866,
181320,
181661,
182002,
182230,
182570,
182911,
183139,
183593,
184048,
184389,
184730,
184957,
185298,
185525,
185866,
186207,
186775,
187116,
187457,
187798,
188139,
188480,
188820,
189048,
189389,
189730,
190070,
190411,
190752,
191093,
191320,
191775,
192116,
192457,
192684,
193139,
193480,
193820,
194275,
194502,
194843,
195411,
195866,
196207,
196434,
196775,
197116,
197457,
197684,
198139,
198593,
198934,
199275,
199502,
199843,
200070,
200411,
200752,
201093,
201320,
201661,
202002,
202343,
202684,
203025,
203593,
204048,
204275,
204730,
205070,
205411,
205639,
206093,
206434,
206661,
206889,

4 Column Long Note Times:

4 Column Release Times:

