Artist : Various Artists
Song Name : Jumpstream Complexes Vol. 2A
Difficulty : 0
BPM : 190
Background Image : charts\Various Artists-Jumpstream Complexes Vol. 2A\Toki wo Kizamu Uta (Shouya Namai vs LU-I Remix).jpg
Audio : charts\Various Artists-Jumpstream Complexes Vol. 2A\Toki wo Kizamu Uta (Shouya Namai vs LU-I Remix).mp3

1 Column Hit Times:
3219,
3749,
4631,
4984,
5690,
6043,
6572,
7455,
8866,
9219,
10278,
10807,
11337,
12043,
13102,
14866,
15043,
15572,
15749,
16807,
16984,
17337,
17690,
18043,
18219,
18749,
19102,
19278,
19807,
20160,
21572,
21837,
22102,
22366,
22631,
22807,
22984,
23337,
23690,
23866,
24043,
24219,
25807,
26160,
26513,
26690,
27043,
27396,
27572,
27837,
28190,
28366,
28631,
28896,
29249,
29690,
30131,
30572,
30925,
31102,
31455,
31631,
31984,
32249,
32425,
32690,
32955,
33396,
33572,
33925,
34102,
34366,
34631,
34984,
35337,
35513,
35690,
35955,
36219,
36572,
36837,
37102,
37366,
37719,
38160,
38337,
38602,
39043,
39396,
39572,
39925,
40278,
40631,
40807,
41160,
41513,
41690,
41955,
42396,
42749,
43013,
43190,
43455,
43631,
43896,
44160,
44337,
44690,
44955,
45131,
45307,
45484,
45749,
45925,
46102,
46366,
46543,
46719,
46896,
47116,
47293,
47469,
47646,
47822,
47999,
48396,
49101,
50160,
52278,
53690,
54396,
55101,
56160,
57748,
58278,
58454,
61807,
67101,
67983,
68512,
72218,
72924,
73630,
73983,
74512,
76277,
76983,
78747,
79453,
79630,
80159,
82983,
83688,
85100,
88277,
88983,
89512,
90041,
90571,
90924,
91277,
91806,
91983,
92865,
93218,
93924,
94277,
94453,
95159,
95688,
96747,
97277,
97983,
98688,
99571,
100277,
100630,
100983,
101247,
101424,
101688,
102041,
102394,
102571,
102924,
103100,
103453,
103806,
104159,
104600,
104865,
105130,
105306,
105747,
105924,
106188,
106453,
106718,
106982,
107159,
107335,
107600,
107865,
108130,
108482,
108659,
108835,
109012,
109188,
109365,
109541,
109718,
109894,
110071,
111571,
111924,
112100,
112365,
112541,
112806,
113159,
113512,
113688,
114041,
114218,
114571,
114747,
115100,
115277,
115541,
115718,
115982,
116335,
116512,
116777,
117041,
117218,
117571,
117835,
118100,
118365,
118541,
118806,
118982,
119159,
119424,
119688,
119953,
120218,
120394,
120747,
120924,
121277,
121453,
121806,
121982,
122247,
122512,
122777,
123041,
123306,
123571,
123747,
124012,
124277,
124453,
124630,
124982,
125159,
125512,
125688,
125953,
126218,
126482,
126747,
127100,
127277,
127453,
127630,
127894,
128159,
128512,
128688,
128953,
129218,
129394,
129571,
129747,
130012,
130277,
130541,
130718,
130894,
131071,
131247,
131512,
131688,
131865,
132041,
132306,
132571,
132747,
133894,
134160,
134424,
134689,
134865,
135218,
135395,
135660,
135924,
136189,
136630,
136807,
136983,
137336,
137601,
137954,
138218,
138483,
138748,
139012,
139454,
139718,
139983,
140160,
140336,
140689,
140865,
141218,
141571,
141924,
142101,
142365,
142630,
142983,
143336,
143601,
144042,
144218,
144394,
144571,
144747,
145100,
145277,
145453,
145806,
146071,
146424,
146777,
147218,
147571,
147747,
148012,
148277,
148453,
148630,
148983,
149159,
149336,
150042,
150394,
150747,
150924,
151277,
151453,
151630,
151983,
152159,
152512,
152689,
152865,
153042,
153218,
153659,
153836,
154012,
154189,
154630,
154983,
155159,
155336,
155689,
155865,
156041,
156218,
156394,
156571,
156747,
157012,
157189,
157453,
157630,
157894,
158071,
158336,
158512,
158689,
158865,
159041,
159218,
159571,
159747,
160365,
160630,
160806,
161159,
161336,
161512,
161689,
161865,
162041,
162218,
162394,
162659,
162924,
163100,
163277,
163541,
163806,
163983,
164159,
164336,
164600,
164777,
165041,
165218,
165394,
165659,
165924,
166100,
166277,
166630,
166983,
167424,
167600,
167777,
168041,
168218,
168394,
168571,
168924,
169100,
169453,
169630,
169806,
170247,
170424,
170689,
170865,
171041,
171218,
171394,
171571,
171747,
172100,
172277,
172453,
172630,
172894,
173071,
173247,
173424,
173689,
173865,
174041,
174218,
174394,
174659,
174836,
175012,
175189,
175365,
175630,
175806,
175983,
176159,
176336,
176512,
176689,
176865,
177041,
177218,
177394,
177571,
177747,
177924,
178277,
178806,
179336,
179865,
180218,
180571,
181100,
181277,
182159,
182512,
183218,
183571,
183747,
184453,
184983,
186041,
186571,
187277,
187983,
188865,
189218,
189571,
189924,
190277,
190806,
191336,
191688,
192041,
192218,
192747,
193100,
193453,
193806,
193983,
194512,
194688,
194865,
195218,
195571,
195924,
196100,
196453,
196630,
197159,
197512,
197777,
197953,
198218,
198571,
199100,
199277,
200865,
201571,
201924,
202453,
202806,
203336,
203688,
204041,
204394,
204924,
205630,
207218,
208100,
208983,
209336,
209688,
210924,
212159,
212512,
212865,
213041,
213218,
213571,
213924,
214277,
214630,
214806,
214983,
215336,
215688,
216041,
216218,
216747,
217100,
217453,
217806,
218071,
218336,
218600,
218865,
219041,
219218,
219483,
219747,
220012,
220277,
220630,
220806,
220983,
221159,
221336,
221512,
221688,
221865,
222041,
222571,
222924,
223453,
223630,
223806,
223983,
224159,
224336,
224512,
224777,
224953,
225218,
225394,
225659,
225836,
226100,
226277,
226453,
226630,
226806,
226983,
227336,
227512,
228130,
228394,
228571,
228924,
229100,
229277,
229453,
229630,
229806,
229983,
230159,
230424,
230688,
230865,
231041,
231306,
231571,
231747,
231924,
232100,
232365,
232541,
232806,
232983,
233159,
233336,
233512,
233688,
233865,
234130,
234306,
234483,
234659,
235188,
235365,
235541,
235806,
235983,
236159,
236336,
236688,
236865,
237218,
237394,
237571,
238012,
238188,
238453,
238630,
238806,
238983,
239159,
239336,
239512,
239865,
240041,
240218,
240394,
240659,
240836,
241012,
241188,
241453,
241630,
241806,
241983,
242159,
242424,
242600,
242777,
242953,
243130,
243394,
243571,
243747,
243924,
244100,
244277,
244453,
244630,
244806,
244983,
245159,
245336,
245512,
245688,
245865,
246041,
246394,
246747,
247012,
247188,
247453,
247806,
248159,
248512,
248688,
248865,
249130,
249394,
249659,
249836,
250100,
250277,
250453,
250806,
250983,
251336,
251688,
251865,
252041,
252218,
252483,
252659,
252924,
253100,
253365,
253541,
253806,
254159,
254336,
254512,
254953,
255130,
255306,
255571,
255747,
255924,
256277,
256541,
256718,
256983,
257336,
257688,
257865,
258218,
258394,
258659,
258924,
259100,
259277,
259541,
259718,
259983,
260247,
260512,
260688,
260865,
261218,
261571,
261924,
262100,
262453,
262718,
262894,
263159,
263424,
263688,
263865,
264041,
264218,
264483,
264747,
265012,
265188,
265365,
265541,
265718,
265983,
266159,
266336,
266600,
266777,
266953,
267130,
267350,
267527,
267703,
267880,
268056,
268233,
268453,
268630,
268983,
269159,
269424,
269688,
270041,
270218,
270394,
270747,
270924,
271100,
271365,
271806,
271983,
272247,
272512,
272865,
273041,
273306,
273483,
273747,
274012,
274188,
274630,
274806,
275071,
275336,
275688,
275865,
276041,
276394,
276571,
276747,
277012,
277453,
277630,
277894,
278159,
278512,
278688,
278953,
279130,
279394,
279571,
279924,
280100,
280277,
280630,
280806,
280983,
281247,
281688,
281865,
282130,
282394,
282747,
282924,
283100,
283453,
283630,
283806,
283983,
284336,
284512,
284865,
285041,
285218,
285571,
285747,
285924,
286277,
286453,
286630,
286894,
287336,
287512,
287777,
288041,
288394,
288571,
288747,
289100,
289277,
289453,
289630,
289983,
290336,
290688,
291218,

1 Column Long Note Times:
7807,
8513,
13631,
14337,
24396,
51219,
56513,
59689,
61983,
62866,
64630,
66042,
69924,
70983,
74865,
78041,
80512,
82277,
84041,
85806,
199453,
205983,
206512,
207571,
208453,
210041,
210571,
211630,

1 Column Release Times:
7984,
8690,
13807,
14513,
25719,
51572,
56866,
60395,
62336,
63219,
64983,
66748,
70277,
71336,
75218,
78394,
80865,
82630,
84394,
86159,
200159,
206071,
206688,
207747,
208630,
210394,
210747,
211806,

2 Column Hit Times:
3396,
4102,
4455,
5337,
6219,
6925,
7278,
8866,
9749,
10102,
10455,
10984,
11690,
12572,
12925,
14513,
14866,
15043,
15572,
16102,
16278,
16631,
16984,
17337,
17513,
18043,
18396,
18749,
18925,
19278,
19631,
19984,
21572,
21837,
22102,
22366,
22631,
22807,
22984,
23337,
23690,
23866,
24043,
24219,
25984,
26249,
26513,
26778,
26955,
27131,
27396,
27749,
28013,
28278,
28543,
28719,
28984,
29160,
29425,
29690,
29866,
30043,
30307,
30484,
30749,
30925,
31190,
31455,
31807,
32072,
32337,
32602,
32778,
33043,
33219,
33484,
33749,
33925,
34190,
34543,
34719,
34984,
35337,
35690,
35866,
36131,
36484,
36660,
37013,
37190,
37455,
37631,
37896,
38160,
38513,
38778,
38955,
39219,
39396,
39749,
40102,
40366,
40631,
40896,
41072,
41249,
41513,
41866,
42131,
42307,
42572,
42749,
42925,
43102,
43366,
43543,
43807,
43984,
44160,
44425,
44602,
44778,
44955,
45219,
45396,
45572,
45749,
46013,
46190,
46366,
46543,
46719,
46896,
47072,
47249,
47425,
47602,
47778,
47955,
48396,
48572,
49807,
51219,
52807,
53337,
53513,
54572,
55807,
57219,
57572,
59689,
60748,
62866,
66925,
67806,
68689,
69042,
69571,
69924,
71336,
71865,
72395,
73101,
73806,
75924,
76101,
76454,
77159,
77688,
80336,
80865,
81571,
81747,
84041,
85806,
86159,
88277,
88983,
89512,
89865,
90571,
91188,
91453,
91806,
92335,
92688,
93041,
93571,
93924,
94100,
94453,
94806,
95335,
95865,
96218,
96571,
97100,
97453,
97806,
98335,
99041,
99394,
99747,
100100,
100365,
100541,
100806,
100983,
101335,
101512,
101688,
101953,
102394,
102659,
102835,
103100,
103365,
103630,
103806,
104159,
104424,
104688,
104865,
105218,
105482,
105659,
106012,
106365,
106541,
106806,
106982,
107159,
107424,
107777,
107953,
108306,
108482,
108659,
108835,
109012,
109188,
109365,
109541,
109718,
109894,
110071,
111571,
111924,
112188,
112630,
112806,
112982,
113247,
113424,
113600,
113865,
114041,
114306,
114482,
114747,
114924,
115100,
115365,
115630,
115894,
116071,
116247,
116424,
116688,
116865,
117041,
117306,
117482,
117747,
117924,
118188,
118453,
118630,
118894,
119159,
119335,
119600,
119777,
120041,
120218,
120482,
120659,
121012,
121188,
121453,
121630,
121894,
122071,
122335,
122688,
122953,
123130,
123394,
123571,
123924,
124188,
124365,
124630,
124806,
125071,
125247,
125424,
125688,
125865,
126130,
126306,
126571,
126747,
126924,
127100,
127453,
127806,
127982,
128247,
128424,
128688,
128865,
129041,
129306,
129571,
129924,
130100,
130365,
130630,
130806,
131071,
131247,
131424,
131688,
131865,
132041,
132306,
132482,
132659,
132835,
133012,
133188,
133365,
133541,
133718,
134071,
134248,
134512,
134777,
134954,
135218,
135395,
135571,
135748,
136012,
136277,
136630,
136983,
137160,
137424,
137689,
137865,
138042,
138307,
138571,
138836,
139101,
139277,
139454,
139630,
139895,
140248,
140424,
140601,
140865,
141042,
141307,
141483,
141748,
142012,
142189,
142542,
142807,
143071,
143336,
143512,
143777,
144042,
144218,
144394,
144836,
145100,
145365,
145806,
145983,
146247,
146512,
146689,
146953,
147218,
147571,
147747,
147924,
148189,
148365,
148630,
148894,
149071,
149336,
149600,
149777,
150042,
150306,
150483,
150659,
150924,
151100,
151277,
151542,
151718,
151894,
152247,
152424,
152600,
152777,
153042,
153306,
153483,
153659,
153836,
154012,
154189,
154983,
155159,
155336,
155689,
155865,
156041,
156218,
156394,
156659,
156836,
157277,
157453,
157718,
157983,
158159,
158336,
158512,
158689,
158865,
159041,
159306,
159483,
159659,
159836,
160012,
160189,
160453,
160630,
160894,
161071,
161336,
161512,
161689,
161865,
162041,
162306,
162483,
162836,
163100,
163365,
163630,
163806,
163983,
164159,
164424,
164689,
164865,
165041,
165218,
165394,
165571,
165836,
166012,
166277,
166453,
167071,
167247,
167512,
167865,
168041,
168218,
168394,
168659,
168836,
169100,
169277,
169541,
169718,
169894,
170071,
170336,
170512,
170689,
170865,
171041,
171218,
171394,
171571,
171836,
172012,
172277,
172541,
172718,
172894,
173159,
173424,
173600,
173777,
174041,
174218,
174394,
174571,
174747,
174924,
175189,
175365,
175541,
175806,
175983,
176159,
176336,
176512,
176689,
176909,
177086,
177262,
177439,
177615,
177791,
178277,
178806,
179159,
179865,
180483,
180747,
181100,
181630,
181983,
182336,
182865,
183218,
183394,
183747,
184100,
184630,
185159,
185512,
185865,
186394,
186747,
187100,
187630,
188336,
188688,
189394,
189747,
190277,
190630,
190983,
191336,
191688,
191865,
192218,
192394,
192924,
193453,
193630,
194336,
194600,
194865,
195218,
195483,
195747,
196012,
196277,
196630,
196894,
197336,
197512,
197777,
197953,
198218,
198394,
198747,
198924,
199100,
199277,
199453,
201041,
201394,
201924,
202100,
202453,
202983,
203512,
204041,
204571,
205100,
205453,
205983,
206688,
207041,
207571,
207747,
208630,
209159,
211806,
212159,
212336,
212688,
212865,
213218,
213571,
213747,
214277,
214453,
214806,
214983,
215336,
215512,
216041,
216218,
216394,
216747,
216924,
217277,
217453,
217806,
218071,
218336,
218600,
218865,
219041,
219218,
219483,
219747,
220012,
220277,
220453,
220630,
220806,
220983,
221159,
221336,
221512,
221688,
221865,
222041,
222394,
222571,
222836,
223012,
223453,
223630,
223806,
223983,
224159,
224424,
224600,
225041,
225218,
225483,
225747,
225924,
226100,
226277,
226453,
226630,
226806,
227071,
227247,
227424,
227600,
227777,
227953,
228218,
228394,
228659,
228836,
229100,
229277,
229453,
229630,
229806,
230071,
230247,
230600,
230865,
231130,
231394,
231571,
231747,
231924,
232188,
232453,
232630,
232806,
232983,
233159,
233424,
233688,
233953,
234130,
234306,
234483,
234659,
234836,
235012,
235277,
235630,
235806,
235983,
236159,
236424,
236600,
236865,
237041,
237306,
237483,
237659,
237836,
238100,
238277,
238453,
238630,
238806,
238983,
239159,
239336,
239600,
239777,
240041,
240306,
240483,
240659,
240924,
241188,
241365,
241541,
241806,
241983,
242159,
242336,
242512,
242688,
242953,
243130,
243306,
243571,
243747,
243924,
244100,
244277,
244453,
244674,
244850,
245027,
245203,
245380,
245556,
245733,
245909,
246041,
246394,
246571,
246747,
247100,
247277,
247541,
247718,
247983,
248159,
248336,
248512,
248865,
249041,
249306,
249483,
249747,
249924,
250100,
250365,
250541,
250718,
250983,
251159,
251336,
251512,
251688,
252041,
252306,
252571,
252747,
253100,
253277,
253630,
253806,
253983,
254247,
254512,
254688,
255041,
255394,
255571,
255924,
256100,
256365,
256630,
256894,
257071,
257336,
257688,
257953,
258130,
258571,
258747,
258924,
259188,
259365,
259630,
259894,
260071,
260336,
260512,
260865,
261041,
261306,
261483,
261747,
261924,
262188,
262365,
262541,
262806,
263071,
263336,
263512,
263777,
264041,
264394,
264571,
264836,
265100,
265277,
265541,
265718,
265894,
266159,
266424,
266600,
266777,
266953,
267130,
267306,
267483,
267659,
267836,
268012,
268188,
268541,
268718,
268894,
269159,
269336,
269600,
269777,
270041,
270218,
270483,
270659,
270924,
271277,
271541,
271718,
271983,
272159,
272424,
272688,
272865,
273130,
273394,
273659,
273836,
274100,
274365,
274541,
274806,
274983,
275247,
275424,
275688,
275865,
276130,
276306,
276571,
276924,
277188,
277365,
277630,
277806,
278071,
278336,
278512,
278777,
279041,
279306,
279483,
279924,
280100,
280365,
280541,
280806,
281159,
281424,
281600,
281865,
282041,
282306,
282483,
282747,
282924,
283188,
283365,
283630,
283894,
284071,
284247,
284512,
284688,
284865,
285218,
285571,
285747,
286012,
286188,
286453,
286806,
287071,
287247,
287512,
287688,
287953,
288130,
288394,
288571,
288836,
289012,
289277,
289541,
289718,
290159,
290865,
291218,

2 Column Long Note Times:
8160,
13278,
13807,
24396,
50513,
51572,
56160,
58630,
61101,
63572,
64807,
65336,
74512,
78394,
79806,
82983,
84747,
206159,
208100,
209688,
210218,
210571,
211100,

2 Column Release Times:
8337,
13455,
13984,
25719,
50866,
51925,
56513,
58983,
61454,
63925,
64983,
65689,
74865,
78747,
80159,
83688,
85100,
206247,
208277,
210041,
210394,
210747,
211277,

3 Column Hit Times:
3925,
4807,
5513,
5866,
6749,
9043,
9572,
10278,
11160,
11513,
11866,
12396,
13102,
14513,
14866,
15219,
15396,
15925,
16278,
16984,
17160,
17690,
17866,
18396,
18749,
19102,
19455,
19631,
20160,
20425,
20690,
20955,
21219,
21396,
21572,
22719,
22896,
23160,
23513,
23778,
23955,
24131,
24307,
25896,
26160,
26337,
26602,
26866,
27219,
27484,
27660,
27925,
28102,
28455,
28807,
29072,
29337,
29602,
29778,
29955,
30219,
30572,
30837,
31013,
31278,
31543,
31807,
32160,
32513,
32866,
33043,
33307,
33660,
33837,
34278,
34631,
34896,
35160,
35425,
35602,
35866,
36043,
36307,
36749,
36925,
37278,
37543,
37807,
38072,
38249,
38425,
38690,
39043,
39307,
39572,
39837,
40013,
40278,
40455,
40719,
40984,
41160,
41337,
41602,
41778,
42043,
42219,
42484,
42749,
43013,
43278,
43543,
43807,
44072,
44249,
44513,
44690,
44866,
45043,
45219,
45396,
45572,
45837,
46102,
46278,
46455,
46631,
46807,
47028,
47205,
47381,
47557,
47734,
47910,
48748,
49631,
49984,
50513,
50866,
52278,
53160,
54043,
54748,
56866,
57043,
58630,
61807,
62513,
62689,
64983,
66748,
67454,
67630,
68865,
70277,
71512,
72395,
72571,
73630,
74336,
74865,
76277,
76630,
78394,
79806,
81924,
83336,
88630,
89159,
89688,
90218,
90747,
91100,
91277,
91630,
92335,
93041,
93747,
94012,
94277,
94630,
95159,
95688,
96218,
96747,
97100,
97453,
98159,
98512,
98865,
99218,
99571,
99924,
100453,
100718,
101071,
101335,
101600,
101865,
102130,
102306,
102482,
102747,
103012,
103277,
103453,
103718,
103982,
104247,
104512,
104777,
104953,
105394,
105571,
105835,
106100,
106277,
106630,
106894,
107247,
107512,
107688,
108041,
108218,
108394,
108571,
108747,
108924,
109100,
109277,
109453,
109630,
109806,
109982,
110159,
111659,
111835,
112100,
112277,
112630,
112894,
113071,
113335,
113512,
113777,
113953,
114130,
114394,
114571,
114835,
115012,
115277,
115453,
115630,
115806,
116159,
116512,
116688,
116953,
117130,
117394,
117571,
117747,
118012,
118277,
118630,
118806,
119071,
119247,
119512,
119688,
119865,
120130,
120571,
120835,
121100,
121277,
121541,
121718,
121982,
122159,
122424,
122600,
122865,
123218,
123482,
123924,
124100,
124277,
124541,
124718,
124894,
125159,
125335,
125600,
125777,
126041,
126218,
126394,
126659,
126924,
127188,
127365,
127541,
127718,
127982,
128159,
128335,
128600,
128777,
129041,
129218,
129394,
129659,
129835,
130100,
130277,
130453,
130718,
130982,
131159,
131335,
131512,
131777,
131953,
132218,
132394,
132571,
132747,
133100,
133453,
133806,
134160,
134336,
134512,
134689,
135042,
135307,
135571,
135836,
136101,
136365,
136542,
136895,
137071,
137248,
137512,
137689,
137865,
138130,
138395,
138660,
138924,
139189,
139365,
139542,
139807,
140160,
140336,
140512,
140689,
140954,
141218,
141395,
141660,
141836,
142277,
142454,
142718,
142895,
143160,
143424,
143689,
143954,
144130,
144394,
144659,
144924,
145189,
145542,
145718,
145894,
146159,
146336,
146600,
146865,
147042,
147306,
147483,
147836,
148100,
148365,
148542,
148718,
148983,
149424,
149689,
149865,
150130,
150394,
150571,
150836,
151100,
151365,
151630,
151806,
152071,
152336,
152512,
152689,
152865,
153130,
153394,
153571,
153747,
153924,
154100,
154277,
155159,
155336,
155777,
155953,
156218,
156571,
156747,
156924,
157100,
157365,
157541,
157806,
157983,
158247,
158424,
158600,
158777,
159041,
159218,
159394,
159571,
159747,
159924,
160100,
160277,
160541,
160718,
160983,
161247,
161424,
161600,
161865,
162130,
162394,
162571,
162747,
162924,
163189,
163453,
163630,
163894,
164071,
164247,
164512,
164689,
164865,
165130,
165306,
165571,
165747,
165924,
166189,
166541,
166983,
167159,
167336,
167512,
167689,
167953,
168130,
168571,
168747,
169012,
169277,
169453,
169630,
169806,
169983,
170159,
170336,
170600,
170777,
170953,
171130,
171306,
171483,
171747,
171924,
172189,
172365,
172630,
172806,
172983,
173159,
173336,
173512,
173689,
173953,
174130,
174306,
174483,
174747,
174924,
175100,
175277,
175453,
175718,
175983,
176247,
176424,
176600,
176777,
176953,
177130,
177306,
177483,
177659,
177836,
178453,
178983,
179512,
180041,
180394,
180571,
180924,
181630,
182336,
183041,
183306,
183571,
183924,
184453,
184983,
185512,
186041,
186394,
186747,
187453,
187806,
188512,
189041,
189571,
190100,
190453,
190630,
191159,
191512,
191777,
192041,
192394,
192747,
192924,
193277,
193630,
194159,
194512,
194688,
195041,
195218,
195571,
196100,
196277,
196806,
196983,
197336,
197688,
197865,
198041,
198394,
198836,
199012,
199188,
199365,
200865,
201218,
201747,
202277,
202630,
203159,
203336,
203865,
204218,
204747,
204924,
205806,
206336,
207394,
207924,
208277,
208806,
211806,
212159,
212512,
212688,
213218,
213394,
213924,
214100,
214630,
214983,
215159,
215512,
215688,
216041,
216306,
216571,
216924,
217277,
217630,
217806,
218071,
218336,
218600,
218865,
219041,
219218,
219483,
219747,
220012,
220365,
220541,
220718,
220894,
221071,
221247,
221424,
221600,
221777,
221953,
222218,
222438,
222747,
222924,
223100,
223541,
223718,
223983,
224247,
224512,
224688,
224865,
225130,
225306,
225571,
225747,
226012,
226188,
226365,
226541,
226806,
226983,
227159,
227336,
227512,
227688,
227865,
228041,
228306,
228483,
228747,
229012,
229188,
229365,
229630,
229894,
230159,
230336,
230512,
230688,
230953,
231218,
231394,
231659,
231836,
232012,
232277,
232453,
232630,
232894,
233071,
233336,
233600,
233777,
234041,
234218,
234394,
234571,
234747,
234924,
235100,
235277,
235453,
235718,
235894,
236336,
236512,
236777,
237041,
237218,
237394,
237571,
237747,
237924,
238100,
238365,
238541,
238718,
238894,
239071,
239247,
239512,
239688,
239953,
240130,
240394,
240571,
240747,
240924,
241100,
241277,
241453,
241718,
241894,
242071,
242247,
242512,
242688,
242865,
243041,
243218,
243483,
243747,
244012,
244188,
244365,
244541,
244718,
244894,
245071,
245247,
245424,
245600,
245777,
245953,
246571,
246924,
247277,
247453,
247630,
247894,
248071,
248336,
248600,
248777,
249041,
249218,
249571,
249747,
250012,
250188,
250453,
250630,
250894,
251071,
251247,
251512,
251777,
251953,
252130,
252394,
252747,
252924,
253277,
253453,
253718,
253894,
254071,
254424,
254600,
254865,
255041,
255218,
255394,
255659,
255836,
256100,
256277,
256453,
256630,
256806,
257159,
257424,
257600,
257865,
258041,
258394,
258571,
258836,
259012,
259277,
259453,
259630,
259806,
260159,
260336,
260600,
260777,
261041,
261218,
261394,
261659,
261836,
262012,
262277,
262453,
262630,
262806,
262983,
263247,
263512,
263688,
263865,
264130,
264306,
264571,
264747,
264924,
265188,
265453,
265630,
265806,
265983,
266247,
266512,
266688,
266865,
267041,
267262,
267438,
267615,
267791,
267968,
268144,
268365,
268630,
268806,
269071,
269247,
269512,
269865,
270130,
270306,
270571,
270747,
271012,
271188,
271453,
271630,
271894,
272071,
272336,
272600,
272777,
272953,
273218,
273394,
273571,
273924,
274277,
274453,
274718,
274894,
275159,
275512,
275777,
275953,
276218,
276394,
276659,
276836,
277100,
277277,
277541,
277718,
277983,
278247,
278424,
278600,
278865,
279041,
279218,
279571,
280012,
280188,
280453,
280630,
280894,
281071,
281336,
281512,
281777,
281953,
282218,
282571,
282836,
283012,
283277,
283453,
283718,
283983,
284159,
284424,
284688,
284953,
285130,
285394,
285659,
285836,
286100,
286277,
286541,
286718,
286983,
287159,
287424,
287600,
287865,
288218,
288483,
288659,
288924,
289100,
289365,
289630,
289806,
290512,
291041,

3 Column Long Note Times:
7631,
8337,
14160,
24749,
48043,
55454,
59336,
60748,
63925,
65689,
69571,
70630,
75218,
77688,
80159,
80865,
82630,
83865,
84394,
86159,
205277,
206865,
208983,
209512,
209865,
210394,
210924,
211453,

3 Column Release Times:
7807,
8513,
14337,
25719,
48219,
55807,
59689,
61101,
64630,
66042,
69924,
70983,
75571,
78041,
80512,
81394,
82983,
84041,
84747,
87924,
205365,
207041,
209159,
209688,
210041,
210571,
211277,
211630,

4 Column Hit Times:
3219,
3572,
4278,
4631,
5160,
6043,
6396,
7102,
9396,
9925,
10631,
11690,
12219,
12749,
14513,
14690,
15219,
15572,
15925,
16455,
16631,
17337,
17690,
17866,
18396,
18572,
18925,
19455,
19807,
20160,
20425,
20690,
20955,
21219,
21396,
21572,
22719,
22896,
23160,
23513,
23778,
23955,
24131,
24307,
25807,
26072,
26425,
26866,
27043,
27307,
27749,
28102,
28278,
28631,
28984,
29337,
29513,
29866,
30219,
30396,
30660,
31102,
31366,
31719,
31896,
32160,
32513,
32690,
32866,
33131,
33396,
33749,
34013,
34278,
34455,
34807,
35072,
35249,
35513,
35778,
36219,
36396,
36572,
36749,
37102,
37455,
37807,
37984,
38337,
38690,
38866,
39131,
39484,
39660,
39925,
40190,
40543,
40984,
41425,
41866,
42219,
42396,
42660,
42837,
43102,
43278,
43455,
43719,
43984,
44160,
44337,
44513,
44866,
45043,
45307,
45484,
45660,
45925,
46278,
46455,
46631,
46807,
46984,
47160,
47337,
47513,
47690,
47866,
48396,
48925,
49454,
51925,
52101,
53337,
53866,
54925,
55454,
57219,
58101,
60395,
60572,
63925,
66042,
66572,
67454,
68159,
69218,
71336,
71689,
72042,
72748,
73454,
74159,
74689,
75218,
75571,
75748,
76806,
77336,
77512,
78041,
79983,
80688,
84394,
84747,
88630,
88983,
89335,
90041,
90394,
91100,
91453,
91630,
92159,
92512,
92865,
93394,
94100,
94630,
94983,
95512,
96041,
96394,
96924,
97630,
97983,
98512,
99924,
100277,
100630,
100894,
101159,
101777,
102041,
102218,
102747,
103188,
103541,
103894,
104071,
104335,
104512,
105041,
105218,
105571,
105924,
106188,
106453,
106718,
107071,
107335,
107600,
107865,
108130,
108394,
108571,
108747,
108924,
109100,
109277,
109453,
109630,
109806,
109982,
111747,
112012,
112277,
112453,
112718,
112982,
113159,
113335,
113688,
113865,
114218,
114394,
114659,
114924,
115188,
115453,
115806,
115982,
116159,
116335,
116600,
116865,
117218,
117394,
117659,
117924,
118100,
118277,
118453,
118718,
118982,
119335,
119512,
119865,
120041,
120394,
120571,
120747,
120924,
121100,
121365,
121630,
121806,
122159,
122335,
122512,
122865,
123218,
123394,
123659,
123835,
124100,
124453,
124806,
124982,
125335,
125512,
125865,
126041,
126394,
126571,
126835,
127012,
127277,
127630,
127806,
128071,
128335,
128512,
128865,
129130,
129306,
129482,
129747,
129924,
130188,
130453,
130630,
130806,
130982,
131159,
131335,
131688,
131953,
132130,
132306,
132571,
132747,
132924,
133277,
133630,
133982,
134160,
134336,
134601,
134865,
135130,
135483,
135748,
135924,
136277,
136454,
136718,
137336,
137777,
138042,
138395,
138748,
139101,
139277,
139630,
139807,
140071,
140512,
140777,
141130,
141571,
141924,
142277,
142630,
142983,
143248,
143689,
143865,
144042,
144306,
144483,
144747,
145012,
145453,
145630,
146159,
146336,
146512,
146865,
147130,
147394,
147659,
147924,
148277,
148453,
148806,
149247,
149512,
149689,
149953,
150218,
150571,
150747,
151012,
151189,
151453,
151806,
151983,
152159,
152336,
152600,
152777,
152953,
153218,
153394,
153571,
153747,
153924,
154100,
154277,
155336,
155689,
156130,
156306,
156483,
156747,
156924,
157100,
157277,
157630,
157806,
158159,
158336,
158512,
158953,
159130,
159394,
159571,
159747,
159924,
160100,
160277,
160453,
160806,
160983,
161159,
161336,
161777,
161953,
162218,
162394,
162571,
162747,
163012,
163277,
163453,
163718,
163983,
164159,
164336,
164512,
164689,
164953,
165218,
165483,
165747,
166100,
166277,
166630,
166983,
167159,
167336,
167512,
167689,
167865,
168041,
168306,
168483,
168747,
168924,
169189,
169365,
169630,
169806,
169983,
170159,
170336,
170512,
170865,
171041,
171659,
171924,
172100,
172453,
172630,
172806,
172983,
173159,
173336,
173512,
173689,
173865,
174306,
174571,
174836,
175100,
175277,
175453,
175630,
175894,
176071,
176247,
176424,
176600,
176777,
176997,
177174,
177350,
177527,
177703,
177880,
178277,
178630,
179336,
179689,
180394,
180747,
180924,
181453,
181806,
182159,
182688,
183394,
183924,
184277,
184806,
185336,
185688,
186218,
186924,
187277,
187806,
188159,
188865,
189218,
189571,
189924,
190100,
190630,
190983,
191159,
191688,
191865,
192041,
192394,
192571,
193100,
193453,
193806,
194159,
194512,
194865,
195041,
195394,
195747,
196277,
196453,
196983,
197159,
197424,
197688,
197865,
198041,
198571,
199188,
199365,
201218,
201571,
202100,
202806,
203159,
203688,
204394,
204747,
205277,
206159,
206512,
206865,
208453,
210041,
210747,
211806,
212159,
212512,
212865,
213218,
213394,
213747,
214100,
214453,
214630,
214983,
215336,
215688,
215865,
216041,
216394,
216571,
217100,
217453,
217806,
218071,
218336,
218600,
218865,
219041,
219218,
219483,
219747,
220012,
220453,
220718,
220894,
221071,
221247,
221424,
221600,
221777,
221953,
222218,
222483,
222747,
223100,
223453,
223894,
224071,
224336,
224512,
224688,
224865,
225041,
225394,
225571,
225924,
226100,
226277,
226718,
226894,
227159,
227336,
227512,
227688,
227865,
228041,
228218,
228571,
228747,
228924,
229100,
229541,
229718,
229983,
230159,
230336,
230512,
230777,
231041,
231218,
231483,
231747,
231924,
232100,
232277,
232453,
232718,
232983,
233247,
233512,
233865,
234041,
234218,
234394,
234571,
234747,
234924,
235100,
235277,
235453,
235630,
235806,
236071,
236247,
236512,
236688,
236953,
237130,
237394,
237571,
237747,
237924,
238100,
238277,
238630,
238806,
239424,
239688,
239865,
240218,
240394,
240571,
240747,
240924,
241100,
241277,
241453,
241630,
242071,
242336,
242600,
242865,
243041,
243218,
243394,
243659,
243836,
244012,
244188,
244365,
244541,
244762,
244938,
245115,
245291,
245468,
245644,
245821,
245997,
246483,
246659,
246836,
247100,
247365,
247630,
247806,
247983,
248247,
248424,
248688,
248953,
249218,
249394,
249571,
249924,
250277,
250630,
250806,
251159,
251424,
251600,
251865,
252218,
252394,
252571,
252836,
253012,
253188,
253453,
253630,
253983,
254159,
254336,
254688,
254865,
255218,
255483,
255747,
256012,
256188,
256453,
256806,
256983,
257247,
257512,
257777,
258041,
258306,
258483,
258747,
259100,
259453,
259806,
259983,
260159,
260424,
260688,
260953,
261130,
261394,
261571,
261747,
262100,
262277,
262630,
262983,
263159,
263336,
263600,
263777,
263953,
264218,
264394,
264659,
264924,
265100,
265277,
265453,
265630,
265806,
266159,
266336,
266512,
266688,
266865,
267041,
267218,
267394,
267571,
267747,
267924,
268100,
268277,
268630,
268806,
268983,
269336,
269512,
269688,
269953,
270394,
270571,
270836,
271100,
271453,
271630,
271806,
272159,
272336,
272512,
272688,
273041,
273218,
273571,
273747,
273924,
274277,
274453,
274630,
274983,
275159,
275336,
275600,
276041,
276218,
276483,
276747,
277100,
277277,
277453,
277806,
277983,
278159,
278336,
278688,
278865,
279218,
279394,
279571,
279924,
280277,
280453,
280718,
280983,
281336,
281512,
281688,
282041,
282218,
282394,
282659,
283100,
283277,
283541,
283806,
284159,
284336,
284600,
284777,
285041,
285306,
285483,
285924,
286100,
286365,
286630,
286983,
287159,
287336,
287688,
287865,
288041,
288306,
288747,
288924,
289188,
289453,
289806,
289983,
290336,
290688,
291218,

4 Column Long Note Times:
7455,
7984,
8690,
13455,
13984,
25102,
48043,
50866,
55807,
58983,
61454,
63219,
64983,
70277,
78747,
81041,
81924,
83688,
85100,
110159,
200159,
205630,
207218,
207747,
208806,
209336,
210394,
211277,

4 Column Release Times:
7631,
8160,
8866,
13631,
14160,
25719,
48219,
51219,
56160,
59336,
61807,
63572,
65336,
70630,
79453,
81394,
82277,
84041,
85806,
111571,
200865,
205718,
207394,
207924,
208983,
209688,
210571,
211630,

