Artist : Various Artists
Song Name : Jumpstream Complexes Vol. 2A
Difficulty : 0
BPM : 190
Background Image : charts\Various Artists-Jumpstream Complexes Vol. 2A\Universal Collapse.jpg
Audio : charts\Various Artists-Jumpstream Complexes Vol. 2A\Universal Collapse.mp3

1 Column Hit Times:
32,
3631,
4531,
8431,
9031,
9331,
9481,
9631,
9931,
10081,
10306,
10531,
10681,
10831,
11056,
11206,
11431,
11581,
11731,
12031,
12331,
12481,
12781,
12931,
13231,
13456,
13606,
13831,
13981,
14131,
14431,
14731,
14881,
15031,
15331,
15481,
15631,
15856,
16006,
16231,
16531,
16681,
16831,
17131,
17281,
17506,
17731,
18031,
18181,
18331,
18631,
18781,
18931,
19231,
19381,
19531,
19681,
20056,
20206,
20431,
20731,
20956,
21181,
21331,
21631,
21781,
21931,
22081,
22306,
22531,
22681,
22831,
23056,
23206,
23431,
23581,
23731,
23881,
24106,
24331,
24481,
24631,
24931,
25081,
25231,
25531,
25681,
25831,
25981,
26131,
26431,
26581,
26731,
27031,
27181,
27331,
27631,
27781,
27931,
28531,
28681,
28831,
29056,
29206,
29431,
29581,
29731,
30031,
30181,
30331,
30481,
30706,
30931,
31156,
31306,
31531,
31681,
31906,
32131,
32281,
32431,
32731,
32881,
33031,
33331,
33481,
33631,
33856,
34006,
34231,
34456,
34606,
34831,
35131,
35281,
35431,
35731,
36031,
36256,
36481,
36781,
36931,
37156,
37306,
37531,
37681,
37831,
38131,
38281,
38431,
38656,
38806,
39031,
39181,
39331,
39631,
39781,
39931,
40081,
40306,
40531,
40681,
40831,
41056,
41206,
41431,
41581,
41731,
41881,
42181,
42331,
42556,
42706,
42931,
43081,
43231,
43456,
43681,
43831,
43981,
44131,
44281,
44506,
44731,
44881,
45031,
45256,
45406,
45631,
45931,
46081,
46231,
46531,
46681,
47431,
48031,
48256,
48631,
49081,
49231,
49531,
49831,
50430,
51030,
51480,
51930,
52830,
53430,
53955,
54330,
54780,
54930,
55230,
55530,
55680,
55980,
56130,
56355,
56730,
57330,
57480,
57630,
58230,
58830,
58980,
59205,
60030,
61155,
61680,
61830,
62430,
62730,
62880,
63180,
63330,
63630,
64005,
64830,
65430,
65880,
66180,
66330,
66630,
66780,
67230,
67680,
67830,
68130,
68280,
68430,
68805,
69030,
69180,
69630,
69930,
70230,
70380,
70755,
71130,
71280,
71430,
71730,
72030,
72480,
72630,
72930,
73080,
73230,
73605,
73830,
74130,
74430,
74730,
75030,
75330,
75555,
75930,
76080,
76230,
76530,
76680,
77280,
77430,
77730,
77880,
78405,
78630,
78780,
79530,
79830,
79980,
80355,
80730,
80880,
81330,
81480,
82080,
82230,
82530,
82680,
83205,
83430,
83730,
83880,
84030,
85230,
86130,
86280,
86580,
86730,
86955,
87105,
87330,
87480,
87630,
87780,
88005,
88230,
88455,
88755,
88980,
89130,
89355,
89505,
89730,
89955,
90180,
90330,
90555,
90705,
90930,
91155,
91305,
91530,
91755,
91905,
92055,
92280,
92430,
92580,
92730,
92880,
93105,
93330,
93480,
93705,
93930,
94155,
94305,
94455,
94605,
94830,
94980,
95280,
95430,
95580,
95730,
96030,
96180,
96405,
96630,
96855,
97155,
97380,
97530,
97755,
97905,
98130,
98280,
98430,
98580,
98805,
99030,
99180,
99405,
99630,
99780,
100005,
100229,
100379,
100604,
100829,
100979,
101129,
101279,
101504,
101729,
101879,
102104,
102329,
102554,
102704,
102854,
103079,
103229,
103379,
103679,
103829,
103979,
104129,
104354,
104504,
104729,
104954,
105104,
105254,
105404,
105629,
105854,
106004,
106229,
106529,
106679,
106829,
107054,
107204,
107429,
107579,
107729,
108029,
108179,
108329,
108554,
108779,
108929,
109079,
109229,
109529,
109679,
109829,
110129,
110279,
110579,
111029,
111329,
111479,
111629,
111779,
112004,
112229,
112454,
112679,
112829,
113129,
113279,
113429,
113729,
113879,
114029,
114254,
114479,
114629,
114779,
115004,
115229,
115379,
115679,
115829,
115979,
116279,
116629,
117029,
117229,
117629,
117779,
117929,
118154,
118304,
118529,
118679,
118829,
119279,
119429,
119729,
120029,
120179,
120329,
120479,
120629,
120929,
121079,
121229,
121379,
121604,
121829,
121979,
122129,
122354,
122504,
122729,
122879,
123029,
123179,
123404,
123629,
123779,
123929,
124079,
124229,
124529,
124679,
124829,

1 Column Long Note Times:
7831,
46831,
76830,
78030,
79230,
81030,
81630,
82830,

1 Column Release Times:
8281,
47281,
76867,
78067,
79267,
81067,
81667,
82867,

2 Column Hit Times:
1231,
3481,
4231,
4831,
5431,
6631,
9031,
9331,
9481,
9631,
9781,
9931,
10081,
10456,
10606,
10831,
11131,
11356,
11581,
11731,
11881,
12031,
12256,
12406,
12631,
12856,
13006,
13156,
13381,
13531,
13831,
14056,
14206,
14356,
14581,
14731,
14881,
15106,
15331,
15481,
15781,
15931,
16156,
16381,
16531,
16756,
16906,
17131,
17281,
17431,
17656,
17806,
18031,
18181,
18406,
18556,
18781,
19006,
19156,
19306,
19531,
19681,
19906,
20131,
20281,
20431,
20656,
20806,
21181,
21331,
21556,
21706,
21931,
22081,
22456,
22606,
22831,
22981,
23131,
23431,
23581,
23731,
23956,
24181,
24331,
24481,
24706,
24856,
25006,
25231,
25456,
25606,
25831,
25981,
26131,
26356,
26581,
26806,
26956,
27181,
27406,
27556,
27781,
27931,
28231,
28531,
28681,
28906,
29131,
29356,
29581,
29731,
29956,
30106,
30331,
30481,
30856,
31006,
31231,
31381,
31531,
31756,
31981,
32131,
32281,
32506,
32731,
32956,
33106,
33331,
33481,
33706,
33931,
34156,
34381,
34531,
34756,
34906,
35131,
35281,
35506,
35656,
35806,
36031,
36181,
36406,
36556,
36781,
36931,
37081,
37231,
37456,
37681,
37906,
38056,
38281,
38431,
38731,
38956,
39181,
39331,
39556,
39706,
39931,
40081,
40231,
40456,
40606,
40831,
41131,
41356,
41581,
41731,
41956,
42106,
42331,
42481,
42631,
42856,
43006,
43231,
43606,
43756,
43981,
44131,
44356,
44581,
44731,
44956,
45106,
45331,
45481,
45706,
45856,
46081,
46306,
46456,
46681,
48031,
48331,
48481,
48781,
48931,
49231,
49381,
49681,
49981,
50130,
50430,
50730,
50880,
51180,
51330,
51630,
51780,
52080,
52230,
52530,
53430,
54030,
54180,
54630,
55230,
56430,
56880,
57030,
57480,
57630,
58230,
58680,
58830,
59580,
59730,
60030,
60330,
60480,
60780,
60930,
61230,
61530,
61830,
62130,
62430,
63480,
63630,
64080,
64230,
65430,
66030,
66180,
66330,
66930,
67230,
67680,
67980,
68280,
68430,
68580,
68805,
69030,
69330,
69930,
70230,
70530,
70755,
70980,
71130,
71280,
71580,
71880,
72030,
72480,
72780,
73080,
73230,
73380,
73605,
73830,
73980,
74730,
75030,
75180,
75555,
75780,
75930,
76080,
76380,
76680,
76830,
77280,
77580,
77880,
78180,
78405,
78630,
78930,
79530,
79830,
80130,
80355,
80580,
80730,
80880,
81180,
81330,
81480,
82080,
82380,
82680,
82980,
83205,
83430,
83580,
83880,
84030,
85230,
85530,
85830,
86430,
86655,
86880,
87180,
87330,
87480,
87705,
87930,
88080,
88230,
88380,
88605,
88830,
89055,
89280,
89430,
89655,
89880,
90030,
90255,
90480,
90630,
90855,
91080,
91380,
91605,
91830,
91980,
92205,
92430,
92655,
92880,
93030,
93180,
93330,
93555,
93780,
93930,
94080,
94305,
94455,
94605,
94830,
95055,
95205,
95430,
95580,
95730,
95880,
96105,
96330,
96480,
96630,
96780,
97005,
97230,
97455,
97680,
97980,
98130,
98280,
98505,
98730,
98880,
99105,
99330,
99480,
99705,
99930,
100079,
100304,
100529,
100679,
100829,
101054,
101279,
101429,
101579,
101729,
101954,
102179,
102404,
102629,
102779,
103004,
103229,
103454,
103604,
103829,
103979,
104129,
104279,
104579,
104729,
104879,
105104,
105254,
105404,
105629,
105779,
105929,
106229,
106379,
106529,
106754,
106904,
107129,
107279,
107429,
107729,
107954,
108104,
108329,
108479,
108704,
108929,
109154,
109304,
109454,
109679,
109829,
110054,
110204,
110429,
110654,
110804,
110954,
111179,
111329,
111554,
111779,
111929,
112154,
112304,
112529,
112679,
112904,
113054,
113279,
113504,
113654,
113879,
114029,
114329,
114479,
114629,
114854,
115079,
115229,
115454,
115604,
115754,
115979,
116129,
116354,
116529,
116729,
116879,
117129,
117329,
117479,
117629,
117854,
118004,
118229,
118379,
118529,
118829,
119054,
119204,
119429,
119579,
119804,
119954,
120104,
120329,
120554,
120704,
120854,
121079,
121229,
121454,
121679,
121829,
121979,
122204,
122429,
122654,
122879,
123029,
123254,
123479,
123629,
123779,
124004,
124154,
124304,
124454,
124604,
124829,

2 Column Long Note Times:
7831,
8431,
46831,
47431,
78030,
81630,
82830,

2 Column Release Times:
8281,
8881,
47281,
47881,
78067,
81667,
82867,

3 Column Hit Times:
931,
3331,
3931,
5731,
6031,
6931,
7831,
9706,
9931,
10156,
10381,
10531,
10756,
10906,
11131,
11281,
11656,
11806,
12031,
12181,
12331,
12556,
12781,
12931,
13081,
13306,
13531,
13756,
13906,
14131,
14281,
14506,
14731,
14956,
15181,
15331,
15556,
15706,
15931,
16081,
16306,
16456,
16606,
16831,
16981,
17206,
17356,
17581,
17731,
17881,
18031,
18256,
18481,
18706,
18856,
19081,
19231,
19531,
19756,
19981,
20131,
20356,
20506,
20731,
20881,
21031,
21256,
21406,
21631,
21931,
22156,
22381,
22531,
22756,
22906,
23131,
23281,
23431,
23656,
23806,
24031,
24406,
24556,
24781,
24931,
25156,
25381,
25531,
25756,
25906,
26131,
26281,
26506,
26656,
26881,
27106,
27256,
27481,
27781,
27931,
28231,
28381,
28831,
28981,
29131,
29281,
29656,
29806,
30031,
30331,
30556,
30781,
30931,
31081,
31231,
31456,
31606,
31831,
32056,
32206,
32431,
32581,
32731,
33031,
33256,
33406,
33556,
33781,
33931,
34081,
34306,
34531,
34681,
34981,
35131,
35356,
35581,
35731,
35956,
36106,
36331,
36481,
36631,
36856,
37006,
37231,
37381,
37606,
37756,
37981,
38206,
38356,
38506,
38731,
38881,
39106,
39331,
39481,
39631,
39856,
40006,
40231,
40381,
40531,
40756,
40906,
41131,
41281,
41656,
41806,
42031,
42181,
42331,
42631,
42781,
42931,
43156,
43381,
43531,
43681,
43906,
44056,
44206,
44431,
44656,
44806,
45031,
45181,
45331,
45556,
45781,
46006,
46156,
46381,
46606,
46756,
48031,
48631,
49156,
49606,
49831,
51030,
51555,
52005,
52230,
52380,
52530,
52830,
53880,
54030,
54480,
54630,
55830,
56430,
56580,
57030,
57180,
57630,
57930,
58080,
58380,
58530,
58830,
59130,
59430,
60630,
61080,
61230,
61980,
62130,
63030,
63630,
63780,
64230,
64830,
66030,
66255,
66930,
67080,
67230,
67530,
67830,
68130,
68355,
68580,
68730,
68880,
69180,
70080,
70380,
70680,
70830,
70980,
71205,
71430,
71730,
71880,
72330,
72630,
72780,
73155,
73380,
73530,
73680,
73980,
74880,
75180,
75480,
75630,
75780,
76005,
76230,
76380,
76530,
76830,
77130,
77430,
77730,
77955,
78180,
78330,
78480,
78780,
79680,
79980,
80280,
80580,
80805,
81030,
81405,
81555,
81930,
82230,
82380,
82755,
82980,
83130,
83280,
83580,
83730,
84030,
84330,
84630,
84930,
85230,
85830,
86280,
86505,
86730,
86880,
87030,
87180,
87405,
87630,
87855,
88080,
88380,
88530,
88680,
88905,
89130,
89280,
89505,
89730,
89880,
90105,
90330,
90480,
90705,
90930,
91080,
91230,
91455,
91680,
91830,
91980,
92130,
92355,
92580,
92805,
93030,
93180,
93405,
93630,
93855,
94005,
94230,
94380,
94530,
94680,
94980,
95130,
95280,
95505,
95655,
95805,
96030,
96255,
96480,
96780,
96930,
97080,
97305,
97530,
97680,
97830,
97980,
98205,
98430,
98655,
98880,
99030,
99255,
99480,
99630,
99855,
100079,
100229,
100454,
100679,
100979,
101204,
101429,
101579,
101804,
102029,
102254,
102479,
102629,
102779,
102929,
103154,
103379,
103529,
103679,
103904,
104054,
104204,
104429,
104654,
104804,
105029,
105179,
105329,
105554,
105704,
105929,
106079,
106229,
106454,
106604,
106829,
106979,
107129,
107429,
107654,
107804,
108029,
108254,
108404,
108629,
108854,
109004,
109229,
109379,
109604,
109754,
109904,
110129,
110354,
110504,
110729,
110879,
111029,
111254,
111479,
111704,
111929,
112079,
112379,
112529,
112754,
112979,
113204,
113354,
113579,
113804,
114029,
114179,
114404,
114554,
114704,
114929,
115154,
115304,
115529,
115679,
115904,
116054,
116204,
116429,
116579,
116829,
117029,
117179,
117429,
117629,
117929,
118229,
118454,
118604,
118829,
118979,
119129,
119504,
119654,
119879,
120029,
120254,
120404,
120629,
120779,
120929,
121154,
121304,
121529,
121679,
121829,
122054,
122279,
122429,
122579,
122804,
122954,
123104,
123329,
123554,
123704,
123854,
124079,
124229,
124379,
124529,
124754,

3 Column Long Note Times:
8431,
9031,
47431,
80430,

3 Column Release Times:
8881,
9481,
47881,
80467,

4 Column Hit Times:
32,
2131,
2431,
7231,
7831,
8431,
9631,
9856,
10006,
10231,
10381,
10531,
10831,
10981,
11131,
11281,
11506,
11731,
11956,
12106,
12331,
12481,
12706,
12931,
13081,
13231,
13531,
13681,
13831,
14131,
14281,
14431,
14656,
14806,
15031,
15256,
15406,
15631,
15931,
16081,
16231,
16531,
16831,
17056,
17281,
17581,
17731,
17956,
18106,
18331,
18481,
18631,
18931,
19081,
19231,
19456,
19606,
19831,
19981,
20131,
20431,
20581,
20731,
20881,
21106,
21331,
21481,
21631,
21856,
22006,
22231,
22381,
22531,
22681,
22981,
23131,
23356,
23506,
23731,
23881,
24031,
24256,
24481,
24631,
24781,
24931,
25081,
25306,
25531,
25681,
25831,
26056,
26206,
26431,
26731,
26881,
27031,
27331,
27481,
27631,
28081,
28231,
28531,
28681,
28831,
29131,
29281,
29506,
29731,
29881,
30031,
30256,
30406,
30631,
30781,
30931,
31231,
31531,
31681,
31981,
32131,
32356,
32656,
32806,
33031,
33181,
33331,
33631,
33931,
34081,
34231,
34531,
34681,
34831,
35056,
35206,
35431,
35731,
35881,
36031,
36331,
36481,
36706,
36931,
37231,
37381,
37531,
37831,
37981,
38131,
38431,
38581,
38731,
38881,
39256,
39406,
39631,
39931,
40156,
40381,
40531,
40831,
40981,
41131,
41281,
41506,
41731,
41881,
42031,
42256,
42406,
42631,
42781,
42931,
43081,
43306,
43531,
43681,
43831,
44131,
44281,
44431,
44731,
44881,
45031,
45181,
45331,
45631,
45781,
45931,
46231,
46381,
46531,
46831,
47431,
52830,
53130,
53280,
53580,
53730,
54030,
54405,
55230,
55830,
56280,
56805,
57180,
57330,
57630,
58755,
59280,
59430,
60030,
60630,
61230,
61380,
61605,
62430,
63030,
63555,
63930,
64380,
64530,
64830,
65130,
65280,
65580,
65730,
65955,
66255,
66480,
66630,
67230,
67530,
67830,
67980,
68355,
68730,
68880,
69030,
69330,
69630,
70080,
70230,
70530,
70680,
70830,
71205,
71430,
71580,
72030,
72330,
72630,
72930,
73155,
73530,
73680,
73830,
74130,
74430,
74880,
75030,
75330,
75480,
75630,
76005,
76230,
76530,
77130,
77430,
77580,
77955,
78330,
78480,
78630,
78930,
79680,
79830,
80130,
80280,
80805,
81180,
81405,
81555,
81930,
82230,
82530,
82755,
83130,
83280,
83430,
83730,
83880,
84030,
85230,
86130,
86430,
86580,
86805,
87030,
87255,
87555,
87780,
87930,
88155,
88305,
88530,
88680,
88830,
88980,
89205,
89430,
89580,
89805,
90030,
90180,
90405,
90630,
90780,
91005,
91230,
91380,
91530,
91680,
91905,
92130,
92280,
92505,
92730,
92955,
93105,
93255,
93480,
93630,
93780,
94080,
94230,
94380,
94530,
94755,
94905,
95130,
95355,
95505,
95655,
95805,
95955,
96180,
96330,
96555,
96705,
96930,
97080,
97230,
97380,
97605,
97830,
98055,
98355,
98580,
98730,
98955,
99105,
99330,
99555,
99780,
99930,
100154,
100304,
100529,
100754,
100904,
101129,
101354,
101504,
101654,
101879,
102029,
102179,
102329,
102479,
102704,
102929,
103079,
103304,
103529,
103754,
103904,
104054,
104204,
104429,
104579,
104879,
105029,
105179,
105329,
105479,
105629,
105929,
106154,
106304,
106529,
106829,
107129,
107354,
107504,
107729,
107879,
108029,
108179,
108479,
108629,
108779,
108929,
109229,
109379,
109529,
109829,
109979,
110129,
110429,
110579,
110729,
110879,
111104,
111404,
111629,
111854,
112079,
112229,
112379,
112604,
112829,
112979,
113129,
113429,
113579,
113729,
113954,
114104,
114329,
114629,
114779,
114929,
115229,
115379,
115529,
115829,
116129,
116279,
116429,
116729,
116929,
117329,
117529,
117704,
117929,
118079,
118229,
118529,
118754,
118904,
119129,
119354,
119504,
119729,
119879,
120029,
120179,
120479,
120629,
120779,
121004,
121229,
121379,
121529,
121754,
121904,
122129,
122429,
122579,
122729,
123029,
123179,
123329,
123479,
123629,
123929,
124079,
124229,
124379,
124529,
124679,
124829,

4 Column Long Note Times:
9031,
48031,
76830,
79230,
80430,
81030,

4 Column Release Times:
9481,
51930,
76867,
79267,
80467,
81067,

