Artist : Various Artists
Song Name : Jumpstream Practice Pack (JPP)
Difficulty : 0
BPM : 190
Background Image : charts\Various Artists-Jumpstream Practice Pack (JPP)\Exile.jpg
Audio : charts\Various Artists-Jumpstream Practice Pack (JPP)\ Exile.mp3

1 Column Hit Times:
14326,
14804,
15090,
15472,
15854,
16237,
16619,
16810,
17096,
17383,
17670,
18052,
18530,
19103,
19485,
19867,
20440,
20918,
21205,
21587,
21969,
22351,
22733,
23116,
23593,
23880,
24262,
24549,
24835,
25409,
26364,
26555,
26842,
27128,
27319,
27606,
27988,
28179,
28466,
28848,
29326,
29612,
29899,
30377,
30568,
30854,
31141,
31523,
31810,
32096,
32383,
32670,
33052,
33530,
33816,
34007,
34294,
34581,
34867,
35058,
35345,
35727,
36109,
36300,
36587,
36874,
37256,
37638,
38020,
38211,
38498,
38784,
38975,
39358,
39549,
39835,
40026,
40313,
40504,
40886,
41077,
41364,
41555,
41842,
42033,
42415,
42606,
42893,
43084,
43370,
43561,
43944,
44135,
44421,
44612,
44851,
45090,
45281,
45568,
45854,
46046,
46332,
46619,
46810,
47096,
47383,
47574,
47861,
48147,
48339,
48530,
48816,
49103,
49389,
49676,
49963,
50249,
50440,
50632,
50918,
51205,
51396,
51682,
51969,
52160,
52447,
52733,
52925,
53211,
53498,
53689,
53975,
54262,
54453,
54740,
55026,
55218,
55504,
55791,
55982,
56364,
56555,
56746,
57033,
57319,
57511,
57797,
58084,
58275,
58561,
58848,
59039,
59326,
59612,
59804,
60090,
60377,
60568,
60854,
61141,
61332,
61619,
61905,
62096,
62288,
62479,
62765,
62956,
63147,
63339,
63625,
63816,
64198,
64389,
64676,
64963,
65249,
65440,
65727,
65918,
66300,
66587,
66778,
67065,
67256,
67447,
67733,
68020,
68307,
68593,
68880,
69358,
69644,
70026,
70313,
70504,
70886,
71268,
71555,
72033,
72224,
72511,
72797,
72988,
73179,
73561,
73848,
74135,
74326,
74517,
74804,
75090,
75472,
75759,
75950,
76237,
76428,
76810,
77001,
77192,
77383,
77670,
77861,
78052,
78530,
78816,
79007,
79294,
79485,
79867,
80058,
80345,
80632,
80823,
81014,
81300,
81587,
81778,
81969,
82256,
82542,
82829,
83116,
83402,
83689,
83975,
84262,
84453,
84644,
84931,
85122,
85409,
85600,
85791,
85982,
86268,
86460,
86651,
86937,
87128,
87319,
87606,
87797,
88084,
88370,
88657,
88944,
89230,
89517,
89804,
90090,
90377,
90759,
91237,
91619,
91905,
92192,
92479,
92670,
93052,
93434,
93721,
94007,
94198,
94389,
94581,
94963,
95154,
95536,
95823,
96109,
96491,
96874,
97256,
97447,
97829,
98116,
98402,
98593,
98880,
99167,
99358,
99549,
99740,
99931,
100122,
100504,
100695,
100886,
101268,
101460,
101746,
101937,
102224,
102511,
102702,
102988,
103179,
103561,
103753,
103944,
104326,
104517,
104804,
104995,
105281,
105568,
105759,
106046,
106237,
106619,
106810,
107001,
107383,
107574,
107861,
108052,
108339,
108625,
108816,
109103,
109294,
109676,
109867,
110058,
110440,
110632,
110918,
111109,
111396,
111587,
111969,
112160,
112447,
112638,
112925,
113116,
113498,
113689,
113975,
114167,
114453,
114644,
115026,
115218,
115504,
115695,
115982,
116173,
116555,
116746,
117033,
117224,
117511,
117702,
118084,
118275,
118561,
118848,
119039,
119230,
119517,
119804,
119995,
120281,
120568,
120854,
121141,
121332,
121619,
121810,
122096,
122288,
122670,
122861,
123052,
123339,
123530,
123816,
124007,
124198,
124389,

1 Column Long Note Times:
2097,
8211,

1 Column Release Times:
3625,
9740,

2 Column Hit Times:
2097,
14517,
14899,
15377,
15854,
16332,
16619,
17001,
17383,
17574,
17861,
18147,
18434,
18721,
19294,
19581,
20058,
20440,
20823,
21205,
21491,
21969,
22447,
22733,
23020,
23307,
23689,
23975,
24262,
24644,
24931,
25218,
26364,
26555,
27033,
27415,
27702,
27893,
28275,
28657,
28944,
29230,
29421,
29708,
30090,
30377,
30759,
30950,
31237,
31523,
31905,
32192,
32479,
32765,
33052,
33339,
33625,
33816,
34103,
34485,
34772,
34963,
35345,
35632,
35823,
36109,
36491,
36778,
37160,
37447,
37733,
38020,
38307,
38593,
38784,
39071,
39262,
39549,
39740,
40122,
40313,
40600,
40791,
41077,
41268,
41651,
41842,
42128,
42319,
42606,
42797,
43179,
43370,
43657,
43848,
44135,
44326,
44804,
44995,
45281,
45472,
45759,
46046,
46237,
46523,
46810,
47001,
47288,
47574,
47765,
48052,
48339,
48625,
48912,
49103,
49294,
49581,
49772,
50058,
50249,
50632,
50823,
51109,
51396,
51587,
51874,
52160,
52351,
52638,
52925,
53116,
53402,
53689,
53880,
54167,
54453,
54644,
54931,
55218,
55409,
55695,
55886,
56173,
56364,
56651,
56842,
57128,
57319,
57702,
57893,
58179,
58370,
58657,
58848,
59230,
59421,
59708,
59899,
60186,
60377,
60759,
60950,
61237,
61428,
61714,
61905,
62096,
62383,
62574,
62765,
62956,
63195,
63434,
63625,
63912,
64103,
64389,
64581,
64867,
65058,
65345,
65536,
65823,
66014,
66300,
66491,
66778,
66969,
67256,
67638,
67925,
68211,
68593,
68784,
69071,
69358,
69740,
69931,
70218,
70600,
70886,
71173,
71460,
71651,
71937,
72319,
72606,
72797,
72988,
73275,
73466,
73753,
74039,
74326,
74612,
74899,
75186,
75472,
75663,
76046,
76237,
76523,
76714,
77001,
77192,
77383,
77574,
77861,
78052,
78243,
78530,
78721,
79103,
79294,
79581,
79772,
80058,
80249,
80536,
80823,
81109,
81396,
81587,
81969,
82160,
82447,
82638,
82925,
83116,
83307,
83593,
83784,
84071,
84262,
84644,
84835,
85026,
85313,
85504,
85791,
85982,
86173,
86555,
86746,
87033,
87224,
87415,
87606,
87893,
88179,
88466,
88848,
89230,
89612,
89899,
90186,
90472,
90759,
91046,
91332,
91523,
91810,
92001,
92288,
92574,
92861,
93147,
93434,
93816,
94007,
94198,
94485,
94676,
94963,
95249,
95440,
95727,
96109,
96396,
96682,
96969,
97256,
97542,
97733,
98020,
98402,
98689,
98975,
99167,
99358,
99549,
99740,
99931,
100218,
100409,
100695,
100982,
101173,
101460,
101651,
102033,
102224,
102415,
102797,
102988,
103275,
103466,
103753,
104039,
104230,
104517,
104708,
105090,
105281,
105472,
105854,
106046,
106332,
106523,
106810,
107096,
107288,
107574,
107765,
108147,
108339,
108530,
108912,
109103,
109389,
109581,
109867,
110154,
110345,
110632,
110823,
111205,
111396,
111682,
111874,
112160,
112351,
112733,
112925,
113211,
113402,
113689,
113880,
114262,
114453,
114740,
114931,
115218,
115409,
115791,
115982,
116268,
116460,
116746,
116937,
117319,
117511,
117797,
117988,
118275,
118466,
118753,
119039,
119326,
119612,
119804,
120090,
120377,
120568,
120759,
121046,
121332,
121523,
121905,
122096,
122383,
122574,
122861,
123147,
123434,
123625,
124007,
124198,
124389,

2 Column Long Note Times:
5154,
11268,

2 Column Release Times:
6682,
12797,

3 Column Hit Times:
14708,
15090,
15377,
16046,
16428,
16905,
17192,
17479,
17765,
18339,
18625,
18912,
19294,
19676,
19963,
20345,
20823,
21014,
21396,
21778,
22160,
22542,
22829,
23116,
23498,
23880,
24167,
24453,
24740,
25026,
26077,
26268,
26460,
26746,
26937,
27224,
27702,
28084,
28370,
28561,
28848,
29135,
29517,
29804,
29995,
30281,
30663,
31046,
31332,
31619,
31905,
32288,
32574,
32956,
33243,
33434,
33721,
34198,
34485,
34676,
34963,
35249,
35440,
35918,
36205,
36491,
36682,
36969,
37256,
37542,
37829,
38116,
38402,
38593,
38880,
39167,
39358,
39644,
39931,
40122,
40409,
40695,
40886,
41268,
41460,
41746,
42033,
42224,
42511,
42797,
42988,
43275,
43561,
43753,
44039,
44326,
44517,
44756,
44899,
45090,
45472,
45663,
45950,
46141,
46428,
46619,
47001,
47192,
47479,
47670,
47956,
48147,
48530,
48721,
48912,
49294,
49485,
49867,
50058,
50345,
50536,
50823,
51014,
51300,
51491,
51778,
51969,
52351,
52542,
52829,
53020,
53307,
53498,
53880,
54071,
54358,
54549,
54835,
55026,
55409,
55600,
55982,
56173,
56460,
56651,
56937,
57128,
57415,
57606,
57893,
58084,
58466,
58657,
58944,
59135,
59421,
59612,
59995,
60186,
60472,
60663,
60950,
61141,
61523,
61714,
62001,
62192,
62383,
62574,
62861,
63052,
63243,
63434,
63721,
64007,
64294,
64581,
64772,
65154,
65345,
65632,
65823,
66109,
66396,
66682,
66874,
67065,
67351,
67542,
67829,
68116,
68402,
68689,
68975,
69167,
69453,
69835,
70122,
70504,
70695,
70982,
71364,
71651,
71842,
72128,
72415,
72606,
72893,
73179,
73466,
73657,
73944,
74135,
74517,
74708,
74995,
75281,
75663,
75854,
76141,
76428,
76619,
76905,
77096,
77288,
77574,
77765,
77956,
78147,
78434,
78721,
78912,
79198,
79485,
79676,
79963,
80249,
80440,
80727,
80918,
81205,
81396,
81682,
81874,
82160,
82351,
82733,
82925,
83307,
83498,
83880,
84071,
84358,
84549,
84835,
85026,
85218,
85504,
85695,
85886,
86173,
86364,
86651,
86842,
87033,
87319,
87511,
87702,
87988,
88275,
88561,
88848,
89135,
89421,
89708,
89995,
90281,
90568,
90854,
91141,
91428,
91714,
92096,
92383,
92670,
92956,
93243,
93530,
93912,
94103,
94294,
94581,
94867,
95345,
95632,
95918,
96300,
96587,
96874,
97065,
97351,
97638,
98020,
98307,
98593,
98784,
99071,
99262,
99453,
99644,
99835,
100122,
100313,
100600,
100791,
101077,
101268,
101651,
101842,
102128,
102319,
102606,
102797,
103179,
103370,
103657,
103848,
104135,
104326,
104708,
104899,
105186,
105377,
105663,
105854,
106237,
106428,
106714,
106905,
107192,
107383,
107765,
107956,
108243,
108434,
108721,
108912,
109294,
109485,
109772,
109963,
110249,
110440,
110823,
111014,
111205,
111587,
111778,
111969,
112351,
112542,
112733,
113116,
113307,
113498,
113784,
114071,
114358,
114549,
114835,
115122,
115409,
115600,
115791,
116173,
116364,
116555,
116842,
117128,
117415,
117606,
117893,
118179,
118466,
118657,
118944,
119135,
119421,
119612,
119995,
120186,
120472,
120663,
120950,
121141,
121523,
121714,
122001,
122192,
122479,
122670,
122956,
123243,
123434,
123721,
123912,
124103,
124294,

3 Column Long Note Times:
6682,
12797,

3 Column Release Times:
8211,
14326,

4 Column Hit Times:
14326,
14708,
15281,
15663,
16237,
16714,
17001,
17192,
17765,
18147,
18530,
18912,
19389,
19676,
20058,
20249,
20632,
21109,
21587,
22351,
22638,
22925,
23498,
23784,
24071,
24358,
24644,
25026,
25409,
25791,
25982,
26460,
26651,
26937,
27319,
27511,
27797,
28084,
28466,
28753,
29039,
29230,
29612,
29995,
30186,
30472,
30759,
31141,
31428,
31714,
32001,
32288,
32670,
32861,
33147,
33434,
33912,
34198,
34389,
34676,
34867,
35154,
35536,
35727,
36014,
36396,
36874,
37065,
37351,
37638,
37925,
38402,
38689,
38975,
39167,
39453,
39740,
39931,
40218,
40504,
40695,
40982,
41173,
41460,
41651,
41937,
42224,
42415,
42702,
42988,
43179,
43466,
43753,
43944,
44230,
44517,
44708,
44899,
45186,
45377,
45663,
45854,
46237,
46428,
46714,
46905,
47192,
47383,
47765,
47956,
48243,
48434,
48721,
49007,
49198,
49485,
49676,
49867,
50154,
50440,
50727,
51014,
51205,
51587,
51778,
52065,
52256,
52542,
52733,
53116,
53307,
53593,
53784,
54071,
54262,
54644,
54835,
55122,
55313,
55600,
55791,
56077,
56268,
56555,
56746,
56937,
57224,
57511,
57702,
57988,
58275,
58466,
58753,
59039,
59230,
59517,
59804,
59995,
60281,
60568,
60759,
61046,
61332,
61523,
61810,
62192,
62479,
62670,
62861,
63052,
63243,
63530,
63816,
64007,
64198,
64485,
64772,
64963,
65154,
65440,
65632,
65918,
66205,
66491,
66682,
66874,
67160,
67447,
67829,
68211,
68498,
68975,
69262,
69549,
69740,
70122,
70409,
70791,
71077,
71268,
71746,
72033,
72415,
72702,
72893,
73084,
73370,
73561,
73944,
74230,
74421,
74708,
75090,
75377,
75568,
75854,
76046,
76332,
76619,
76810,
77096,
77288,
77479,
77670,
78147,
78339,
78625,
78912,
79103,
79389,
79676,
79867,
80154,
80440,
80632,
81014,
81205,
81491,
81778,
82065,
82351,
82542,
82733,
83020,
83211,
83498,
83689,
83880,
84167,
84453,
84740,
84931,
85218,
85409,
85600,
85886,
86077,
86364,
86555,
86937,
87224,
87511,
87702,
88084,
88466,
88753,
89039,
89326,
89612,
89995,
90377,
90663,
90950,
91141,
91523,
91905,
92288,
92765,
93052,
93339,
93625,
93816,
94103,
94389,
94772,
95058,
95345,
95727,
96014,
96205,
96491,
96778,
97160,
97638,
97925,
98211,
98498,
98784,
98975,
99262,
99453,
99644,
99835,
100026,
100313,
100504,
100886,
101077,
101364,
101555,
101842,
102033,
102415,
102606,
102893,
103084,
103370,
103561,
103944,
104135,
104421,
104612,
104899,
105090,
105472,
105663,
105950,
106141,
106428,
106619,
107001,
107192,
107479,
107670,
107956,
108147,
108530,
108721,
109007,
109198,
109485,
109676,
110058,
110249,
110536,
110727,
111014,
111300,
111491,
111778,
112065,
112256,
112542,
112829,
113020,
113307,
113593,
113880,
114071,
114262,
114644,
114835,
115026,
115313,
115600,
115886,
116077,
116364,
116651,
116937,
117128,
117319,
117702,
117893,
118084,
118370,
118657,
118848,
119230,
119421,
119708,
119899,
120186,
120377,
120759,
120950,
121237,
121428,
121714,
121905,
122288,
122479,
122765,
123052,
123243,
123625,
123816,
124103,
124294,

4 Column Long Note Times:
3625,
9740,

4 Column Release Times:
5154,
11268,

