Artist : Various Artists
Song Name : Jumpstream Practice Pack (JPP)
Difficulty : 0
BPM : 190
Background Image : charts\Various Artists-Jumpstream Practice Pack (JPP)\Out Of Blue.png
Audio : charts\Various Artists-Jumpstream Practice Pack (JPP)\ Out Of Blue.ogg

1 Column Hit Times:
548,
911,
1275,
1638,
2002,
2366,
2729,
3093,
3457,
3820,
4184,
4548,
4911,
5275,
5638,
6002,
6366,
6729,
7093,
7457,
7820,
8184,
8548,
8911,
9275,
9638,
10002,
10366,
10729,
11093,
11275,
11457,
11638,
11820,
12093,
12366,
12548,
12911,
13275,
13457,
13820,
14002,
14366,
14729,
14911,
15275,
15457,
15820,
16184,
16366,
16638,
16820,
17002,
17275,
17457,
17638,
17820,
18002,
18366,
18729,
19093,
19457,
19820,
20184,
20366,
20638,
20911,
21093,
21275,
21548,
21729,
21911,
22184,
22366,
22548,
22729,
23002,
23184,
23366,
23638,
23820,
24002,
24184,
24457,
24638,
24820,
25093,
25275,
25457,
25638,
25911,
26093,
26275,
26548,
26729,
26911,
27093,
27366,
27548,
27729,
28002,
28184,
28366,
28548,
28820,
29002,
29184,
29457,
29638,
29820,
30002,
30275,
30457,
30638,
30911,
31093,
31275,
31457,
31820,
32093,
32275,
32457,
32729,
32911,
33093,
33275,
33548,
33729,
33911,
34184,
34366,
34548,
34729,
35002,
35184,
35366,
35638,
35820,
36002,
36184,
36457,
36638,
36820,
37093,
37275,
37457,
37638,
37911,
38093,
38275,
38548,
38729,
38911,
39093,
39366,
39548,
39729,
40002,
40184,
40366,
40548,
40820,
41002,
41184,
41457,
41638,
41820,
42002,
42275,
42457,
42820,
43002,
43275,
43457,
43729,
44002,
44184,
44729,
45093,
45457,
45820,
46184,
46548,
46911,
47275,
47638,
48002,
48366,
48729,
49093,
49457,
49820,
50184,
50548,
50911,
51275,
51638,
52002,
52366,
52729,
53093,
53457,
53820,
54184,
54548,
54911,
55275,
55638,
56002,
56366,
56729,
57093,
57457,
57820,
58184,
58548,
58911,
59275,
59638,
60002,
60366,
60729,
61093,
61457,
61729,
61911,
62275,
62820,
63184,
63366,
63729,
64275,
64638,
64820,
65184,
65729,
66093,
66275,
66638,
67184,
67548,
67729,
68093,
68275,
68457,
68638,
68820,
69002,
69184,
69548,
69729,
69911,
70093,
70275,
70457,
70638,
71002,
71184,
71366,
71548,
71729,
71911,
72093,
72457,
72638,
72820,
73002,
73184,
73366,
73548,
73911,
74093,
74275,
74457,
74638,
74820,
75002,
75366,
75548,
75729,
75911,
76093,
76275,
76457,
76820,
77002,
77184,
77366,
77548,
77729,
77911,
78275,
78457,
78729,
78911,
79184,
79366,
79729,
79911,
80093,
80275,
80457,
80638,
80820,
81184,
81366,
81548,
81729,
81911,
82093,
82275,
82638,
82820,
83002,
83184,
83366,
83548,
83729,
84093,
84275,
84457,
84638,
84820,
85002,
85184,
85548,
85729,
85911,
86093,
86275,
86457,
86638,
87002,
87184,
87366,
87548,
87729,
87911,
88093,
88457,
88638,
88820,
89002,
89184,
90820,
91093,
91275,
91457,
91638,
92093,
92275,
92548,
92729,
92911,
93184,
93457,
93638,
93820,
94093,
94275,
94548,
94729,
95002,
95184,
95457,
95638,
95820,
96184,
96366,
96548,
96820,
97093,
97275,
97457,
97729,
97911,
98184,
98366,
98638,
98820,
99002,
99275,
99457,
99638,
100002,
100184,
100366,
100638,
100820,
101093,
101457,
101638,
101820,
102002,
102184,
102366,
102638,
102911,
103093,
103275,
103548,
103729,
104002,
104184,
104457,
104638,
104820,
105002,
105184,
105457,
105638,
105820,
106002,
106366,
106548,
106729,
107002,
107184,
107366,
107638,
107820,
108093,
108366,
108548,
108729,
108911,
109275,
109457,
109638,
109911,
110093,
110275,
110548,
110729,
111002,
111184,
111457,
111638,
111820,
112184,
112366,
112548,
112729,
113275,
113638,
114184,
114366,
114638,
114820,
115093,
115275,
115457,
115729,
116002,
116184,
116366,
116638,
116820,
117002,
117275,
117457,
117638,
118002,
118184,
118366,
118548,
118729,
119002,
119184,
119366,
119638,
119820,
120002,
120275,
120457,
120729,
120911,
121184,
121366,
121638,
121820,
122002,
122366,
122548,
122729,
123002,
123184,
123366,
123638,
123820,
124002,
124184,
124366,
124548,
124820,
125002,
125184,
125457,
125638,
125911,
126184,
126366,
126548,
126820,
127002,
127275,
127457,
127729,
127911,
128184,
128366,
128548,
128820,
129093,
129275,
129457,
129729,
129911,
130184,
130366,
130638,
130820,
131093,
131275,
131457,
131729,
132002,
132184,
132366,
132638,
132820,
133093,
133275,
133548,
133729,
134002,
134184,
134366,
134729,
134911,
135184,
135457,
135729,
135911,
136457,
137093,
137366,
137638,
138002,
138366,
138548,
138820,
139093,
139457,
139820,
140002,
140275,
140548,
140911,
141275,
141457,
141729,
142002,
142366,
142729,
142911,
143184,
143366,
143638,
143820,
144002,
144184,
144366,
144638,
144820,
145093,
145275,
145457,
145638,
145820,
146093,
146275,
146548,
146729,
146911,
147093,
147275,
147548,
147729,
148002,
148184,
148366,
148548,
148729,
149002,
149184,
149457,
149638,
149820,
150002,
150184,
150457,
150638,
150911,
151093,
151275,
151457,
151638,
151911,
152093,
152366,
152548,
152729,
152911,
153093,
153366,
153548,
153820,
154002,
154184,
154366,
154548,
154729,
155093,
155366,
155548,
155820,
156002,
156184,
156548,
156820,
157002,
157275,
157457,
157638,
158002,
158275,
158457,
158729,
158911,
159093,
159457,
159729,
159911,
160184,
160366,
160548,
160911,
161184,
161366,
161638,
161820,
162002,
162366,
162638,
162820,
163093,
163275,
163457,
163820,
164093,
164275,
164548,
164729,
164911,
165275,
165548,
165729,
166002,
166184,
166366,
166729,
167002,
167184,
167457,
167638,
167820,
168184,
168457,
168638,
168911,
169093,
169275,
169638,
169911,
170093,
170275,
170457,
170638,
170911,
171184,
171457,
171638,
171820,
172002,
172184,
172366,
172638,
172820,
173184,
173457,
173638,
173820,
174093,
174275,
174638,
174911,
175093,
175275,
175548,
175729,
176093,
176366,
176548,
176729,
177002,
177184,
177548,
177820,
178002,
178275,
178457,
178729,
178911,
179093,
179457,
179638,
179820,
180093,
180366,
180638,
180911,
181093,
181275,
181457,
182093,
182366,
182548,
182729,
182911,
183548,
183821,
184008,
184294,
184490,
184688,
184987,
185395,
185601,
185921,
186151,
186381,
186726,
187083,
187458,
187715,
188125,
188408,
188700,
189166,
189486,
190052,
190695,
191148,
191993,

1 Column Long Note Times:
113002,
113911,
193153,

1 Column Release Times:
113093,
114002,
198423,

2 Column Hit Times:
729,
911,
1184,
1457,
1638,
1911,
2184,
2366,
2638,
2911,
3093,
3366,
3638,
3820,
4093,
4366,
4548,
4820,
5093,
5275,
5548,
5820,
6002,
6275,
6548,
6729,
7002,
7275,
7457,
7729,
8002,
8184,
8457,
8729,
8911,
9184,
9457,
9638,
9911,
10184,
10366,
10638,
10911,
11093,
11911,
12275,
12638,
12911,
13184,
13548,
13729,
14093,
14366,
14638,
15002,
15184,
15548,
15820,
16093,
16457,
17093,
17275,
17457,
17638,
17820,
18002,
18275,
18548,
18729,
19002,
19275,
19457,
19729,
20002,
20184,
20457,
20729,
20911,
21184,
21366,
21548,
21820,
22002,
22184,
22366,
22638,
22820,
23002,
23275,
23457,
23638,
23820,
24093,
24275,
24457,
24729,
24911,
25093,
25275,
25548,
25729,
25911,
26184,
26366,
26548,
26729,
27002,
27184,
27366,
27638,
27820,
28002,
28184,
28457,
28638,
28820,
29093,
29275,
29457,
29638,
29911,
30093,
30275,
30548,
30729,
30911,
31093,
31366,
31548,
31820,
32002,
32184,
32457,
32638,
32820,
33093,
33275,
33457,
33638,
33911,
34093,
34275,
34548,
34729,
34911,
35093,
35366,
35548,
35729,
36002,
36184,
36366,
36548,
36820,
37002,
37184,
37457,
37638,
37820,
38002,
38275,
38457,
38638,
38911,
39093,
39275,
39457,
39729,
39911,
40093,
40366,
40548,
40729,
40911,
41184,
41366,
41548,
41820,
42002,
42184,
42366,
42638,
43093,
43366,
43548,
43911,
44093,
44366,
44820,
45184,
45548,
45911,
46275,
46638,
47002,
47184,
47729,
47911,
48457,
48638,
49184,
49366,
49911,
50093,
50638,
50820,
51366,
51548,
52093,
52275,
52820,
53002,
53548,
53729,
54275,
54457,
55002,
55184,
55729,
55911,
56457,
56638,
57184,
57366,
57911,
58093,
58638,
58820,
59366,
59548,
60093,
60275,
60820,
61002,
61548,
62093,
62457,
62638,
63002,
63548,
63911,
64093,
64457,
65002,
65366,
65548,
65911,
66457,
66820,
67002,
67366,
67548,
67729,
67911,
68093,
68275,
68457,
68820,
69002,
69184,
69366,
69548,
69729,
69911,
70275,
70457,
70638,
70820,
71002,
71184,
71366,
71729,
71911,
72093,
72275,
72457,
72638,
72820,
73184,
73366,
73548,
73729,
73911,
74093,
74275,
74638,
74820,
75002,
75184,
75366,
75548,
75729,
76093,
76275,
76457,
76638,
76820,
77002,
77184,
77548,
77729,
77911,
78093,
78275,
78548,
78729,
79002,
79184,
79366,
79548,
79729,
79911,
80093,
80457,
80638,
80820,
81002,
81184,
81366,
81548,
81911,
82093,
82275,
82457,
82638,
82820,
83002,
83366,
83548,
83729,
83911,
84093,
84275,
84457,
84820,
85002,
85184,
85366,
85548,
85729,
85911,
86275,
86457,
86638,
86820,
87002,
87184,
87366,
87729,
87911,
88093,
88275,
88457,
88638,
88820,
89184,
89366,
89638,
89911,
90093,
90366,
90638,
90911,
91093,
91275,
91457,
91729,
91911,
92093,
92366,
92548,
92820,
93002,
93275,
93457,
93638,
94002,
94184,
94366,
94638,
94820,
95002,
95275,
95457,
95729,
95911,
96093,
96366,
96548,
96729,
97002,
97184,
97457,
97638,
97911,
98093,
98366,
98548,
98729,
99093,
99275,
99457,
99729,
99911,
100093,
100366,
100548,
100820,
101002,
101275,
101457,
101638,
101820,
102002,
102184,
102366,
102548,
102820,
103002,
103275,
103457,
103729,
103911,
104184,
104366,
104548,
104729,
104911,
105184,
105366,
105638,
105911,
106093,
106275,
106548,
106729,
106911,
107275,
107457,
107638,
107911,
108093,
108275,
108548,
108820,
109002,
109184,
109457,
109638,
109820,
110184,
110366,
110638,
110820,
111002,
111275,
111457,
111729,
111911,
112093,
112366,
112548,
113275,
113820,
114093,
114366,
114548,
114729,
115002,
115275,
115457,
115638,
115911,
116093,
116366,
116548,
116820,
117093,
117275,
117548,
117729,
117911,
118184,
118366,
118548,
118729,
118911,
119093,
119548,
119729,
120002,
120184,
120366,
120548,
120820,
121002,
121184,
121457,
121638,
121911,
122093,
122275,
122548,
122729,
122911,
123275,
123457,
123638,
124002,
124184,
124366,
124548,
124729,
124911,
125366,
125638,
125820,
126093,
126275,
126548,
126729,
127002,
127184,
127457,
127638,
127820,
128093,
128366,
128548,
128729,
129002,
129184,
129457,
129638,
129911,
130093,
130366,
130548,
130729,
131002,
131275,
131457,
131638,
131911,
132093,
132366,
132548,
132820,
133002,
133275,
133457,
133638,
133911,
134184,
134366,
134638,
134911,
135093,
135457,
135729,
136366,
136911,
137184,
137548,
137820,
138002,
138184,
138457,
138638,
139002,
139275,
139457,
139638,
139911,
140093,
140457,
140729,
140911,
141093,
141366,
141548,
141911,
142184,
142366,
142548,
142820,
143002,
143457,
143820,
144275,
144457,
144911,
145275,
145729,
145911,
146366,
146729,
147184,
147366,
147820,
148184,
148638,
148820,
149275,
149638,
150093,
150275,
150729,
151093,
151548,
151729,
152184,
152548,
153002,
153184,
153638,
153911,
154093,
154275,
154457,
154729,
154911,
155275,
155729,
155911,
156184,
156366,
156729,
157184,
157366,
157638,
157820,
158184,
158638,
158820,
159093,
159275,
159638,
160093,
160275,
160548,
160729,
161093,
161548,
161729,
162002,
162184,
162548,
163002,
163184,
163457,
163638,
164002,
164457,
164638,
164911,
165093,
165457,
165911,
166093,
166366,
166548,
166911,
167366,
167548,
167820,
168002,
168366,
168820,
169002,
169275,
169457,
169820,
170002,
170184,
170366,
170548,
170820,
171093,
171275,
171457,
171638,
171820,
172002,
172184,
172548,
172729,
173002,
173275,
173638,
174002,
174184,
174457,
174729,
175093,
175457,
175638,
175911,
176184,
176548,
176911,
177093,
177366,
177638,
178002,
178184,
178457,
178729,
179093,
179275,
179548,
179820,
180002,
180275,
180457,
180729,
180911,
181093,
181275,
181548,
181729,
181911,
182184,
182366,
182548,
182729,
183002,
183184,
183366,
183638,
183821,
184102,
184294,
184589,
184788,
185089,
185293,
185601,
185806,
186151,
186381,
186726,
186964,
187330,
187715,
187988,
188262,
188554,
189006,
189486,
189863,
190468,
191148,
191711,
192714,

2 Column Long Note Times:
112820,
113548,
196886,

2 Column Release Times:
112911,
113638,
198204,

3 Column Hit Times:
638,
820,
1093,
1366,
1548,
1820,
2093,
2275,
2548,
2820,
3002,
3275,
3548,
3729,
4002,
4275,
4457,
4729,
5002,
5184,
5457,
5729,
5911,
6184,
6457,
6638,
6911,
7184,
7366,
7638,
7911,
8093,
8366,
8638,
8820,
9093,
9366,
9548,
9820,
10093,
10275,
10548,
10820,
11002,
11366,
11548,
11729,
12002,
12184,
12457,
12820,
13002,
13366,
13638,
13911,
14275,
14457,
14820,
15093,
15366,
15729,
15911,
16275,
16548,
16729,
16911,
17184,
17729,
17911,
18093,
18366,
18638,
18820,
19093,
19366,
19548,
19820,
20093,
20275,
20548,
20729,
21002,
21184,
21457,
21638,
21820,
22002,
22275,
22457,
22638,
22911,
23093,
23275,
23457,
23729,
23911,
24093,
24366,
24548,
24729,
24911,
25184,
25366,
25548,
25820,
26002,
26184,
26366,
26638,
26820,
27002,
27275,
27457,
27638,
27820,
28093,
28275,
28457,
28729,
28911,
29093,
29275,
29548,
29729,
29911,
30184,
30366,
30548,
30729,
31002,
31184,
31366,
31638,
31729,
31911,
32093,
32366,
32548,
32729,
32911,
33184,
33366,
33548,
33820,
34002,
34184,
34366,
34638,
34820,
35002,
35275,
35457,
35638,
35820,
36093,
36275,
36457,
36729,
36911,
37093,
37275,
37548,
37729,
37911,
38184,
38366,
38548,
38729,
39002,
39184,
39366,
39638,
39820,
40002,
40184,
40457,
40638,
40820,
41093,
41275,
41457,
41638,
41911,
42093,
42548,
42729,
42911,
43184,
43366,
43638,
43820,
44093,
44548,
44911,
45275,
45638,
46002,
46366,
47366,
47548,
48093,
48275,
48820,
49002,
49548,
49729,
50275,
50457,
51002,
51184,
51729,
51911,
52457,
52638,
53184,
53366,
53911,
54093,
54638,
54820,
55366,
55548,
56093,
56275,
56820,
57002,
57548,
57729,
58275,
58457,
59002,
59184,
59729,
59911,
60457,
60638,
61184,
61366,
61638,
62002,
62184,
62366,
62729,
62911,
63093,
63457,
63638,
63820,
64184,
64366,
64548,
64911,
65093,
65275,
65638,
65820,
66002,
66366,
66548,
66729,
67093,
67275,
67457,
67820,
68002,
68184,
68366,
68548,
68729,
68911,
69275,
69457,
69638,
69820,
70002,
70184,
70366,
70729,
70911,
71093,
71275,
71457,
71638,
71820,
72184,
72366,
72548,
72729,
72911,
73093,
73275,
73638,
73820,
74002,
74184,
74366,
74548,
74729,
75093,
75275,
75457,
75638,
75820,
76002,
76184,
76548,
76729,
76911,
77093,
77275,
77457,
77638,
78002,
78184,
78366,
78548,
78820,
79093,
79457,
79638,
79820,
80002,
80184,
80366,
80548,
80911,
81093,
81275,
81457,
81638,
81820,
82002,
82366,
82548,
82729,
82911,
83093,
83275,
83457,
83820,
84002,
84184,
84366,
84548,
84729,
84911,
85275,
85457,
85638,
85820,
86002,
86184,
86366,
86729,
86911,
87093,
87275,
87457,
87638,
87820,
88184,
88366,
88548,
88729,
88911,
89093,
89275,
90729,
90911,
91366,
91548,
91820,
92002,
92184,
92366,
92638,
92820,
93093,
93275,
93548,
93729,
93911,
94184,
94366,
94548,
94911,
95093,
95275,
95548,
95729,
96002,
96184,
96457,
96638,
96911,
97093,
97275,
97548,
97820,
98002,
98184,
98457,
98638,
98911,
99093,
99366,
99548,
99820,
100002,
100184,
100457,
100729,
100911,
101093,
101275,
101548,
101729,
101911,
102093,
102275,
102548,
102729,
103002,
103184,
103366,
103638,
103820,
104002,
104366,
104548,
104729,
104911,
105093,
105275,
105548,
105729,
105911,
106184,
106366,
106638,
106820,
107093,
107275,
107457,
107729,
108002,
108184,
108366,
108638,
108820,
109093,
109275,
109548,
109729,
110002,
110184,
110366,
110548,
110911,
111093,
111275,
111548,
111729,
112002,
112184,
112457,
112638,
112911,
113457,
114002,
114275,
114457,
114638,
114911,
115093,
115366,
115548,
115820,
116002,
116184,
116457,
116729,
116911,
117093,
117457,
117638,
117820,
118002,
118275,
118820,
119002,
119275,
119457,
119638,
119820,
120093,
120366,
120548,
120729,
121093,
121275,
121457,
121729,
121911,
122184,
122366,
122638,
122820,
123093,
123275,
123457,
123729,
123911,
124093,
124729,
124911,
125093,
125275,
125548,
125729,
126002,
126184,
126366,
126638,
126911,
127093,
127275,
127548,
127729,
128002,
128184,
128457,
128638,
128911,
129093,
129275,
129548,
129820,
130002,
130184,
130457,
130638,
130911,
131093,
131366,
131548,
131820,
132002,
132184,
132457,
132729,
132911,
133093,
133366,
133548,
133820,
134002,
134275,
134548,
135002,
135184,
135366,
135638,
135820,
136184,
136729,
137275,
137457,
137729,
137911,
138275,
138548,
138729,
138911,
139184,
139366,
139729,
140002,
140184,
140366,
140638,
140820,
141184,
141457,
141638,
141820,
142093,
142275,
142638,
142911,
143093,
143548,
143729,
144184,
144548,
145002,
145184,
145638,
146002,
146457,
146638,
147093,
147457,
147911,
148093,
148548,
148911,
149366,
149548,
150002,
150366,
150820,
151002,
151457,
151820,
152275,
152457,
152911,
153275,
153729,
153911,
154093,
154275,
154457,
154638,
155002,
155184,
155457,
155638,
156002,
156457,
156638,
156911,
157093,
157457,
157911,
158093,
158366,
158548,
158911,
159366,
159548,
159820,
160002,
160366,
160820,
161002,
161275,
161457,
161820,
162275,
162457,
162729,
162911,
163275,
163729,
163911,
164184,
164366,
164729,
165184,
165366,
165638,
165820,
166184,
166638,
166820,
167093,
167275,
167638,
168093,
168275,
168548,
168729,
169093,
169548,
169729,
169911,
170093,
170275,
170457,
170729,
171002,
171275,
171548,
171911,
172275,
172548,
172911,
173275,
173457,
173729,
174002,
174366,
174729,
174911,
175184,
175457,
175820,
176184,
176366,
176638,
176911,
177275,
177638,
177820,
178093,
178366,
178548,
178820,
179002,
179457,
179729,
179911,
180184,
180548,
180729,
181002,
181184,
181457,
181638,
181820,
182002,
182184,
182457,
182638,
182911,
183093,
183275,
183457,
183638,
183914,
184196,
184392,
184589,
184887,
185191,
185395,
185703,
185921,
186266,
186496,
186845,
187202,
187458,
187851,
188262,
188554,
188847,
189326,
189863,
190242,
190921,
191711,
192275,

3 Column Long Note Times:
113184,
113729,

3 Column Release Times:
113275,
113820,

4 Column Hit Times:
548,
1002,
1275,
1729,
2002,
2457,
2729,
3184,
3457,
3911,
4184,
4638,
4911,
5366,
5638,
6093,
6366,
6820,
7093,
7548,
7820,
8275,
8548,
9002,
9275,
9729,
10002,
10457,
10729,
11184,
11820,
12184,
12548,
12729,
13093,
13275,
13638,
14002,
14184,
14548,
14729,
15093,
15457,
15638,
16002,
16184,
16548,
16729,
16911,
17093,
17366,
17548,
17729,
17911,
18184,
18457,
18911,
19184,
19638,
19911,
20366,
20548,
20820,
21093,
21275,
21457,
21638,
21911,
22093,
22275,
22548,
22729,
22911,
23093,
23366,
23548,
23729,
24002,
24184,
24366,
24548,
24820,
25002,
25184,
25457,
25638,
25820,
26002,
26275,
26457,
26638,
26911,
27093,
27275,
27457,
27729,
27911,
28093,
28366,
28548,
28729,
28911,
29184,
29366,
29548,
29820,
30002,
30184,
30366,
30638,
30820,
31002,
31275,
31457,
31638,
31729,
32002,
32184,
32366,
32548,
32820,
33002,
33184,
33457,
33638,
33820,
34002,
34275,
34457,
34638,
34911,
35093,
35275,
35457,
35729,
35911,
36093,
36366,
36548,
36729,
36911,
37184,
37366,
37548,
37820,
38002,
38184,
38366,
38638,
38820,
39002,
39275,
39457,
39638,
39820,
40093,
40275,
40457,
40729,
40911,
41093,
41275,
41548,
41729,
41911,
42184,
42366,
42548,
42729,
43093,
43275,
43457,
43820,
44002,
44184,
44548,
44911,
45275,
45638,
46002,
46366,
46729,
47093,
47457,
47820,
48184,
48548,
48911,
49275,
49638,
50002,
50366,
50729,
51093,
51457,
51820,
52184,
52548,
52911,
53275,
53638,
54002,
54366,
54729,
55093,
55457,
55820,
56184,
56548,
56911,
57275,
57638,
58002,
58366,
58729,
59093,
59457,
59820,
60184,
60548,
60911,
61275,
61638,
61820,
62002,
62366,
62548,
62729,
63093,
63275,
63457,
63820,
64002,
64184,
64548,
64729,
64911,
65275,
65457,
65638,
66002,
66184,
66366,
66729,
66911,
67093,
67457,
67638,
67820,
68002,
68184,
68548,
68729,
68911,
69093,
69275,
69457,
69638,
70002,
70184,
70366,
70548,
70729,
70911,
71093,
71457,
71638,
71820,
72002,
72184,
72366,
72548,
72911,
73093,
73275,
73457,
73638,
73820,
74002,
74366,
74548,
74729,
74911,
75093,
75275,
75457,
75820,
76002,
76184,
76366,
76548,
76729,
76911,
77275,
77457,
77638,
77820,
78002,
78184,
78366,
78638,
78911,
79093,
79275,
79457,
79638,
79820,
80184,
80366,
80548,
80729,
80911,
81093,
81275,
81638,
81820,
82002,
82184,
82366,
82548,
82729,
83093,
83275,
83457,
83638,
83820,
84002,
84184,
84548,
84729,
84911,
85093,
85275,
85457,
85638,
86002,
86184,
86366,
86548,
86729,
86911,
87093,
87457,
87638,
87820,
88002,
88184,
88366,
88548,
88911,
89093,
89275,
89548,
89820,
90002,
90275,
90548,
90729,
91002,
91184,
91366,
91638,
91820,
92002,
92184,
92457,
92729,
92911,
93093,
93366,
93548,
93820,
94002,
94275,
94457,
94729,
94911,
95093,
95366,
95638,
95820,
96002,
96275,
96457,
96729,
96911,
97184,
97366,
97638,
97820,
98002,
98275,
98548,
98729,
98911,
99184,
99366,
99638,
99820,
100093,
100275,
100548,
100729,
100911,
101184,
101366,
101548,
101729,
101911,
102093,
102457,
102729,
102911,
103093,
103457,
103638,
103820,
104093,
104275,
104457,
104638,
104820,
105093,
105275,
105457,
105820,
106002,
106184,
106457,
106638,
106911,
107093,
107366,
107548,
107820,
108002,
108184,
108457,
108729,
108911,
109093,
109366,
109548,
109820,
110002,
110275,
110457,
110729,
110911,
111093,
111366,
111638,
111820,
112002,
112275,
112457,
112729,
113093,
113638,
114002,
114184,
114548,
114729,
114911,
115184,
115366,
115638,
115820,
116093,
116275,
116548,
116729,
116911,
117184,
117366,
117548,
117820,
118093,
118275,
118457,
118638,
118911,
119093,
119275,
119457,
119729,
119911,
120184,
120457,
120638,
120911,
121093,
121275,
121548,
121820,
122002,
122184,
122457,
122638,
122911,
123093,
123366,
123548,
123820,
124093,
124275,
124457,
124638,
124820,
125093,
125275,
125457,
125820,
126002,
126275,
126457,
126729,
126911,
127093,
127366,
127638,
127820,
128002,
128275,
128457,
128729,
128911,
129184,
129366,
129638,
129820,
130002,
130275,
130548,
130729,
130911,
131184,
131366,
131638,
131820,
132093,
132275,
132548,
132729,
132911,
133184,
133457,
133638,
133820,
134093,
134275,
134548,
134729,
135002,
135275,
135638,
135820,
136002,
137275,
137638,
137820,
138093,
138366,
138729,
139093,
139275,
139548,
139820,
140184,
140548,
140729,
141002,
141275,
141638,
142002,
142184,
142457,
142729,
143093,
143275,
143457,
143638,
143911,
144093,
144366,
144548,
144729,
144911,
145093,
145366,
145548,
145820,
146002,
146184,
146366,
146548,
146820,
147002,
147275,
147457,
147638,
147820,
148002,
148275,
148457,
148729,
148911,
149093,
149275,
149457,
149729,
149911,
150184,
150366,
150548,
150729,
150911,
151184,
151366,
151638,
151820,
152002,
152184,
152366,
152638,
152820,
153093,
153275,
153457,
153638,
153820,
154002,
154184,
154366,
154548,
154820,
155093,
155275,
155457,
155820,
156093,
156275,
156548,
156729,
156911,
157275,
157548,
157729,
158002,
158184,
158366,
158729,
159002,
159184,
159457,
159638,
159820,
160184,
160457,
160638,
160911,
161093,
161275,
161638,
161911,
162093,
162366,
162548,
162729,
163093,
163366,
163548,
163820,
164002,
164184,
164548,
164820,
165002,
165275,
165457,
165638,
166002,
166275,
166457,
166729,
166911,
167093,
167457,
167729,
167911,
168184,
168366,
168548,
168911,
169184,
169366,
169638,
169820,
170002,
170184,
170366,
170548,
170729,
171093,
171366,
171548,
171729,
172093,
172457,
172729,
172911,
173093,
173366,
173548,
173911,
174184,
174366,
174548,
174820,
175002,
175366,
175638,
175820,
176002,
176275,
176457,
176820,
177093,
177275,
177457,
177729,
177911,
178184,
178366,
178638,
179184,
179366,
179638,
179911,
180184,
180366,
180548,
180820,
181366,
181638,
181820,
182002,
182275,
182820,
183093,
183275,
183457,
183729,
184008,
184196,
184490,
184688,
184987,
185191,
185498,
185806,
186036,
186267,
186611,
186964,
187202,
187586,
187851,
188125,
188408,
188847,
189166,
189674,
190242,
190695,
191429,
192274,

4 Column Long Note Times:
113366,

4 Column Release Times:
113457,

