Artist : Various Artists
Song Name : Jumpstream Practice Pack (JPP)
Difficulty : 0
BPM : 190
Background Image : charts\Various Artists-Jumpstream Practice Pack (JPP)\Potential Curve.jpg
Audio : charts\Various Artists-Jumpstream Practice Pack (JPP)\ Potential Curve.mp3

1 Column Hit Times:
321,
789,
1258,
1727,
2196,
2664,
3133,
3602,
4071,
4539,
5008,
5477,
5946,
6414,
6883,
7352,
7821,
8289,
8758,
9227,
9696,
10164,
10633,
11102,
11571,
12039,
12508,
12977,
13446,
13797,
14149,
14617,
14969,
15321,
16024,
16492,
16844,
17196,
17899,
18485,
18836,
19071,
19774,
20242,
20711,
20946,
21649,
22117,
22352,
22821,
23172,
23524,
23758,
24110,
24461,
24696,
25047,
25633,
25985,
26336,
26688,
27039,
27391,
27625,
27977,
28328,
28563,
28914,
29266,
29617,
29852,
30203,
34539,
36766,
37352,
39461,
40633,
41805,
44383,
44852,
46727,
47664,
47899,
48485,
49071,
49539,
50008,
50946,
51414,
51883,
52352,
52821,
53289,
54110,
54461,
55164,
55633,
56571,
57039,
57860,
58211,
58446,
58914,
59383,
59969,
60321,
60789,
61258,
61727,
61961,
62664,
63133,
63602,
64071,
64305,
64774,
65242,
65711,
66180,
66649,
67117,
67586,
68055,
68524,
68992,
69461,
69930,
70399,
70867,
71336,
71805,
72039,
72391,
72742,
72977,
73328,
73680,
73914,
74266,
74617,
74852,
75086,
75321,
75672,
76024,
76258,
76492,
76727,
76961,
78250,
79071,
79422,
79774,
80008,
80360,
80711,
80946,
81180,
81531,
81883,
82117,
82469,
82703,
83055,
83289,
83641,
83875,
84227,
84461,
84930,
85164,
85516,
85750,
86102,
86571,
86922,
87156,
87508,
87742,
88094,
88446,
88797,
89149,
89383,
89735,
89969,
90203,
90438,
90789,
91024,
91492,
91727,
92078,
92313,
92664,
92899,
93367,
93602,
93836,
94188,
94422,
94774,
95008,
95360,
95711,
95946,
96180,
96531,
96883,
97117,
97469,
97703,
98055,
98289,
98641,
98875,
99227,
99461,
99930,
100164,
100516,
100750,
101102,
101571,
101922,
102156,
102508,
102742,
103094,
103446,
103797,
104149,
104383,
104735,
104969,
105203,
105555,
105789,
106024,
106375,
106727,
107078,
107430,
107664,
107899,
108250,
108485,
108719,
109071,
109422,
109774,
110008,
110360,
110594,
110946,
111180,
111531,
111883,
112117,
112586,
112821,
113172,
113524,
113758,
114110,
114461,
114813,
115164,
115399,
115633,
115867,
116219,
116571,
116922,
117274,
117508,
117860,
118094,
118446,
118680,
119031,
119266,
119617,
119852,
120321,
120555,
121024,
121258,
121610,
121844,
122196,
122430,
122899,
123133,
123485,
123719,
124071,
124305,
124656,
125008,
125360,
125711,
125946,
126297,
126649,
126883,
127117,
127469,
127821,
128172,
128524,
128758,
128992,
129461,
129696,
130047,
130399,
130633,
130867,
131219,
131571,
131922,
132274,
132508,
132860,
133211,
133446,
133680,
134031,
134383,
134617,
134969,
135321,
135672,
136024,
136258,
136610,
136961,
137196,
137430,
137781,
138016,
138602,
138836,
139071,

1 Column Long Note Times:
77196,
78602,

1 Column Release Times:
78133,
78719,

2 Column Hit Times:
321,
789,
1258,
1727,
2196,
2664,
3133,
3602,
4071,
4539,
5008,
5477,
5946,
6414,
6883,
7352,
7821,
8289,
8758,
9227,
9696,
10164,
10633,
11102,
11571,
12039,
12508,
12977,
13446,
13914,
14266,
14500,
14852,
15321,
15789,
16258,
16610,
17196,
17664,
18133,
18367,
18719,
19071,
19539,
20125,
20477,
20770,
20946,
21414,
22000,
22469,
22821,
23055,
23406,
23758,
23992,
24344,
24813,
25164,
25399,
25750,
26102,
26453,
26746,
27039,
27274,
27684,
27977,
28211,
28621,
28914,
29149,
29500,
29852,
30086,
34422,
35008,
36180,
36883,
37586,
38758,
40164,
41571,
42039,
42508,
43680,
44266,
45086,
46785,
47664,
47899,
48250,
48836,
49422,
49656,
50008,
50360,
50946,
51297,
51766,
52352,
52703,
53289,
53758,
54461,
54930,
55633,
55985,
56571,
56922,
57156,
57508,
58446,
58797,
59266,
60086,
60789,
61492,
61844,
62430,
63133,
63836,
64071,
64422,
64891,
65360,
65594,
65828,
66297,
66766,
67235,
67469,
67703,
68172,
68406,
69110,
69344,
70047,
70281,
70985,
71219,
71688,
72039,
72274,
72625,
72977,
73211,
73563,
73914,
74149,
74500,
74852,
75086,
75321,
75555,
75906,
76258,
76492,
76727,
76961,
77196,
78250,
79071,
79305,
79656,
80008,
80242,
80594,
80946,
81297,
81649,
81883,
82235,
82469,
82703,
82938,
83289,
83524,
83992,
84227,
84578,
84813,
85164,
85399,
85867,
86102,
86453,
86805,
87274,
87508,
87860,
88211,
88446,
88680,
89031,
89383,
89617,
89969,
90203,
90555,
90789,
91141,
91375,
91727,
91961,
92430,
92664,
92899,
93133,
93367,
93719,
93953,
94305,
94656,
95008,
95242,
95594,
95946,
96297,
96649,
96883,
97235,
97469,
97703,
97938,
98289,
98524,
98992,
99227,
99578,
99813,
100164,
100399,
100867,
101102,
101453,
101805,
102274,
102508,
102860,
103211,
103446,
103680,
104031,
104383,
104617,
104969,
105203,
105438,
105789,
106141,
106492,
106727,
106961,
107313,
107664,
108016,
108485,
108719,
109071,
109656,
110008,
110242,
110711,
110946,
111297,
111649,
111883,
112235,
112469,
112821,
113055,
113406,
113758,
113992,
114227,
114578,
114930,
115164,
115399,
115867,
116102,
116571,
116805,
117156,
117508,
117742,
118211,
118446,
118797,
119149,
119383,
119617,
119969,
120321,
120672,
120906,
121258,
121492,
121961,
122196,
122547,
122781,
123133,
123367,
123836,
124071,
124422,
124774,
125008,
125242,
125594,
125946,
126180,
126531,
126766,
127117,
127352,
127821,
128055,
128406,
128758,
129110,
129344,
129696,
129930,
130281,
130633,
130985,
131336,
131571,
131805,
132156,
132508,
132742,
133094,
133446,
133797,
134149,
134383,
134735,
135086,
135321,
135555,
135906,
136258,
136492,
136844,
137196,
137430,
137664,
137899,
138250,
138485,
139071,

2 Column Long Note Times:
78602,

2 Column Release Times:
78719,

3 Column Hit Times:
555,
1492,
2430,
3367,
4305,
5242,
6180,
7117,
8055,
8992,
9930,
10867,
11805,
12742,
13563,
13914,
14383,
14852,
15203,
15672,
16258,
16727,
17078,
17313,
17664,
18250,
18602,
18953,
19188,
19539,
20008,
20477,
20828,
21063,
21414,
21883,
22235,
22586,
22996,
23289,
23934,
24227,
24578,
24871,
25164,
25516,
25809,
26102,
26571,
26805,
27215,
27508,
27742,
28153,
28446,
28680,
29090,
29383,
29735,
30086,
30321,
34305,
34656,
35711,
36297,
36649,
37469,
37703,
39930,
40985,
41922,
42156,
43211,
43797,
44149,
44969,
45203,
46258,
46844,
47781,
48250,
48602,
48953,
49305,
49774,
50360,
50711,
51180,
51649,
52469,
53758,
54110,
54696,
55164,
55985,
56336,
56805,
57274,
58211,
58680,
59149,
59852,
60203,
60555,
61258,
61610,
61961,
62430,
62899,
63485,
63836,
64539,
65008,
65477,
65946,
66414,
66883,
67352,
67821,
68289,
68758,
69227,
69696,
70164,
70633,
71102,
71571,
71805,
72156,
72508,
72742,
73094,
73446,
73680,
74031,
74383,
74617,
74969,
75203,
75555,
75789,
76141,
76375,
76610,
76844,
77078,
78133,
78485,
79188,
79539,
79891,
80242,
80477,
80828,
81063,
81414,
81649,
82000,
82352,
82586,
82821,
83055,
83406,
83758,
84110,
84461,
84696,
84930,
85281,
85633,
85985,
86336,
86688,
87039,
87274,
87625,
87977,
88211,
88680,
88914,
89266,
89617,
89852,
90086,
90321,
90672,
91024,
91258,
91492,
91844,
92196,
92547,
93016,
93250,
93485,
93836,
94071,
94539,
94891,
95242,
95477,
95828,
96063,
96414,
96649,
97000,
97352,
97586,
97821,
98055,
98406,
98758,
99110,
99461,
99696,
99930,
100281,
100633,
100985,
101336,
101688,
102039,
102274,
102625,
102977,
103211,
103680,
103914,
104266,
104617,
104852,
105086,
105321,
105555,
106024,
106258,
106610,
106844,
107196,
107430,
107899,
108133,
108367,
108602,
108836,
109188,
109539,
109774,
110125,
110477,
110711,
111063,
111414,
111649,
112000,
112352,
112586,
112938,
113289,
113524,
113875,
114227,
114461,
114696,
115047,
115516,
115750,
115985,
116336,
116688,
117039,
117274,
117625,
117977,
118211,
118563,
118914,
119149,
119500,
119735,
120086,
120438,
120789,
121141,
121492,
121727,
121961,
122313,
122664,
122899,
123367,
123602,
123953,
124188,
124539,
124774,
125242,
125477,
125828,
126063,
126414,
126649,
127000,
127235,
127586,
127938,
128289,
128524,
128992,
129227,
129578,
129930,
130164,
130516,
130750,
131102,
131336,
131688,
132039,
132274,
132625,
132977,
133211,
133680,
133914,
134266,
134617,
134852,
135203,
135438,
135789,
136024,
136375,
136727,
136961,
137313,
137547,
138133,
138367,
138602,
138836,

3 Column Long Note Times:
78836,

3 Column Release Times:
78953,

4 Column Hit Times:
672,
1610,
1844,
2547,
3485,
3719,
4422,
5360,
5594,
6297,
7235,
7469,
8172,
9110,
9344,
10047,
10985,
11219,
11922,
12860,
13094,
13680,
14031,
14383,
14735,
15086,
15789,
16375,
16727,
16961,
17547,
18133,
18602,
18836,
19422,
20008,
20594,
20887,
21297,
21883,
22352,
22703,
22938,
23289,
23641,
23875,
24227,
24696,
24930,
25281,
25633,
25867,
26219,
26571,
26922,
27156,
27508,
27860,
28094,
28446,
28797,
29031,
29383,
29617,
29969,
30321,
34071,
34774,
36531,
37821,
38524,
41336,
42274,
44031,
45321,
46024,
46961,
47430,
47781,
48133,
48602,
49071,
49539,
50711,
51180,
51531,
52586,
52821,
53524,
54930,
56336,
57039,
57508,
57860,
58797,
59031,
59852,
60321,
61024,
61610,
62196,
62664,
63250,
63485,
65477,
67352,
67821,
68289,
68758,
69227,
69696,
70164,
70633,
71102,
71571,
71922,
72274,
72508,
72860,
73211,
73446,
73797,
74149,
74383,
74735,
75203,
75438,
75789,
76024,
76375,
76610,
76844,
77078,
78133,
78367,
79071,
79539,
79774,
80125,
80477,
80711,
81180,
81414,
81766,
82117,
82352,
82586,
82821,
83172,
83524,
83758,
83992,
84344,
84696,
85047,
85399,
85633,
85867,
86219,
86571,
87039,
87391,
87742,
87977,
88328,
88563,
88914,
89149,
89500,
89852,
90086,
90321,
90555,
90906,
91258,
91610,
91961,
92196,
92430,
92781,
93016,
93250,
93602,
94071,
94539,
94774,
95125,
95477,
95711,
96180,
96414,
96766,
97117,
97352,
97586,
97821,
98172,
98524,
98758,
98992,
99344,
99696,
100047,
100399,
100633,
100867,
101219,
101571,
102039,
102391,
102742,
102977,
103328,
103563,
103914,
104149,
104500,
104852,
105086,
105321,
105672,
105906,
106258,
106492,
106961,
107196,
107547,
107781,
108133,
108367,
108602,
108836,
109305,
109539,
109891,
110242,
110477,
110828,
111180,
111414,
111766,
112117,
112352,
112703,
113055,
113289,
113641,
113992,
114344,
114696,
114930,
115281,
115516,
115750,
116102,
116453,
116805,
117039,
117391,
117742,
117977,
118328,
118680,
118914,
119266,
119500,
119852,
120203,
120555,
120789,
121024,
121375,
121727,
122078,
122430,
122664,
123016,
123250,
123602,
123836,
124305,
124539,
124891,
125125,
125477,
125711,
126180,
126414,
126766,
127000,
127352,
127703,
128055,
128289,
128641,
128875,
129227,
129461,
129813,
130164,
130399,
130867,
131102,
131453,
131805,
132039,
132391,
132742,
132977,
133328,
133563,
133914,
134149,
134500,
134852,
135086,
135555,
135789,
136141,
136492,
136727,
137078,
137664,
137899,
138133,
138367,
138719,
138953,

4 Column Long Note Times:
78836,

4 Column Release Times:
78953,

