Artist : hololive
Song Name : hololive song pack
Difficulty : 0
BPM : 190
Background Image : charts\hololive-hololive song pack\VEAH - Akai Haato.png
Audio : charts\hololive-hololive song pack\VEAH - Akai Haato.ogg

1 Column Hit Times:
343,
730,
1504,
2279,
3053,
3634,
4021,
4408,
4795,
5569,
5956,
6343,
6730,
7117,
7892,
8666,
9246,
10021,
10601,
10988,
12537,
13117,
13698,
14085,
14472,
14859,
15634,
16214,
16795,
17375,
17956,
18343,
18537,
18924,
19504,
19795,
20085,
20375,
20569,
20859,
21440,
21827,
22214,
22795,
23182,
23763,
24343,
25504,
26085,
26472,
26859,
27246,
28021,
28601,
29182,
29763,
30343,
30730,
30924,
31311,
31892,
32182,
32472,
32763,
32956,
33246,
33827,
34214,
34601,
35182,
35569,
36150,
36730,
37117,
39246,
39440,
40408,
40601,
41956,
42150,
44279,
44472,
45827,
46021,
47375,
47569,
48924,
49117,
49698,
50472,
51246,
51440,
52601,
53375,
54343,
54924,
55504,
55892,
56666,
56859,
57246,
57440,
58021,
58214,
58601,
58795,
59182,
59569,
59956,
60150,
60730,
62085,
62666,
63246,
63634,
64021,
64408,
65182,
65763,
66343,
66924,
67504,
67892,
68085,
68472,
69053,
69343,
69634,
69924,
70117,
70408,
70988,
71375,
71763,
72343,
72730,
73311,
73892,
75053,
75634,
76021,
76408,
76795,
77569,
78150,
78730,
79311,
79892,
80279,
80472,
80859,
81440,
81730,
82021,
82311,
82504,
82795,
83375,
83763,
84150,
84730,
85117,
85698,
86279,
86666,
87246,
88021,
88795,
89569,
89956,
90343,
90730,
91117,
91504,
91892,
92279,
92666,
93053,
93440,
93827,
94214,
94601,
94988,
95375,
95763,
96343,
97117,
97892,
98666,
99440,
99827,
100988,
101763,
102440,
102730,
103311,
104085,
104279,
105343,
105634,
106214,
106795,
107182,
107763,
108537,
109117,
109892,
110472,
110859,
111440,
111634,
112021,
112601,
113182,
113763,
114343,
114730,
115892,
116472,
117246,
117634,
118021,
118988,
119763,
120537,
120924,
121311,
121698,
122472,
123246,
123440,
124021,
125182,
125375,
126150,
126730,
127021,
127311,
127698,
128085,
128859,
129440,
130214,
130795,
131182,
131956,
132537,
133504,
134279,
135440,
136601,
137763,
138537,
139504,
140279,
140666,
141440,
142214,
142601,
142988,
143763,
144537,
144924,
145311,
145892,
146279,
146859,
147246,
147634,
148021,
148214,
148408,
148795,
149182,
149569,
150150,
150343,
150537,
150924,
151311,
151892,
152279,
152859,
153440,
153827,
154214,
154601,
154988,
155763,
156150,
156537,
156924,
157311,
157698,
158085,
158472,
158859,
159440,
159827,
160408,
160988,
161182,
161956,
162730,
163504,
164666,
165246,
165827,
166214,
166601,
166988,
167375,
168150,
168537,
168924,
169311,
169698,
170085,
170472,
170859,
171246,
171827,
172214,
172795,
173375,
173569,
174343,
175117,
175892,
177053,
177634,
178214,
178601,
178988,
179375,
179763,
180537,
180924,
181311,
181698,
182085,
182472,
182859,
183246,
183634,
184214,
184601,
185182,
185763,
185956,
186730,
187504,
188279,
189053,
189440,
189827,
190408,
190795,
190988,
191375,
191956,
192343,
192730,
193117,
193504,
193892,
194279,
194859,
195246,
195634,
196021,
196601,
196988,
197375,
197956,
198150,
198537,
198924,
199504,
199892,
200279,
200666,
201053,
201440,
201634,
202021,
202795,
203569,
204343,
204924,
205311,
205698,
206085,
206859,
207246,
207440,
207827,
208214,
208988,
209763,
210537,
211117,
211504,
211892,
212279,
213053,
213440,

1 Column Long Note Times:
12150,
61698,
151504,
213827,

1 Column Release Times:
12198,
61746,
151553,
213875,

2 Column Hit Times:
537,
1214,
1504,
1988,
2279,
2666,
3246,
3634,
4021,
4408,
4795,
5182,
5569,
5859,
6150,
6343,
7117,
7408,
7892,
8182,
8666,
9053,
9634,
10214,
10601,
10988,
11375,
12537,
12924,
14085,
14859,
15246,
15634,
16021,
16408,
16795,
17182,
17569,
17956,
18246,
18730,
19117,
19504,
19795,
20085,
20375,
20569,
20859,
21053,
21440,
21827,
22214,
22601,
22988,
23375,
23763,
24150,
24537,
25311,
26472,
27246,
27634,
28021,
28408,
28795,
29182,
29569,
29956,
30343,
30634,
31117,
31504,
31892,
32182,
32472,
32763,
32956,
33246,
33440,
33827,
34214,
34601,
34988,
35375,
35763,
36150,
36537,
36924,
37698,
37892,
38472,
38666,
39634,
39827,
41182,
41375,
42343,
42537,
43504,
43698,
45053,
45246,
46601,
46795,
48150,
48343,
49892,
50279,
50859,
51053,
51634,
52021,
52408,
52795,
53182,
53569,
53956,
54343,
54730,
55311,
56085,
56472,
57440,
57634,
58214,
58408,
59182,
59375,
60150,
60343,
61117,
61504,
62085,
62472,
63634,
64408,
64795,
65182,
65569,
65956,
66343,
66730,
67117,
67504,
67795,
68279,
68666,
69053,
69343,
69634,
69924,
70117,
70408,
70601,
70988,
71375,
71763,
72150,
72537,
72924,
73311,
73698,
74085,
74859,
76021,
76795,
77182,
77569,
77956,
78343,
78730,
79117,
79504,
79892,
80182,
80666,
81053,
81440,
81730,
82021,
82311,
82504,
82795,
82988,
83375,
83763,
84150,
84537,
84827,
85021,
85311,
85698,
86085,
86472,
87634,
88601,
89182,
89375,
89956,
90343,
90730,
91117,
91504,
91892,
92279,
92666,
93053,
93440,
93827,
94214,
94601,
94988,
95375,
95763,
96150,
96537,
96924,
97311,
97698,
98085,
98472,
98859,
99246,
99634,
100021,
100408,
100795,
101182,
101569,
102343,
102537,
103117,
103504,
103892,
104279,
104666,
105053,
105246,
105827,
106214,
106601,
106988,
107569,
108150,
108537,
108730,
109311,
109504,
110085,
110279,
110859,
111246,
111537,
112021,
112408,
112795,
113182,
113569,
113956,
114343,
114730,
115117,
115504,
116085,
116666,
117440,
117730,
118214,
118601,
118988,
119182,
119569,
119763,
120150,
120730,
121021,
121504,
122085,
122472,
122859,
123053,
123634,
123827,
124408,
124795,
124988,
125569,
125956,
126343,
126924,
127117,
127504,
128279,
128472,
129053,
129827,
130021,
130601,
131375,
131569,
132150,
132924,
133117,
133892,
134666,
135440,
135827,
136214,
136601,
137375,
138924,
139311,
139504,
139892,
140279,
141053,
141440,
141827,
142214,
142988,
143375,
144150,
144537,
144924,
145892,
146085,
146472,
146666,
147053,
147440,
147827,
148214,
148601,
148795,
148988,
149375,
149569,
149763,
149956,
150150,
150343,
150634,
151021,
151408,
151892,
152279,
152666,
153053,
153440,
153827,
154214,
154601,
154988,
155375,
155763,
156924,
157504,
157988,
158279,
158666,
158956,
159634,
160021,
160601,
161085,
161569,
161956,
162343,
162730,
163117,
163504,
164279,
164666,
165053,
165440,
165827,
166214,
166601,
166988,
167375,
167763,
168150,
169311,
169892,
170375,
170666,
171053,
171343,
172021,
172408,
172988,
173472,
173956,
174343,
174730,
175117,
175504,
175892,
176666,
177053,
177440,
177827,
178214,
178601,
178988,
179375,
179763,
180150,
180537,
181698,
182279,
182763,
183053,
183440,
183730,
184408,
184795,
185375,
185859,
186343,
186730,
187117,
187504,
187892,
188279,
188666,
189246,
189440,
190021,
190214,
190408,
190988,
191375,
191569,
191763,
192150,
192537,
192924,
193311,
193698,
194085,
194472,
194666,
195246,
195440,
195634,
195827,
196117,
196408,
196795,
197182,
197569,
198343,
198730,
199117,
199311,
199892,
200085,
200472,
200859,
201246,
201827,
202504,
202795,
203279,
203569,
203956,
204537,
204924,
205311,
205698,
206085,
206472,
206859,
207150,
208021,
208698,
208988,
209472,
209763,
210150,
210730,
211117,
211504,
211892,
212279,
212666,
213053,
213343,
213634,

2 Column Long Note Times:
12150,
61698,
151504,
213827,

2 Column Release Times:
12198,
61746,
151553,
213875,

3 Column Hit Times:
150,
924,
1214,
1698,
1988,
2472,
2859,
3246,
4601,
5182,
5763,
6730,
7408,
7698,
8182,
8472,
8859,
9440,
9827,
10408,
10698,
11182,
11569,
12730,
13311,
13601,
13892,
14182,
14375,
14666,
15053,
15440,
15827,
16601,
16988,
17569,
18150,
18537,
18730,
19117,
20279,
21246,
21634,
22021,
22601,
22988,
23569,
23956,
24343,
25117,
25698,
25988,
26279,
26569,
26763,
27053,
27440,
27827,
28214,
28988,
29375,
29956,
30537,
30924,
31117,
31504,
32666,
33634,
34021,
34408,
34988,
35375,
35956,
36343,
36730,
37117,
38085,
38279,
40021,
40214,
41569,
41763,
43117,
43311,
44666,
44859,
46214,
46408,
47763,
47956,
48537,
48730,
49698,
50085,
50472,
51246,
51634,
51827,
52408,
52988,
53182,
53956,
54150,
54730,
55117,
55504,
55892,
56085,
56279,
56472,
56666,
57053,
57246,
57827,
58021,
58601,
58988,
59569,
59763,
59956,
60730,
61504,
62279,
62859,
63150,
63440,
63730,
63924,
64214,
64601,
64988,
65375,
66150,
66537,
67117,
67698,
68085,
68279,
68666,
69827,
70795,
71182,
71569,
72150,
72537,
73117,
73504,
73892,
74666,
75246,
75537,
75827,
76117,
76311,
76601,
76988,
77375,
77763,
78537,
78924,
79504,
80085,
80472,
80666,
81053,
82214,
83182,
83569,
83956,
84537,
84924,
85504,
85892,
86279,
86666,
87827,
88988,
89569,
90537,
91311,
91698,
92472,
93246,
94021,
94795,
95569,
96150,
96537,
96924,
97311,
97504,
97698,
98085,
98472,
98859,
99246,
99634,
100021,
100408,
100795,
101182,
101569,
102730,
102924,
103504,
103892,
104666,
105053,
105440,
105827,
106408,
106988,
107375,
107763,
107956,
108343,
108924,
109698,
110472,
110666,
111246,
111827,
112408,
112795,
112988,
113569,
114150,
114634,
114924,
115311,
115504,
115892,
116279,
116666,
117053,
117440,
117827,
118214,
118601,
118795,
119375,
119956,
120537,
120827,
121117,
121311,
121698,
122279,
122666,
123246,
123634,
123924,
124214,
124795,
125569,
125956,
126730,
127504,
128279,
128472,
129053,
129827,
130021,
130601,
131375,
131569,
132150,
132924,
133117,
133504,
134279,
134666,
135053,
136214,
136988,
137375,
137763,
138150,
138924,
139311,
139504,
139892,
140279,
140666,
141053,
141440,
141827,
142601,
142988,
143375,
143763,
144150,
144537,
145311,
145698,
146279,
146472,
147053,
147246,
147634,
148021,
148601,
148988,
149182,
149375,
149763,
149956,
150343,
150827,
151214,
152666,
153053,
153634,
154408,
154892,
156150,
156537,
157311,
157698,
158085,
158956,
159246,
160021,
160408,
160795,
161182,
162343,
163117,
163698,
164279,
165053,
165440,
166021,
166795,
167279,
168537,
168924,
169698,
170085,
170472,
171343,
171634,
171827,
172408,
172795,
173182,
173569,
174730,
175504,
176085,
176666,
176859,
177440,
177827,
178408,
179182,
179666,
180924,
181311,
182085,
182472,
182859,
183730,
184021,
184795,
185182,
185569,
185956,
187117,
187892,
188472,
188859,
189053,
189440,
189827,
190214,
190601,
190795,
191182,
191763,
192053,
192343,
192537,
193117,
193311,
193698,
193892,
194085,
194472,
195053,
195634,
196601,
196795,
197182,
197569,
197763,
197956,
198246,
198537,
198730,
199311,
199504,
199698,
200279,
200666,
201053,
201343,
202214,
202504,
202988,
203279,
203763,
204150,
204537,
205892,
206472,
207053,
207440,
207634,
208408,
208698,
209182,
209472,
209956,
210343,
210730,
212085,
212666,
213246,

3 Column Long Note Times:
12150,
61698,
151504,
213827,

3 Column Release Times:
12198,
61746,
151553,
213875,

4 Column Hit Times:
150,
537,
924,
1698,
2472,
2859,
3440,
3827,
4214,
4504,
4988,
5375,
5763,
6150,
6537,
6924,
7698,
8472,
9053,
9440,
9827,
10214,
10795,
11375,
12537,
12924,
13311,
13601,
13892,
14182,
14375,
14666,
15246,
15634,
16021,
16408,
16892,
17182,
17763,
18150,
18730,
19311,
19892,
20279,
20666,
21053,
21827,
22408,
23085,
23375,
24150,
24440,
25311,
25698,
25988,
26279,
26569,
26763,
27053,
27634,
28021,
28408,
28795,
29279,
29569,
30150,
30537,
31117,
31698,
32279,
32666,
33053,
33440,
34214,
34795,
35472,
35763,
36537,
36827,
37311,
37504,
38859,
39053,
40795,
40988,
42730,
42924,
43892,
44085,
45440,
45634,
46988,
47182,
49311,
49504,
50085,
50666,
50859,
52021,
52214,
52795,
53569,
53763,
54537,
55117,
55698,
56279,
56859,
57053,
57634,
57827,
58408,
58795,
58988,
59375,
59763,
60343,
61117,
62085,
62472,
62859,
63150,
63440,
63730,
63924,
64214,
64795,
65182,
65569,
65956,
66440,
66730,
67311,
67698,
68279,
68859,
69440,
69827,
70214,
70601,
71375,
71956,
72634,
72924,
73698,
73988,
74859,
75246,
75537,
75827,
76117,
76311,
76601,
77182,
77569,
77956,
78343,
78827,
79117,
79698,
80085,
80666,
81246,
81827,
82214,
82601,
82988,
83763,
84343,
84924,
85311,
86085,
86375,
86859,
87246,
89763,
90150,
90924,
91311,
92085,
92859,
92956,
93634,
94408,
95182,
95956,
96053,
96730,
97504,
98279,
99053,
99150,
100214,
100601,
101375,
102343,
103117,
103698,
104472,
104859,
105440,
106021,
106601,
107375,
108150,
108440,
108924,
109311,
109698,
110085,
111053,
111634,
112214,
113375,
113956,
114537,
115117,
115698,
116279,
116859,
117053,
117827,
118408,
119375,
120150,
120343,
120924,
121892,
122085,
122859,
124021,
124408,
124601,
125182,
125763,
126343,
126537,
127117,
127892,
128666,
129246,
129634,
130408,
130988,
131763,
132343,
132730,
133892,
135053,
135827,
136311,
136988,
138150,
138537,
139408,
139892,
140666,
141053,
141827,
142214,
142601,
143375,
143763,
144150,
144924,
145311,
145698,
146085,
146666,
146859,
147440,
147827,
148408,
148795,
149182,
149569,
149956,
150440,
150730,
151117,
152085,
153246,
154021,
154795,
155375,
155956,
156343,
156730,
157117,
157892,
158279,
158666,
159246,
159634,
160214,
160795,
161569,
162150,
162537,
162924,
163311,
164472,
165634,
166408,
167182,
167763,
168343,
168730,
169117,
169504,
170279,
170666,
171053,
171634,
172021,
172601,
173182,
173956,
174537,
174924,
175311,
175698,
176859,
178021,
178795,
179569,
180150,
180730,
181117,
181504,
181892,
182666,
183053,
183440,
184021,
184408,
184988,
185569,
186343,
186924,
187311,
187698,
188085,
188666,
189246,
189634,
190021,
190601,
190988,
191569,
192150,
192537,
192924,
193504,
194085,
194666,
194859,
195150,
195440,
195827,
196117,
196408,
196988,
197182,
197763,
198343,
198730,
199117,
199698,
200085,
200472,
200859,
201246,
201440,
201827,
202214,
202988,
203763,
204150,
204730,
205117,
205504,
205795,
206279,
206666,
207053,
207634,
208021,
208408,
209182,
209956,
210343,
210924,
211311,
211698,
211988,
212472,
212859,
213246,
213634,

4 Column Long Note Times:
12150,
61698,
151504,
213827,

4 Column Release Times:
12198,
61746,
151553,
213875,

