Artist : hololive
Song Name : hololive song pack
Difficulty : 0
BPM : 190
Background Image : charts\hololive-hololive song pack\VIOLET - Ninomae Inanis.png
Audio : charts\hololive-hololive song pack\VIOLET - Ninomae Inanis.ogg

1 Column Hit Times:
3982,
5315,
9649,
9815,
10982,
11149,
12315,
13149,
14315,
15815,
18149,
20482,
23815,
25649,
28649,
29149,
38649,
39815,
41315,
43315,
43982,
44315,
44649,
45149,
45649,
46315,
46649,
46982,
47315,
47982,
48649,
48982,
49315,
49982,
50315,
50871,
51315,
51649,
52315,
53315,
53871,
54315,
54982,
55649,
56315,
57315,
57982,
58649,
59204,
59871,
60315,
60982,
61204,
61982,
64649,
65149,
65982,
66649,
67315,
68649,
69315,
69982,
71315,
71982,
72315,
72482,
73982,
74649,
76649,
77649,
78315,
78982,
80649,
81815,
82649,
85315,
86982,
87315,
88315,
88482,
89982,
92649,
93315,
93649,
94649,
97982,
100649,
101315,
102649,
102982,
103149,
104315,
106982,
107982,
108315,
108649,
109149,
109649,
110315,
110649,
110982,
111315,
111982,
112649,
112982,
113315,
113982,
114315,
114871,
115315,
115649,
116315,
117315,
117871,
118315,
118982,
119649,
120315,
121315,
121982,
122649,
123204,
123871,
124315,
124982,
125204,
125982,
126315,
126649,
127315,
127649,
127982,
128204,
128649,
128982,
129204,
129649,
129815,
129982,
131315,
131538,
132871,
133482,
133649,
134149,
134482,
134649,
136315,
136649,
136982,
139315,
139649,
140982,
141538,
141649,
141982,
142315,
142538,
143149,
143649,
144315,
144649,
145315,
145982,
146315,
146871,
147426,
147538,
147760,
147871,
147982,
148204,
148538,
148649,
148871,
153315,
154982,
155149,
157315,
157482,
159690,
161649,
161815,
162649,
174649,
174982,
175315,
175815,
176315,
176982,
177315,
177649,
177982,
178315,
178649,
178871,
179315,
179649,
179982,
180649,
180982,
181538,
181982,
182315,
182982,
183982,
184204,
184538,
184982,
185649,
186315,
186982,
187982,
188649,
189315,
189538,
189871,
190538,
190982,
191649,
191871,
192204,
192649,

1 Column Long Note Times:
1315,
2315,
6649,
7649,
19149,
20982,
41982,
67982,
73315,
75982,
76982,
79649,
81315,
83982,
89315,
90315,
91315,
96649,
130315,
131982,
134982,
135649,
137315,
138315,
140315,
155982,
164982,
168649,
170315,
192982,

1 Column Release Times:
1649,
2649,
6982,
7982,
19649,
21982,
42649,
68149,
73482,
76149,
77149,
79815,
81482,
84149,
89482,
90482,
91982,
97315,
130982,
132649,
135315,
135982,
137982,
138982,
140649,
156315,
165149,
169315,
170482,
194315,

2 Column Hit Times:
4982,
9982,
12482,
12982,
14982,
15482,
17982,
24149,
26149,
28315,
28982,
35982,
36649,
37315,
37982,
38982,
39815,
40315,
40649,
40982,
41315,
41982,
43315,
43982,
44649,
44982,
45649,
45982,
46649,
47315,
47815,
48204,
48649,
49315,
49982,
52315,
52649,
52982,
53538,
53982,
54649,
55315,
55815,
56315,
56649,
56982,
57315,
57982,
58315,
58982,
59315,
59649,
59982,
60649,
61315,
61649,
61982,
64315,
64982,
65649,
67315,
68315,
70982,
71315,
73815,
74982,
75204,
76482,
77815,
79315,
79982,
81649,
81982,
83315,
84649,
85315,
87982,
88649,
88982,
89815,
91149,
92315,
92482,
93815,
94315,
97315,
97982,
98649,
99315,
99982,
100649,
102649,
103649,
103815,
104315,
104649,
105315,
107315,
107982,
108649,
108982,
109649,
109982,
110649,
111315,
111815,
112204,
112649,
113315,
113982,
116315,
116649,
116982,
117538,
117982,
118649,
119315,
119815,
120315,
120649,
120982,
121315,
121982,
122315,
122982,
123315,
123649,
123982,
124649,
125315,
125649,
125982,
126649,
126982,
127315,
127649,
127982,
128649,
128871,
129315,
129982,
131315,
131649,
132982,
133482,
133649,
133982,
134482,
135649,
136204,
136649,
136982,
137315,
137649,
137982,
138871,
138982,
139315,
139982,
141538,
141982,
142204,
142538,
142649,
144815,
145204,
145649,
145982,
146315,
146982,
147426,
147538,
147760,
147871,
148315,
148649,
148982,
153357,
156649,
159649,
160649,
161982,
162815,
174649,
175315,
175649,
176315,
176649,
177315,
177982,
178482,
178871,
179315,
179982,
180649,
181315,
181538,
181871,
182982,
183315,
183649,
183871,
184204,
184649,
184871,
185315,
185982,
186482,
186982,
187315,
187649,
187982,
188649,
188982,
189649,
189982,
190315,
190649,
191315,
191982,
192315,
192649,

2 Column Long Note Times:
30649,
32649,
62315,
66315,
68982,
69982,
71649,
73315,
74315,
76982,
80649,
82315,
85982,
87649,
90315,
92982,
105982,
130315,
131982,
134982,
140649,
143649,
157982,
163982,
166649,
169315,
170315,

2 Column Release Times:
31982,
33315,
63649,
66482,
69149,
70649,
71815,
73482,
74482,
77149,
81315,
82482,
86649,
87815,
90482,
93149,
106649,
130982,
132649,
135315,
140982,
144315,
158149,
164149,
166815,
169482,
170482,

3 Column Hit Times:
4649,
10315,
12649,
13482,
15149,
18482,
18815,
19649,
20315,
20815,
22982,
23149,
23649,
25149,
25815,
26482,
28482,
29482,
30315,
33315,
33982,
34649,
35315,
38649,
39149,
39649,
42982,
43649,
44982,
45538,
45982,
46315,
46982,
47649,
48315,
48982,
49649,
49982,
50982,
51315,
52649,
53204,
53649,
54315,
54649,
54982,
55315,
55815,
56649,
57315,
57982,
58649,
58982,
59315,
59649,
59982,
60649,
61315,
61982,
64649,
65149,
65815,
66649,
66982,
67149,
68482,
71149,
71982,
72649,
72982,
73649,
75093,
75315,
75649,
76315,
76649,
77315,
77982,
79149,
80482,
81982,
82649,
82982,
83149,
84482,
85982,
87149,
88649,
89649,
90649,
91315,
93982,
97315,
99315,
99982,
101315,
101982,
102982,
103149,
104649,
104982,
105315,
107315,
107649,
108982,
109538,
109982,
110315,
110982,
111649,
112315,
112982,
113649,
113982,
114982,
115315,
116649,
117204,
117649,
118315,
118649,
118982,
119315,
119815,
120649,
121315,
121982,
122649,
122982,
123315,
123649,
123982,
124649,
125315,
125982,
126649,
127315,
127871,
128315,
128649,
128982,
130315,
130815,
130982,
131649,
131982,
132649,
133982,
134649,
135315,
135649,
136204,
136760,
136871,
137093,
137204,
137649,
137982,
138315,
138871,
138982,
139315,
139982,
140982,
141649,
141982,
142204,
142315,
142649,
144204,
144315,
144649,
145315,
145649,
146315,
146871,
147315,
147649,
147982,
148315,
148649,
148871,
148982,
154315,
158690,
160315,
160482,
174982,
175649,
175815,
176204,
176649,
176982,
177649,
178315,
178982,
179649,
180315,
180649,
181315,
181649,
181982,
183315,
183871,
184315,
184538,
184982,
185315,
185649,
185982,
186871,
187315,
187982,
188649,
189315,
189649,
189871,
189982,
190315,
190649,
191315,
191982,
192204,
192649,
195315,

3 Column Long Note Times:
5982,
16482,
24482,
27149,
51649,
62315,
65315,
67982,
68982,
70649,
74315,
78649,
79649,
83982,
84982,
86649,
87649,
89315,
91982,
92982,
105982,
115649,
129315,
132982,
143149,
156982,
162315,
163315,
164982,
166649,
167649,
182315,
192982,

3 Column Release Times:
6649,
17315,
24982,
27982,
52315,
63649,
65482,
68149,
69149,
70815,
74482,
78815,
79815,
84149,
85149,
86815,
87815,
89482,
92149,
93149,
106649,
116315,
129982,
133649,
143649,
157315,
162649,
163399,
165149,
166815,
167815,
182982,
194315,

4 Column Hit Times:
4315,
4482,
5649,
5815,
9315,
10649,
10815,
14649,
16149,
17649,
19982,
23315,
24982,
25315,
26815,
33315,
33982,
34649,
35315,
35982,
36649,
37315,
37982,
39149,
40315,
40649,
40982,
41315,
43315,
43982,
44315,
44649,
45149,
45982,
46649,
47315,
47982,
48315,
48649,
49315,
49649,
50315,
50982,
51315,
52649,
53315,
53649,
53982,
54204,
54649,
55315,
55649,
56204,
56649,
56982,
57649,
58315,
58871,
59315,
59982,
60649,
60982,
61649,
64315,
64982,
65982,
67649,
68649,
69315,
69649,
69815,
72649,
73982,
74649,
75315,
77315,
77982,
79315,
79982,
80315,
83315,
83649,
84315,
84649,
85649,
85815,
87315,
87982,
89149,
89982,
90649,
90982,
92649,
93315,
93982,
94649,
97315,
98649,
99982,
101982,
103649,
103815,
104982,
105315,
107315,
107982,
108315,
108649,
109149,
109982,
110649,
111315,
111982,
112315,
112649,
113315,
113649,
114315,
114982,
115315,
116649,
117315,
117649,
117982,
118204,
118649,
119315,
119649,
120204,
120649,
120982,
121649,
122315,
122871,
123315,
123982,
124649,
124982,
125649,
128315,
128538,
128982,
130204,
130815,
130982,
131315,
131871,
132315,
132482,
132649,
133982,
134149,
136315,
136760,
136871,
137093,
137204,
139649,
139982,
140649,
140982,
141649,
142315,
143649,
144204,
144315,
144815,
145315,
145982,
146982,
147315,
147649,
147982,
148204,
148538,
154357,
155315,
156315,
156482,
157649,
157815,
158649,
162982,
163149,
174649,
175315,
176204,
176649,
177315,
177982,
178649,
178982,
179315,
179982,
180315,
180982,
181649,
181982,
183315,
183982,
184315,
184649,
184871,
185315,
185982,
186315,
186482,
186871,
187315,
187649,
188315,
188982,
189538,
189982,
190538,
190649,
191315,
191649,
191871,
192315,
194982,
195649,
195815,

4 Column Long Note Times:
13815,
29815,
41982,
51649,
62315,
65315,
66315,
70649,
71649,
75982,
78649,
81315,
82315,
84982,
86649,
91982,
96649,
105982,
115649,
126315,
129315,
132982,
134649,
135315,
137315,
138315,
142649,
148982,
161315,
163982,
167649,
169315,
182315,
192982,

4 Column Release Times:
14315,
30315,
42649,
52315,
63649,
65482,
66482,
70815,
71815,
76149,
78815,
81482,
82482,
85149,
86815,
92149,
96982,
106649,
116315,
127649,
129982,
133649,
134982,
135649,
137982,
138982,
143149,
151649,
161649,
164149,
167815,
169482,
182982,
194315,

