Artist : hololive
Song Name : hololive song pack
Difficulty : 0
BPM : 190
Background Image : charts\hololive-hololive song pack\VIOLET - Ninomae Inanis.png
Audio : charts\hololive-hololive song pack\VIOLET - Ninomae Inanis.ogg

1 Column Hit Times:
1315,
2315,
6649,
7649,
9315,
12982,
15649,
18315,
20982,
22649,
25315,
27982,
35982,
36649,
39315,
41315,
43982,
49315,
51315,
52315,
52982,
54982,
55649,
56649,
57982,
59315,
60315,
61315,
63315,
64982,
67982,
68649,
69315,
73315,
73982,
74649,
75315,
81315,
81982,
82649,
83315,
86649,
87315,
87982,
88649,
94649,
99982,
102649,
104649,
105315,
106982,
107982,
110649,
112649,
115315,
116649,
118204,
118982,
120649,
121315,
122982,
123649,
124982,
126649,
127649,
128982,
140482,
143149,
143649,
145315,
146315,
147315,
148482,
174649,
175315,
176649,
177315,
177649,
179315,
180649,
181982,
182315,
183315,
184871,
185982,
187315,
188649,
189982,
190649,
190982,
192649,
193982,
194982,
195815,

1 Column Long Note Times:
16649,
32649,
41982,
54204,
66315,
69982,
71649,
76982,
84982,
90315,
105982,
130315,
131982,
134982,
137315,
138315,
155982,
156982,
168649,

1 Column Release Times:
17315,
33315,
42649,
54649,
66649,
70649,
71982,
77315,
85315,
90649,
106649,
130982,
132649,
135315,
137982,
138982,
156315,
157315,
169315,

2 Column Hit Times:
5315,
9982,
11982,
14649,
17315,
19982,
23649,
26315,
28982,
35315,
37315,
38649,
42982,
44315,
44982,
45649,
47649,
48315,
49982,
53871,
61649,
62982,
63649,
65149,
70649,
71315,
71982,
72649,
73315,
73982,
74649,
78649,
79315,
79982,
89315,
91982,
98649,
99315,
100649,
101982,
103315,
103982,
104649,
107315,
108649,
109649,
110315,
111315,
112315,
112982,
113982,
115649,
116982,
117871,
119315,
121649,
123315,
125649,
126982,
128649,
140982,
141649,
142649,
144649,
147649,
153315,
175315,
176649,
178315,
179982,
180315,
181315,
181982,
182982,
184538,
185315,
186315,
188982,
189982,
191315,
192315,
192982,
194315,
195315,

2 Column Long Note Times:
75315,
76982,
80649,
82315,
90315,
92982,
96649,
131982,
132982,
135315,
148982,
163982,
164982,

2 Column Release Times:
75982,
77315,
81315,
82649,
90649,
93315,
97315,
132649,
133649,
135649,
151649,
164315,
165315,

3 Column Hit Times:
1315,
2315,
4649,
6649,
7649,
10649,
12982,
15649,
18315,
20982,
22649,
25315,
34649,
37982,
40649,
43315,
46649,
46982,
52649,
53538,
55315,
56315,
57315,
57649,
58982,
60649,
61982,
64649,
65315,
65982,
66649,
67315,
67982,
68649,
69315,
69982,
75982,
78649,
81315,
83982,
84649,
85315,
89315,
89982,
90649,
94649,
97315,
97982,
99982,
101315,
102649,
103982,
107649,
110982,
113315,
114982,
116315,
117538,
118649,
120315,
122315,
123982,
124649,
126649,
139982,
141649,
143149,
144315,
146315,
147982,
154315,
159649,
174982,
176315,
177982,
179315,
183649,
184204,
185649,
186982,
187982,
188315,
189649,
191315,
192649,
193649,
195649,

3 Column Long Note Times:
27315,
79649,
85982,
87649,
91315,
92982,
129315,
130315,
134649,
135649,
166649,
167649,

3 Column Release Times:
27982,
79982,
86649,
87982,
91982,
93315,
129982,
130982,
134982,
136315,
166982,
167982,

4 Column Hit Times:
3982,
11982,
14649,
17315,
19982,
23649,
26315,
27982,
28982,
33315,
33982,
39982,
41315,
43649,
44649,
45982,
47315,
48649,
49649,
50982,
53315,
54649,
58315,
59982,
64315,
65315,
65982,
66649,
67315,
70649,
71315,
71982,
72649,
75982,
76649,
77315,
77982,
83982,
86649,
91982,
92649,
93315,
93982,
97315,
98649,
101315,
103315,
105315,
107982,
108982,
109982,
110649,
111649,
113315,
114315,
117315,
118649,
119649,
121315,
121982,
123982,
125982,
127315,
128315,
139982,
140982,
142649,
143649,
145315,
146982,
147982,
158649,
174649,
175649,
176982,
177982,
178982,
179649,
180649,
181649,
183315,
183982,
185315,
185982,
187315,
188649,
190315,
191649,

4 Column Long Note Times:
5982,
21982,
30649,
41982,
51649,
62315,
68982,
74315,
79649,
82315,
84982,
87649,
105982,
115649,
129315,
132982,
134649,
135649,
137315,
138315,
148982,
161315,
162315,
169315,
170315,
182315,
192982,

4 Column Release Times:
6649,
22649,
32649,
42649,
52315,
63649,
69315,
74649,
79982,
82649,
85315,
87982,
106649,
116982,
129982,
133649,
134982,
136315,
137982,
138982,
151649,
161649,
162649,
169649,
170649,
182982,
194315,

