Artist : Various Artists
Song Name : Jumpstream Practice Pack (JPP)
Difficulty : Volcanic
BPM : 190
Background Image : charts\Various Artists-Jumpstream Practice Pack (JPP)\Volcanic.jpg
Audio : charts\Various Artists-Jumpstream Practice Pack (JPP)\ Volcanic.mp3

1 Column Hit Times:
1920,
2234,
2548,
2705,
3176,
3490,
3804,
4119,
4433,
4747,
5061,
5218,
5768,
6003,
6160,
6317,
6553,
6789,
7103,
7417,
7731,
8045,
8359,
8673,
9145,
9302,
9616,
9930,
10244,
10558,
10872,
11187,
11344,
11658,
11972,
12286,
12600,
12757,
13228,
13543,
13857,
14171,
14485,
14799,
15113,
15270,
15742,
15899,
16370,
16527,
16998,
17312,
17626,
17783,
18255,
18569,
18883,
19197,
19511,
19825,
20139,
20297,
20768,
21082,
21317,
21553,
21867,
22181,
22495,
22810,
23124,
23438,
23752,
24223,
24380,
24694,
25009,
25323,
25637,
25794,
26108,
26265,
26893,
27129,
27365,
27600,
27836,
27993,
28150,
28386,
28621,
28778,
29014,
29249,
29406,
29564,
29799,
30035,
30192,
30427,
30663,
30820,
31056,
31291,
31527,
31762,
31920,
32234,
32391,
32548,
32705,
32941,
33176,
33412,
33647,
33883,
34197,
34433,
34590,
34825,
35139,
35375,
35532,
35689,
35925,
36082,
36317,
36632,
36867,
37103,
37260,
37495,
37810,
38045,
38202,
38438,
38595,
38831,
38988,
39223,
39459,
39616,
39852,
40009,
40244,
40401,
40715,
40872,
41108,
41344,
41501,
41736,
41972,
42129,
42443,
42600,
42836,
42993,
43228,
43386,
43621,
43935,
44171,
44328,
44642,
44799,
44956,
45113,
45349,
45584,
45820,
46056,
46213,
46370,
46527,
46684,
46998,
47155,
47391,
47626,
47783,
47941,
48176,
48412,
48569,
48804,
49040,
49433,
49668,
49904,
50139,
50375,
50532,
50768,
50925,
51082,
51317,
51553,
51710,
51867,
52024,
52338,
52574,
52888,
53124,
53281,
53438,
53673,
53909,
54066,
54223,
54380,
54616,
54852,
55009,
55244,
55480,
55715,
55951,
56187,
56422,
56579,
56815,
57050,
57208,
57443,
57679,
57836,
57993,
58228,
58464,
58621,
58857,
59092,
59485,
59721,
59956,
60192,
60427,
60584,
60820,
60977,
61134,
61370,
61605,
61762,
61920,
62077,
62391,
62626,
62941,
63176,
63333,
63490,
63726,
63961,
64119,
64276,
64433,
64668,
64904,
65061,
65297,
65532,
65768,
66003,
66239,
66475,
66789,
66946,
67103,
67574,
67888,
68595,
69302,
69616,
70087,
70558,
71187,
71344,
71815,
72129,
72600,
72914,
73621,
74328,
74642,
75113,
75584,
76291,
76527,
77155,
77626,
77941,
78647,
79354,
79668,
80139,
80611,
81239,
81396,
81867,
82181,
82653,
82967,
83673,
84380,
84694,
85166,
85637,
86344,
86579,
87208,
87836,
88464,
89092,
89721,
90349,
90977,
91213,
91605,
91841,
92234,
92862,
93490,
94119,
94747,
95375,
96003,
96239,
96632,
96867,
97260,
97574,
97888,
98202,
98516,
98831,
99145,
99459,
99773,
100087,
100401,
100715,
101030,
101344,
101658,
101972,
102286,
102443,
102600,
102757,
102914,
103071,
103228,
103386,
103543,
103700,
103857,
104014,
104171,
104328,
104485,
104642,
104799,
104956,
105113,
105270,
105427,
105584,
105742,
105899,
106056,
106213,
106370,
106527,
106684,
106841,
106998,
107155,
107312,
107626,
107941,
108255,
108569,
108883,
109197,
109721,
109943,
110100,
110257,
110414,
110571,
110728,
110886,
111043,
111200,
111357,
111514,
111671,
111828,
111985,
112338,
112495,
112731,
112967,
113124,
113281,
113516,
113752,
113909,
114145,
114380,
114773,
115009,
115244,
115480,
115715,
115872,
116108,
116265,
116422,
116658,
116893,
117050,
117208,
117365,
117679,
117914,
118228,
118464,
118621,
118778,
119014,
119249,
119406,
119564,
119721,
119956,
120192,
120349,
120584,
120820,
121056,
121291,
121527,
121762,
121920,
122155,
122391,
122548,
122783,
123019,
123176,
123333,
123569,
123804,
123961,
124197,
124433,
124825,
125061,
125297,
125532,
125768,
125925,
126160,
126317,
126475,
126710,
126946,
127103,
127260,
127417,
127731,
127967,
128281,
128516,
128673,
128831,
129066,
129302,
129459,
129616,
129773,
130009,
130244,
130401,
130637,
130872,
131108,
131344,
131501,
131658,
131815,
132050,
132286,
132443,
132679,
132993,
133228,
133543,
133935,
134249,
134485,
134721,

1 Column Long Note Times:

1 Column Release Times:

2 Column Hit Times:
1998,
2234,
2548,
2862,
3255,
3490,
3804,
3961,
4511,
4747,
5061,
5375,
5768,
6003,
6160,
6396,
6632,
6789,
7103,
7495,
7888,
8045,
8359,
8752,
8988,
9302,
9616,
10009,
10401,
10558,
10872,
11187,
11344,
11658,
12050,
12286,
12600,
12914,
13307,
13543,
13857,
14014,
14564,
14799,
15113,
15427,
15899,
16056,
16527,
16684,
17077,
17312,
17626,
17941,
18333,
18569,
18883,
19040,
19590,
19825,
20139,
20454,
20846,
21082,
21317,
21553,
21867,
22181,
22574,
22967,
23124,
23438,
23831,
24066,
24380,
24694,
25087,
25480,
25637,
26265,
26422,
26736,
26972,
27208,
27365,
27522,
27757,
27993,
28307,
28464,
28700,
28935,
29092,
29328,
29564,
29721,
29956,
30113,
30349,
30584,
30820,
30977,
31213,
31370,
31605,
31762,
31998,
32155,
32391,
32705,
32862,
33019,
33255,
33490,
33647,
33804,
34040,
34276,
34433,
34590,
34747,
34982,
35218,
35375,
35532,
35768,
35925,
36160,
36317,
36553,
36789,
37024,
37260,
37417,
37653,
37888,
38045,
38202,
38359,
38673,
38831,
39066,
39302,
39459,
39773,
39930,
40166,
40323,
40558,
40715,
40951,
41187,
41344,
41579,
41815,
41972,
42208,
42365,
42600,
42757,
43071,
43228,
43386,
43543,
43778,
44014,
44171,
44406,
44564,
44878,
45113,
45270,
45427,
45663,
45899,
46056,
46291,
46527,
46762,
46920,
47155,
47312,
47469,
47705,
47941,
48098,
48333,
48569,
48726,
48961,
49197,
49354,
49511,
49747,
49982,
50139,
50297,
50611,
50768,
51082,
51239,
51475,
51632,
51867,
52103,
52260,
52495,
52653,
52810,
53045,
53281,
53516,
53752,
53909,
54145,
54302,
54537,
54694,
54852,
55087,
55323,
55480,
55637,
55872,
56030,
56265,
56422,
56736,
56972,
57208,
57365,
57522,
57757,
57993,
58150,
58386,
58621,
58778,
59014,
59249,
59406,
59564,
59799,
60035,
60192,
60349,
60663,
60820,
61134,
61291,
61527,
61684,
61920,
62155,
62312,
62548,
62705,
62862,
63098,
63333,
63569,
63804,
63961,
64197,
64354,
64590,
64747,
64904,
65139,
65375,
65532,
65689,
65925,
66082,
66317,
66632,
66789,
66946,
67260,
68045,
68516,
68988,
69616,
69852,
70401,
71030,
71501,
71658,
71972,
72286,
73071,
73543,
74014,
74642,
74878,
75427,
76056,
76370,
76762,
76998,
77312,
78098,
78569,
79040,
79668,
79904,
80454,
81082,
81553,
81710,
82024,
82338,
83124,
83595,
84066,
84694,
84930,
85480,
86108,
86422,
86815,
87050,
87365,
87993,
88621,
89249,
89878,
90506,
91134,
91448,
91762,
92077,
92391,
93019,
93647,
94276,
94904,
95532,
96160,
96475,
96789,
97103,
97495,
97810,
98124,
98438,
98752,
99066,
99380,
99694,
100009,
100323,
100637,
100951,
101265,
101579,
101893,
102208,
107522,
107731,
108150,
108359,
108778,
108988,
109302,
109616,
109904,
110061,
110218,
110375,
110532,
110689,
110846,
111003,
111160,
111317,
111475,
111632,
111789,
111946,
112181,
112495,
112653,
112810,
113045,
113281,
113438,
113673,
113909,
114066,
114302,
114537,
114694,
114852,
115087,
115323,
115480,
115637,
115951,
116108,
116422,
116579,
116815,
116972,
117208,
117443,
117600,
117836,
117993,
118150,
118386,
118621,
118857,
119092,
119249,
119485,
119642,
119878,
120035,
120192,
120427,
120663,
120820,
120977,
121213,
121370,
121605,
121762,
122077,
122312,
122548,
122705,
122862,
123098,
123333,
123490,
123726,
123961,
124119,
124354,
124590,
124747,
124904,
125139,
125375,
125532,
125689,
126003,
126160,
126475,
126632,
126867,
127024,
127260,
127495,
127653,
127888,
128045,
128202,
128438,
128673,
128909,
129145,
129302,
129537,
129694,
129930,
130087,
130244,
130480,
130715,
130872,
131030,
131265,
131422,
131658,
131893,
132129,
132286,
132600,
132914,
133307,
133621,
133857,
134171,
134564,
134799,

2 Column Long Note Times:

2 Column Release Times:

3 Column Hit Times:
1762,
2077,
2469,
2862,
3019,
3333,
3726,
3961,
4276,
4590,
4982,
5375,
5532,
5689,
5846,
6082,
6239,
6475,
6632,
7024,
7260,
7574,
7888,
8281,
8516,
8831,
8988,
9537,
9773,
10087,
10401,
10794,
11030,
11265,
11501,
11815,
12129,
12522,
12914,
13071,
13386,
13778,
14014,
14328,
14642,
15035,
15427,
15584,
16213,
16370,
16684,
16841,
17155,
17548,
17941,
18098,
18412,
18804,
19040,
19354,
19668,
20061,
20454,
20611,
20925,
21239,
21396,
21710,
22103,
22338,
22653,
22967,
23359,
23595,
23909,
24066,
24616,
24852,
25166,
25480,
25951,
26108,
26579,
26736,
27050,
27208,
27443,
27679,
27836,
28071,
28228,
28464,
28621,
28857,
29092,
29249,
29485,
29642,
29878,
30192,
30349,
30506,
30742,
30977,
31134,
31448,
31605,
31841,
32077,
32234,
32469,
32626,
32862,
33098,
33333,
33490,
33804,
33961,
34119,
34354,
34511,
34747,
34904,
35061,
35218,
35454,
35689,
35846,
36003,
36239,
36475,
36710,
36946,
37103,
37338,
37574,
37731,
37888,
38124,
38359,
38516,
38673,
38988,
39145,
39380,
39616,
39773,
40087,
40244,
40480,
40637,
40872,
41030,
41187,
41501,
41658,
41815,
42050,
42286,
42522,
42757,
42914,
43071,
43307,
43543,
43700,
43857,
44014,
44249,
44485,
44642,
44799,
45035,
45192,
45506,
45742,
45899,
46134,
46448,
46684,
46841,
47077,
47234,
47469,
47626,
47783,
48019,
48255,
48490,
48726,
48883,
49119,
49276,
49511,
49668,
49825,
50061,
50297,
50454,
50611,
50846,
51003,
51239,
51396,
51710,
51946,
52181,
52338,
52495,
52731,
52967,
53124,
53359,
53595,
53752,
53988,
54223,
54380,
54537,
54773,
55009,
55166,
55323,
55637,
55794,
56108,
56265,
56501,
56658,
56893,
57129,
57286,
57522,
57679,
57836,
58071,
58307,
58543,
58778,
58935,
59171,
59328,
59564,
59721,
59878,
60113,
60349,
60506,
60663,
60899,
61056,
61291,
61448,
61762,
61998,
62234,
62391,
62548,
62783,
63019,
63176,
63412,
63647,
63804,
64040,
64276,
64433,
64590,
64825,
65061,
65218,
65375,
65689,
65846,
66160,
66396,
66553,
66710,
67024,
67338,
67731,
68202,
68673,
68909,
69459,
69930,
70715,
71265,
71422,
71893,
72129,
72365,
72757,
73228,
73700,
73935,
74485,
74956,
75742,
76448,
76684,
77077,
77391,
77783,
78255,
78726,
78961,
79511,
79982,
80768,
81317,
81475,
81946,
82181,
82417,
82810,
83281,
83752,
83988,
84537,
85009,
85794,
86501,
86736,
87129,
87443,
87679,
88071,
88307,
88700,
88935,
89328,
89564,
89956,
90192,
90584,
90820,
91291,
91920,
92469,
92705,
93098,
93333,
93726,
93961,
94354,
94590,
94982,
95218,
95611,
95846,
96317,
96946,
97417,
97731,
98045,
98359,
98673,
98988,
99302,
99616,
99930,
100244,
100558,
100872,
101187,
101501,
101815,
102129,
107417,
107836,
108045,
108464,
108673,
109092,
109511,
109865,
110022,
110179,
110336,
110493,
110650,
110807,
110964,
111121,
111278,
111435,
111592,
111749,
111906,
112024,
112417,
112574,
112810,
112967,
113124,
113359,
113595,
113831,
114066,
114223,
114459,
114616,
114852,
115009,
115166,
115401,
115637,
115794,
115951,
116187,
116344,
116579,
116736,
117050,
117286,
117522,
117679,
117836,
118071,
118307,
118464,
118700,
118935,
119092,
119328,
119564,
119721,
119878,
120113,
120349,
120506,
120663,
120977,
121134,
121448,
121605,
121841,
121998,
122234,
122469,
122626,
122862,
123019,
123176,
123412,
123647,
123883,
124119,
124276,
124511,
124668,
124904,
125061,
125218,
125454,
125689,
125846,
126003,
126239,
126396,
126632,
126789,
127103,
127338,
127574,
127731,
127888,
128124,
128359,
128516,
128752,
128988,
129145,
129380,
129616,
129773,
129930,
130166,
130401,
130558,
130715,
131030,
131187,
131422,
131579,
131815,
131972,
132129,
132365,
132522,
132836,
133071,
133464,
133778,
134014,
134406,
134878,

3 Column Long Note Times:

3 Column Release Times:

4 Column Hit Times:
1762,
2077,
2391,
2705,
3019,
3333,
3647,
4119,
4276,
4590,
4904,
5218,
5532,
5689,
5846,
6082,
6317,
6475,
6710,
6946,
7260,
7574,
7731,
8202,
8516,
8831,
9145,
9459,
9773,
10087,
10244,
10715,
11030,
11265,
11501,
11815,
12129,
12443,
12757,
13071,
13386,
13700,
14171,
14328,
14642,
14956,
15270,
15584,
15742,
16056,
16213,
16841,
17155,
17469,
17783,
18098,
18412,
18726,
19197,
19354,
19668,
19982,
20297,
20611,
20925,
21239,
21396,
21710,
22024,
22338,
22653,
22810,
23281,
23595,
23909,
24223,
24537,
24852,
25166,
25323,
25794,
25951,
26422,
26579,
26893,
27050,
27286,
27522,
27679,
27914,
28150,
28307,
28543,
28778,
28935,
29171,
29406,
29721,
29878,
30035,
30270,
30506,
30663,
30899,
31134,
31291,
31448,
31684,
31920,
32077,
32312,
32548,
32783,
33019,
33176,
33333,
33569,
33726,
33961,
34119,
34276,
34668,
34904,
35061,
35297,
35611,
35846,
36003,
36160,
36396,
36632,
36946,
37181,
37417,
37574,
37731,
37967,
38281,
38516,
38752,
38909,
39145,
39302,
39537,
39694,
39930,
40087,
40401,
40558,
40794,
41030,
41265,
41422,
41658,
41893,
42129,
42286,
42443,
42679,
42914,
43150,
43464,
43700,
43857,
44092,
44328,
44485,
44721,
44956,
45270,
45427,
45584,
45742,
45977,
46213,
46370,
46605,
46841,
46998,
47312,
47548,
47862,
48098,
48255,
48412,
48647,
48883,
49040,
49197,
49354,
49590,
49825,
49982,
50218,
50454,
50689,
50925,
51160,
51396,
51553,
51789,
52024,
52181,
52417,
52653,
52810,
52967,
53202,
53438,
53595,
53831,
54066,
54459,
54694,
54930,
55166,
55401,
55558,
55794,
55951,
56108,
56344,
56579,
56736,
56893,
57050,
57365,
57600,
57914,
58150,
58307,
58464,
58700,
58935,
59092,
59249,
59406,
59642,
59878,
60035,
60270,
60506,
60742,
60977,
61213,
61448,
61605,
61841,
62077,
62234,
62469,
62705,
62862,
63019,
63255,
63490,
63647,
63883,
64119,
64511,
64747,
64982,
65218,
65454,
65611,
65846,
66160,
66475,
66867,
67103,
67417,
68359,
68831,
69145,
69773,
70244,
70872,
71579,
71736,
72050,
72443,
73386,
73857,
74171,
74799,
75270,
75899,
76213,
76605,
76841,
77155,
77469,
78412,
78883,
79197,
79825,
80297,
80925,
81632,
81789,
82103,
82495,
83438,
83909,
84223,
84852,
85323,
85951,
86265,
86658,
86893,
87208,
87522,
87836,
88150,
88464,
88778,
89092,
89406,
89721,
90035,
90349,
90663,
90977,
91291,
91605,
91920,
92234,
92548,
92862,
93176,
93490,
93804,
94119,
94433,
94747,
95061,
95375,
95689,
96003,
96317,
96632,
96946,
97260,
97574,
97888,
98202,
98516,
98831,
99145,
99459,
99773,
100087,
100401,
100715,
101030,
101344,
101658,
101972,
102286,
102443,
102600,
102757,
102914,
103071,
103228,
103386,
103543,
103700,
103857,
104014,
104171,
104328,
104485,
104642,
104799,
104956,
105113,
105270,
105427,
105584,
105742,
105899,
106056,
106213,
106370,
106527,
106684,
106841,
106998,
107155,
107312,
107626,
107941,
108255,
108569,
108883,
109197,
109406,
109825,
109982,
110139,
110297,
110454,
110611,
110768,
110925,
111082,
111239,
111396,
111553,
111710,
111867,
112024,
112338,
112653,
112888,
113202,
113438,
113595,
113752,
113988,
114223,
114380,
114537,
114694,
114930,
115166,
115323,
115558,
115794,
116030,
116265,
116501,
116736,
116893,
117129,
117365,
117522,
117757,
117993,
118150,
118307,
118543,
118778,
118935,
119171,
119406,
119799,
120035,
120270,
120506,
120742,
120899,
121134,
121291,
121448,
121684,
121920,
122077,
122234,
122391,
122705,
122941,
123255,
123490,
123647,
123804,
124040,
124276,
124433,
124590,
124747,
124982,
125218,
125375,
125611,
125846,
126082,
126317,
126553,
126789,
126946,
127181,
127417,
127574,
127810,
128045,
128202,
128359,
128595,
128831,
128988,
129223,
129459,
129852,
130087,
130323,
130558,
130794,
130951,
131187,
131344,
131501,
131736,
131972,
132208,
132443,
132757,
133150,
133386,
133700,
134092,
134328,
134642,

4 Column Long Note Times:

4 Column Release Times:

