Artist : Various Artists
Song Name : Jumpstream Complexes Vol. 2A
Difficulty : 0
BPM : 190
Background Image : charts\Various Artists-Jumpstream Complexes Vol. 2A\yappari mya-nee number one.jpg
Audio : charts\Various Artists-Jumpstream Complexes Vol. 2A\Yappari Mya-nee Number One.mp3

1 Column Hit Times:
681,
843,
1005,
1167,
1329,
1491,
1654,
1816,
2221,
2383,
2708,
2870,
3032,
3275,
3437,
3599,
3762,
3924,
4086,
4248,
4410,
4816,
5464,
5789,
5951,
6113,
6275,
6437,
6599,
7005,
7167,
7410,
7654,
7816,
7978,
8221,
8383,
8708,
8951,
9113,
9356,
9599,
9762,
10005,
10167,
10329,
10654,
10978,
11140,
11302,
11464,
11627,
11951,
12194,
12356,
12599,
12843,
13005,
13167,
13410,
13572,
13897,
14059,
14221,
14464,
14627,
14870,
15032,
15194,
15437,
15599,
15762,
16167,
16329,
16491,
16816,
16978,
17140,
17383,
17789,
18113,
18275,
18437,
18762,
18924,
19086,
19329,
19491,
19735,
19897,
20383,
20545,
21032,
21356,
21518,
21681,
21843,
22086,
22329,
22491,
22654,
22978,
23302,
23464,
23627,
23870,
24113,
24275,
24599,
24843,
25086,
25572,
25897,
26221,
26545,
26870,
27194,
27356,
27681,
27843,
28005,
28167,
28410,
28572,
28816,
28978,
29140,
29302,
29627,
29789,
29951,
30194,
30437,
30599,
30762,
31086,
31410,
31572,
31735,
31978,
32140,
32383,
32545,
32708,
32951,
33356,
33518,
33681,
34005,
34329,
34491,
34654,
34897,
35059,
35302,
35464,
35627,
35951,
36275,
36437,
36599,
36843,
37086,
37248,
37410,
37572,
37816,
37978,
38221,
38545,
38870,
39032,
39194,
39437,
39681,
39843,
40167,
40329,
40491,
40816,
40978,
41140,
41302,
41464,
41789,
42113,
42437,
42762,
42924,
43086,
43329,
43654,
43897,
44140,
44383,
44545,
44708,
44951,
45194,
45437,
45681,
45843,
46005,
46167,
46329,
46978,
47302,
47627,
47789,
47951,
48194,
48437,
48681,
48843,
49167,
49410,
49572,
49735,
49978,
50140,
50464,
50708,
50951,
51194,
51356,
51599,
51762,
52005,
52248,
52491,
52654,
53464,
53627,
53951,
54113,
54762,
55086,
55248,
55410,
55572,
55735,
55897,
56221,
56383,
56545,
56708,
56870,
57032,
57275,
57437,
57681,
57843,
58005,
58167,
58329,
58654,
58816,
58978,
59140,
59302,
59545,
59708,
59870,
60032,
60275,
60437,
60599,
60762,
60924,
61167,
61329,
61491,
61735,
61897,
62059,
62221,
62383,
62545,
62789,
62951,
63194,
63599,
63843,
64167,
64329,
64491,
64735,
65140,
65464,
65708,
65870,
66113,
66275,
66437,
66599,
66843,
67005,
67248,
67410,
67572,
67735,
67897,
68059,
68221,
68383,
68627,
68789,
69032,
69275,
69437,
69681,
69924,
70086,
70329,
70491,
70654,
70816,
70978,
71221,
71383,
71627,
71789,
71951,
72113,
72356,
72518,
72681,
72924,
73086,
73248,
73410,
73572,
73897,
74059,
74221,
74545,
74708,
74870,
75032,
75194,
75518,
75843,
76005,
76167,
76491,
76735,
77221,
77464,
77627,
77789,
78113,
78437,
78599,
78762,
78924,
79248,
79410,
79572,
79897,
80059,
80221,
81032,
81194,
81356,
81681,
81843,
82086,
82410,
82654,
82816,
83059,
83383,
83627,
83789,
83951,
84194,
84518,
84762,
84924,
85248,
85410,
85572,
85897,
86059,
86302,
86464,
86708,
86951,
87194,
87356,
87518,
87681,
87924,
88167,
88329,
88491,
88654,
88897,
89059,
89302,
89464,
89627,
89870,
90194,
90437,
90599,
90762,
91086,
91410,
91572,
91735,
91978,
92221,
92464,
92708,
92870,
93194,
93437,
93681,
93924,
94491,
94735,
94978,
95221,
95627,
95789,
95951,
96194,
96437,
96924,
97086,
97329,
97572,
97816,
98383,
98545,
98708,
98870,
99032,
99275,
99599,
99843,
100005,
100167,
100410,
100572,
100735,
100897,
101059,
101789,
102113,
102437,
103086,
103410,
103735,
104383,
105032,
105356,
105681,
106167,
106329,
106978,
107302,
107545,
107951,
108113,
108275,
108437,
108599,
108843,
109248,
109410,
109572,
109816,
109978,
110221,
110383,
110545,
110708,
110951,
111113,
111275,
111518,
111843,
112167,
112410,
112572,
112816,
112978,
113140,
113302,
113545,
113789,
114032,
114194,
114437,
114599,
114762,
115086,
115410,
115572,
115735,
116059,
116221,
116383,
116545,
116708,
117032,
117356,
117681,
118005,
118248,
118491,
118735,
118897,
119221,
119464,
119627,
119951,
120275,
120599,
120924,
121167,
121572,
121735,
121897,
122221,
122545,
122870,
123032,
123275,
123437,
123762,
124167,
124329,
124491,
124816,
124978,
125221,
125383,
125708,
125951,
126113,
126275,
126437,
126681,
126924,
127086,
127248,
127491,
127735,
127897,
128221,
128383,
129194,
129356,
130005,
130329,
130491,
130654,
130816,
130978,
131140,
131302,
131464,
131708,
131870,
132113,
132275,
132437,
132599,
132762,
132924,
133167,
133329,
133572,
133735,
133897,
134059,
134221,
134464,
134627,
134870,
135032,
135194,
135518,
135762,
135924,
136167,
136329,
136491,
136654,
136897,
137059,
137302,
137464,
137627,
137789,
138032,
138194,
138437,
138762,
138924,
139086,
139410,
139654,
139816,
140059,
140343,
140708,
140870,
141032,
141194,
141356,
141599,
141843,
142005,
142167,
142410,
142572,
142735,
142897,
143059,
143302,
143464,
143627,
143789,
143951,
144194,
144356,
144599,
144762,
144924,
145086,
145248,
145491,
145654,
145897,
146059,
146221,
146383,
146545,
146789,
147032,
147194,
147356,
147518,
147681,
147843,
148086,
148248,
148491,
148654,
148816,
149140,
149302,
149464,
149789,
150032,
150194,
150437,
150762,
151167,
151410,
151735,
151978,
152383,
152545,
152708,
152951,
153356,
153681,
154086,
154248,
154491,
154654,
154816,
154978,
155302,
155464,
155789,
155951,
156113,
156275,
156599,
156762,
157005,
157329,
157654,
157897,
158059,
158545,
158708,
158951,
159194,
159356,
159599,
159924,
160167,
160572,
160735,
160978,
161140,
161302,
161464,
161708,
162113,
162356,
162681,
162924,
163167,
163329,
163572,
163735,
163978,
164545,
164708,
165032,
165194,
165518,
165681,
166329,
166572,
166816,
166978,
167140,
167383,
167627,
167789,
167951,
168113,
168275,
168437,
168681,
168924,
169086,
169410,
169572,
169735,
170059,
170221,
170464,
170708,
170870,
171032,
171194,
171437,
171599,
171843,
172167,
172491,
172816,
173140,
173302,
173464,
173708,
173870,
174113,
174275,
174437,
174762,
175086,
175248,
175410,
175654,
176870,
177032,
177518,
178329,
179302,
180113,
180924,
182221,
183518,
185464,
188059,
189032,
189356,
189518,
189762,
190086,
190329,
190491,
190654,
190816,
191059,
191221,
191627,
191951,
192275,
192437,
192681,
192843,
193248,
193572,
193897,
194059,
194302,
194464,
194870,
195032,
195194,
195356,
195599,
195924,
196086,
196491,
196816,
197140,
197464,
197870,
198032,
198194,
198356,
198762,
199086,
199329,
199491,
199735,
199897,
200059,
200221,
200464,
200627,
200870,
201032,
201194,
201356,
201518,
201681,
201843,
202005,
202248,
202410,
202654,
202897,
203059,
203302,
203545,
203708,
203951,
204113,
204275,
204437,
204599,
204843,
205005,
205248,
205410,
205572,
205735,
205978,
206140,
206302,
206545,
206708,
206870,
207113,
207518,
207681,
207843,
208167,
208410,
208572,
208816,
209140,
209464,
209627,
209789,
210113,
210275,
210437,
210762,
210924,
211086,
211248,
211410,
211735,
212140,
212383,
212708,
212951,
213356,
213599,
213762,
214005,
214167,
214329,
214491,
214735,
214897,
215059,
215221,
215627,
215951,
216194,
216356,
216599,
216924,
217086,
217248,
217491,
217654,
217897,
218221,
218383,
218545,
218870,
219032,
219194,
219437,
219599,
219843,
220005,
220167,
220329,
220491,
220816,
220978,
221140,
221302,
221464,
221708,
221870,
222113,
222437,
222599,
222762,
223005,
223167,
223410,
223735,
224059,
224221,
224383,
224545,
224708,
225032,
225194,
225356,
225599,
225762,
226005,
226167,
226329,
226491,
226816,
226978,
227789,
227951,
228275,
228437,
228762,

1 Column Long Note Times:

1 Column Release Times:

2 Column Hit Times:
1572,
1897,
2059,
2221,
2383,
2545,
2708,
3032,
3194,
4167,
4491,
4654,
4816,
4978,
5140,
5464,
5870,
6113,
6356,
6518,
6762,
7086,
7248,
7410,
7572,
7735,
8059,
8302,
8464,
8708,
8870,
9032,
9356,
9518,
9681,
9843,
10005,
10248,
10410,
10572,
10897,
11059,
11302,
11545,
11708,
11870,
12113,
12275,
12437,
12599,
12762,
12924,
13248,
13491,
13654,
13816,
13978,
14221,
14383,
14545,
14708,
14870,
15113,
15356,
15518,
15843,
16005,
16167,
16410,
16572,
16735,
16978,
17140,
17302,
17545,
17708,
17870,
18032,
18437,
18681,
18924,
19086,
19248,
19572,
19735,
19897,
20059,
20302,
20464,
20708,
20951,
21113,
21356,
21681,
21843,
22005,
22167,
22329,
22491,
22735,
22897,
23059,
23221,
23627,
23789,
24032,
24275,
24599,
24762,
24924,
25329,
25491,
25654,
25816,
26221,
26627,
26789,
26951,
27113,
27275,
27518,
27762,
27924,
28167,
28491,
28654,
28816,
29059,
29221,
29464,
29708,
29870,
30113,
30275,
30437,
30762,
30924,
31086,
31329,
31491,
31735,
31897,
32059,
32221,
32464,
32708,
32870,
33113,
33275,
33437,
33762,
33924,
34086,
34329,
34654,
34816,
35140,
35302,
35464,
35708,
35870,
36032,
36194,
36599,
36762,
37005,
37248,
37410,
37654,
37897,
38059,
38302,
38464,
38627,
38789,
39194,
39356,
39599,
39762,
40005,
40248,
40491,
40816,
40978,
41140,
41302,
41464,
41789,
42194,
42356,
42599,
42762,
43005,
43248,
43491,
43816,
43978,
44221,
44464,
44708,
44870,
45032,
45275,
45518,
45762,
46005,
46167,
46329,
46572,
46978,
47302,
47464,
47708,
47951,
48113,
48275,
48518,
48924,
49086,
49248,
49410,
49735,
49897,
50059,
50302,
50627,
50870,
51032,
51194,
51518,
51681,
51924,
52086,
52329,
52491,
52654,
52978,
53140,
53464,
53627,
54762,
55167,
55410,
55654,
55816,
56059,
56221,
56383,
56545,
56789,
56951,
57113,
57356,
57518,
57681,
57843,
58005,
58248,
58410,
58572,
58735,
58978,
59140,
59302,
59464,
59627,
59951,
60113,
60275,
60518,
60681,
60924,
61086,
61248,
61410,
61654,
61816,
62059,
62221,
62383,
62545,
62708,
62870,
63113,
63356,
63518,
63681,
63843,
64248,
64491,
64654,
64816,
65140,
65464,
65627,
65789,
65951,
66113,
66356,
66518,
66681,
66924,
67086,
67248,
67410,
67572,
67735,
67978,
68140,
68383,
68545,
68708,
68870,
69032,
69194,
69356,
69518,
69681,
69843,
70005,
70167,
70329,
70572,
70735,
70978,
71140,
71302,
71464,
71789,
71951,
72113,
72275,
72437,
72599,
72843,
73005,
73248,
73410,
73572,
73897,
74140,
74383,
74627,
74870,
75113,
75518,
75843,
76005,
76167,
76572,
76816,
77140,
77383,
77545,
77789,
78113,
79248,
79410,
79572,
79897,
80059,
80221,
80545,
80708,
81032,
81275,
81437,
81599,
81924,
82167,
82329,
82572,
82897,
83140,
83302,
83545,
83789,
83951,
84113,
84356,
84599,
84762,
84924,
85086,
85329,
85572,
85735,
85978,
86140,
86383,
86545,
86708,
86870,
87032,
87194,
87437,
87681,
87843,
88005,
88167,
88410,
88654,
88816,
89059,
89221,
89464,
89627,
89789,
90032,
90275,
90437,
90599,
90843,
91005,
91410,
91572,
91735,
91897,
92140,
92383,
92627,
93032,
93194,
93356,
93518,
93681,
93843,
94005,
94167,
94410,
94654,
94816,
94978,
95140,
95627,
95870,
96113,
96275,
96518,
96924,
97086,
97248,
97410,
97654,
97897,
98059,
98221,
98464,
98789,
99113,
99437,
99681,
99843,
100167,
100329,
100572,
100735,
100897,
101059,
101464,
101789,
102437,
103086,
103572,
104059,
104383,
105032,
105681,
105843,
106329,
106978,
107140,
107302,
107627,
107789,
107951,
108194,
108437,
108599,
108762,
109005,
109167,
109329,
109572,
109735,
109897,
110140,
110383,
110545,
110708,
110870,
111194,
111356,
111599,
111762,
111924,
112167,
112329,
112491,
112735,
113059,
113221,
113464,
113627,
113789,
113951,
114275,
114437,
114681,
115086,
115491,
115735,
116059,
116221,
116383,
116545,
116708,
117032,
117437,
117599,
118005,
118167,
118329,
118572,
118978,
119140,
119302,
119464,
119708,
119870,
120275,
120437,
120681,
120843,
121086,
121248,
121572,
121735,
121897,
122221,
122627,
122789,
123194,
123356,
123599,
123843,
124005,
124248,
124572,
124735,
124978,
125140,
125464,
125627,
125789,
126032,
126356,
126599,
126762,
127005,
127248,
127410,
127654,
128221,
128383,
128708,
128870,
129194,
129356,
130005,
130410,
130654,
130897,
131059,
131302,
131464,
131627,
131789,
132032,
132194,
132356,
132599,
132762,
132924,
133086,
133248,
133410,
133572,
133816,
133978,
134221,
134383,
134545,
134708,
134870,
135113,
135275,
135518,
135681,
135843,
136005,
136167,
136410,
136572,
136735,
136978,
137140,
137302,
137464,
137627,
137789,
137951,
138113,
138356,
138599,
138843,
139005,
139410,
139572,
139735,
139897,
140059,
140302,
140708,
140951,
141113,
141356,
141518,
141762,
141924,
142167,
142329,
142491,
142654,
142978,
143140,
143302,
143545,
143708,
143951,
144113,
144275,
144437,
144599,
144843,
145005,
145248,
145410,
145572,
145897,
146140,
146302,
146545,
146708,
146951,
147113,
147356,
147518,
147681,
147843,
148005,
148167,
148329,
148491,
148735,
149140,
149302,
149464,
149789,
149951,
150113,
150275,
150437,
150762,
151086,
151248,
151410,
151735,
151897,
152059,
152383,
152545,
152708,
152870,
153032,
153356,
153681,
153924,
154329,
154572,
154897,
155140,
155383,
155627,
155870,
156194,
156437,
156599,
156762,
157086,
157248,
157410,
157572,
157816,
158140,
158383,
158545,
158870,
159113,
159437,
159681,
159843,
160005,
160167,
160410,
160816,
161059,
161383,
161627,
161870,
162032,
162275,
162437,
162599,
162762,
163005,
163410,
163654,
163897,
164059,
164221,
164545,
164708,
165518,
165681,
166329,
166491,
166735,
166978,
167140,
167302,
167464,
167627,
167870,
168194,
168356,
168599,
168762,
168924,
169167,
169329,
169572,
169816,
169978,
170221,
170383,
170545,
170789,
170951,
171194,
171356,
171518,
171681,
171843,
172005,
172167,
172410,
172572,
172816,
172978,
173140,
173383,
173545,
173789,
173951,
174113,
174356,
174518,
174762,
174924,
175086,
175329,
175491,
175735,
175897,
176059,
176221,
176383,
176545,
176708,
176951,
177356,
177681,
178167,
178654,
179140,
179627,
180437,
181086,
181410,
181897,
182383,
183032,
183681,
184167,
184654,
185140,
186113,
188059,
188383,
188789,
188951,
189356,
189681,
189924,
190167,
190329,
190491,
190735,
190897,
191302,
191627,
191789,
192032,
192194,
192599,
192762,
193005,
193167,
193572,
193816,
194221,
194545,
194870,
195113,
195356,
195518,
195762,
196167,
196329,
196572,
196735,
197302,
197464,
197870,
198032,
198194,
198356,
198762,
199086,
199248,
199410,
199572,
199735,
199978,
200140,
200302,
200545,
200708,
200870,
201032,
201194,
201356,
201599,
201762,
202005,
202167,
202329,
202491,
202654,
202816,
202978,
203140,
203302,
203464,
203627,
203789,
203951,
204194,
204356,
204599,
204762,
204924,
205086,
205410,
205572,
205735,
205897,
206059,
206221,
206464,
206627,
206870,
207032,
207194,
207599,
207843,
208167,
208329,
208491,
208654,
208816,
209140,
209464,
209627,
209789,
210194,
210437,
210762,
211005,
211167,
211410,
211735,
212059,
212221,
212383,
212708,
212870,
213032,
213437,
213681,
213843,
214005,
214167,
214329,
214491,
214654,
214816,
214978,
215140,
215302,
215627,
215951,
216113,
216275,
216437,
216599,
216843,
217005,
217248,
217410,
217572,
217735,
217897,
218140,
218302,
218545,
218708,
218870,
219194,
219356,
219518,
219681,
219843,
220086,
220248,
220491,
220654,
220816,
221059,
221221,
221464,
221627,
221789,
221951,
222113,
222356,
222518,
222762,
222924,
223086,
223248,
223410,
223654,
223816,
223978,
224140,
224383,
224627,
224789,
224951,
225113,
225275,
225518,
225681,
225843,
226005,
226248,
226816,
226978,
227302,
227464,
227789,
227951,
228437,
228762,

2 Column Long Note Times:

2 Column Release Times:

3 Column Hit Times:
600,
762,
924,
1086,
1248,
1410,
1572,
1735,
1897,
2870,
3113,
3518,
3681,
4005,
4329,
4572,
4735,
4897,
5059,
5464,
5789,
6032,
6194,
6437,
6681,
6843,
7086,
7248,
7410,
7572,
7735,
8059,
8383,
8545,
8708,
9032,
9275,
9437,
9681,
9843,
10005,
10167,
10329,
10654,
10816,
10978,
11221,
11383,
11627,
11789,
12032,
12275,
12437,
12599,
12762,
12924,
13248,
13572,
13735,
13897,
14140,
14302,
14545,
14789,
14951,
15194,
15356,
15518,
15843,
16167,
16329,
16491,
16654,
16897,
17059,
17221,
17464,
17627,
17789,
18113,
18437,
18599,
18843,
19005,
19167,
19410,
19572,
19735,
19978,
20140,
20383,
20627,
20789,
21032,
21194,
21437,
21599,
21762,
22005,
22248,
22410,
22654,
22816,
22978,
23302,
23627,
23951,
24113,
24275,
24681,
24924,
25248,
25572,
25735,
26221,
26545,
26708,
26870,
27032,
27194,
27437,
27599,
27843,
28167,
28329,
28491,
28735,
28897,
29140,
29383,
29545,
29789,
29951,
30113,
30356,
30518,
30681,
30843,
31005,
31167,
31410,
31735,
31897,
32059,
32302,
32627,
32789,
33032,
33194,
33356,
33599,
33843,
34005,
34167,
34410,
34572,
34735,
34978,
35140,
35302,
35545,
35951,
36113,
36356,
36518,
36681,
36924,
37167,
37329,
37572,
37735,
37897,
38140,
38545,
38708,
38951,
39113,
39275,
39518,
39843,
40167,
40410,
40654,
40897,
41059,
41221,
41383,
41789,
42113,
42275,
42518,
42681,
42924,
43167,
43410,
43572,
43735,
43897,
44059,
44302,
44545,
44789,
45032,
45194,
45356,
45599,
45843,
46086,
46410,
46654,
46978,
47383,
47545,
47870,
48113,
48356,
48599,
48762,
49005,
49329,
49491,
49654,
49897,
50221,
50383,
50545,
50708,
50870,
51113,
51518,
51843,
52005,
52167,
52329,
52491,
52654,
52978,
53140,
53951,
54113,
54762,
55086,
55329,
55491,
55735,
55897,
56059,
56221,
56464,
56627,
56870,
57032,
57194,
57356,
57599,
57762,
57924,
58086,
58329,
58491,
58654,
58897,
59059,
59221,
59383,
59627,
59789,
59951,
60194,
60356,
60599,
60843,
61005,
61248,
61410,
61572,
61735,
61978,
62140,
62302,
62464,
62627,
62870,
63032,
63194,
63518,
63681,
63843,
64167,
64410,
64572,
64816,
65140,
65464,
65627,
65789,
66032,
66194,
66437,
66599,
66762,
66924,
67167,
67329,
67491,
67654,
67816,
68059,
68221,
68383,
68545,
68708,
68951,
69113,
69356,
69518,
69681,
69843,
70005,
70248,
70410,
70654,
70816,
70978,
71140,
71302,
71545,
71708,
71870,
72113,
72275,
72437,
72599,
72762,
72924,
73167,
73329,
73572,
73978,
74221,
74545,
74789,
74951,
75194,
75518,
75924,
76167,
76491,
76654,
76816,
77140,
77302,
77464,
77708,
78113,
78437,
78599,
78762,
78924,
79897,
80059,
80221,
80545,
80708,
81113,
81275,
81518,
81762,
82005,
82167,
82329,
82491,
82735,
82978,
83140,
83302,
83464,
83708,
83870,
84032,
84275,
84437,
84599,
84843,
85248,
85410,
85654,
85816,
86221,
86464,
86627,
86870,
87032,
87275,
87599,
87762,
88086,
88329,
88491,
88816,
88978,
89140,
89383,
89708,
89951,
90113,
90275,
90518,
90762,
90924,
91167,
91329,
91816,
92059,
92221,
92383,
92545,
92708,
92870,
93113,
93356,
93518,
93762,
94005,
94167,
94329,
94491,
94654,
94897,
95140,
95302,
95464,
95789,
96032,
96275,
96437,
96599,
96762,
97167,
97491,
97735,
97897,
98059,
98302,
98627,
98870,
99032,
99194,
99356,
99518,
99681,
99924,
100086,
100329,
100491,
100654,
100816,
100978,
101140,
101545,
101789,
102437,
103086,
103735,
104383,
105032,
105843,
106005,
106329,
107059,
107221,
107383,
107708,
107870,
108032,
108275,
108518,
108681,
108924,
109086,
109248,
109491,
109735,
109897,
110059,
110302,
110464,
110627,
110870,
111032,
111194,
111437,
111843,
112005,
112248,
112491,
112654,
112816,
112978,
113140,
113383,
113708,
113870,
114113,
114356,
114518,
114843,
115005,
115248,
115572,
115735,
116140,
116302,
116464,
116627,
117032,
117356,
117518,
117762,
117924,
118167,
118410,
118654,
118816,
119059,
119383,
119545,
119789,
120032,
120194,
120599,
120762,
121005,
121248,
121410,
121654,
122221,
122545,
122708,
122951,
123113,
123356,
123518,
123681,
123924,
124086,
124410,
124654,
124816,
125059,
125464,
125627,
125870,
126194,
126437,
126599,
126843,
127086,
127329,
127572,
127735,
127897,
128708,
128870,
129194,
129356,
130005,
130329,
130572,
130735,
130978,
131140,
131383,
131545,
131789,
131951,
132113,
132275,
132518,
132681,
132843,
133005,
133248,
133410,
133572,
133735,
133897,
134140,
134302,
134545,
134708,
134870,
135032,
135194,
135356,
135518,
135681,
135843,
136086,
136248,
136491,
136654,
136816,
136978,
137221,
137383,
137545,
137789,
137951,
138113,
138275,
138437,
138762,
138924,
139086,
139248,
139491,
139735,
139897,
140059,
140262,
140383,
140789,
141032,
141275,
141437,
141681,
141843,
142086,
142248,
142491,
142654,
142816,
142978,
143140,
143302,
143464,
143627,
143870,
144032,
144275,
144437,
144599,
144762,
144924,
145086,
145248,
145410,
145572,
145816,
145978,
146221,
146464,
146627,
146870,
147032,
147275,
147437,
147599,
147762,
147924,
148167,
148329,
148491,
148654,
148816,
149221,
149464,
149627,
149870,
150113,
150275,
150437,
150762,
151086,
151329,
151572,
151735,
151897,
152059,
152464,
152708,
152870,
153032,
153356,
153762,
154005,
154167,
154410,
154735,
155059,
155302,
155464,
155708,
156032,
156356,
156681,
156843,
157086,
157248,
157410,
157572,
157735,
157978,
158221,
158545,
158870,
159032,
159275,
159518,
159681,
159843,
160005,
160248,
160491,
160654,
160897,
161221,
161545,
161789,
161951,
162194,
162518,
162843,
163086,
163248,
163491,
163816,
164059,
164221,
164545,
164708,
165032,
165194,
166410,
166654,
166816,
166978,
167221,
167464,
167627,
167789,
168032,
168275,
168518,
168762,
168924,
169086,
169248,
169491,
169654,
169897,
170059,
170221,
170383,
170627,
170870,
171032,
171275,
171518,
171681,
171843,
172086,
172248,
172491,
172654,
172816,
173059,
173221,
173464,
173627,
173789,
174032,
174194,
174437,
174599,
174762,
175005,
175167,
175410,
175572,
175735,
176627,
176870,
177194,
178005,
178491,
178978,
179464,
179951,
180275,
180762,
181248,
181735,
182545,
182870,
183356,
183843,
184329,
184816,
186437,
186843,
188383,
188708,
188870,
189113,
189275,
189437,
189599,
189843,
190005,
190167,
190410,
190654,
190978,
191140,
191383,
191545,
191951,
192113,
192356,
192518,
192924,
193086,
193329,
193491,
193735,
193978,
194140,
194545,
194708,
194951,
195275,
195518,
195681,
195843,
196167,
196491,
196654,
196978,
197221,
197383,
197789,
197951,
198113,
198275,
198437,
198762,
199086,
199248,
199410,
199654,
199816,
200059,
200221,
200383,
200545,
200789,
200951,
201113,
201275,
201437,
201681,
201843,
202005,
202167,
202329,
202572,
202735,
202978,
203140,
203302,
203464,
203627,
203870,
204032,
204275,
204437,
204599,
204762,
204924,
205167,
205329,
205491,
205735,
205897,
206059,
206221,
206383,
206545,
206789,
206951,
207194,
207518,
207681,
207843,
208248,
208491,
208654,
208816,
209140,
209545,
209708,
210113,
210356,
210599,
210843,
211086,
211248,
211410,
211735,
212059,
212302,
212545,
212708,
212870,
213032,
213356,
213518,
213681,
213843,
214005,
214248,
214410,
214654,
214816,
214978,
215140,
215302,
215627,
216032,
216275,
216437,
216599,
216762,
216924,
217167,
217329,
217572,
217735,
217897,
218059,
218221,
218464,
218627,
218789,
218951,
219113,
219275,
219518,
219681,
219843,
220005,
220167,
220410,
220572,
220735,
220897,
221140,
221302,
221464,
221627,
221789,
222032,
222194,
222437,
222599,
222762,
222924,
223086,
223329,
223491,
223735,
223897,
224059,
224302,
224464,
224708,
224870,
225032,
225275,
225437,
225681,
225924,
226086,
226329,
226491,
227302,
227464,
227789,
227951,
228275,
228762,

3 Column Long Note Times:

3 Column Release Times:

4 Column Hit Times:
600,
924,
1086,
1410,
1735,
1978,
2140,
2302,
2464,
2627,
2789,
2951,
3194,
3356,
3518,
3681,
3843,
4005,
4167,
4329,
4491,
5140,
5464,
5789,
5951,
6113,
6275,
6437,
6762,
6924,
7086,
7329,
7491,
7735,
7897,
8140,
8383,
8627,
8789,
9032,
9194,
9356,
9518,
9681,
9924,
10086,
10329,
10491,
10735,
10978,
11140,
11302,
11464,
11627,
11951,
12275,
12518,
12681,
12924,
13086,
13329,
13572,
13897,
14059,
14221,
14383,
14545,
14870,
15113,
15275,
15518,
15681,
15924,
16086,
16248,
16491,
16654,
16816,
17140,
17302,
17464,
17789,
17951,
18194,
18356,
18518,
18762,
19086,
19248,
19410,
19654,
19816,
20059,
20221,
20383,
20708,
20870,
21032,
21275,
21681,
21924,
22167,
22329,
22572,
22978,
23140,
23383,
23545,
23708,
23951,
24194,
24437,
24762,
24924,
25248,
25410,
25572,
25897,
26221,
26545,
26870,
27194,
27356,
27518,
27681,
27843,
28086,
28248,
28491,
28816,
29140,
29302,
29464,
29627,
29789,
30032,
30275,
30437,
30762,
31086,
31248,
31410,
31654,
31816,
32059,
32221,
32383,
32545,
32708,
33032,
33356,
33518,
33681,
34005,
34248,
34654,
34816,
34978,
35221,
35383,
35627,
35789,
35951,
36113,
36275,
36599,
36924,
37086,
37248,
37491,
37816,
38059,
38221,
38383,
38545,
38870,
39194,
39518,
39681,
39843,
40329,
40491,
40897,
41059,
41221,
41383,
41789,
42113,
42437,
42599,
42843,
43086,
43248,
43410,
43572,
43735,
44059,
44221,
44383,
44627,
44870,
45113,
45356,
45518,
45681,
45924,
46248,
46491,
46654,
46978,
47302,
47627,
47789,
48032,
48275,
48437,
48599,
48924,
49086,
49248,
49572,
49816,
50221,
50383,
50545,
50789,
51032,
51275,
51437,
51843,
52167,
52410,
52978,
53140,
53464,
53627,
53951,
54113,
54762,
55086,
55248,
55410,
55572,
55735,
55978,
56140,
56302,
56545,
56708,
56870,
57032,
57194,
57356,
57518,
57681,
58005,
58167,
58329,
58491,
58654,
58816,
58978,
59302,
59464,
59627,
59789,
59951,
60275,
60437,
60599,
60762,
60924,
61086,
61410,
61572,
61735,
61897,
62059,
62221,
62545,
62708,
62870,
63032,
63194,
63518,
63762,
64167,
64329,
64491,
64654,
64816,
65140,
65545,
65789,
65951,
66113,
66275,
66599,
66762,
66924,
67086,
67248,
67410,
67735,
67897,
68059,
68302,
68464,
68708,
68870,
69032,
69194,
69356,
69599,
69762,
70005,
70167,
70329,
70654,
70897,
71059,
71302,
71464,
71627,
71789,
72032,
72194,
72437,
72599,
72762,
72924,
73086,
73248,
73491,
73897,
74059,
74221,
74545,
74708,
74870,
75032,
75194,
75518,
75843,
76086,
76329,
76491,
76654,
76816,
77140,
77302,
77464,
77627,
77789,
78113,
78437,
78599,
78762,
78924,
79248,
79410,
79572,
80545,
80708,
81194,
81356,
81518,
81681,
81843,
82005,
82248,
82491,
82654,
82816,
82978,
83221,
83464,
83627,
83870,
84113,
84275,
84437,
84681,
85005,
85167,
85491,
85897,
86221,
86383,
86545,
86789,
87113,
87356,
87518,
87843,
88005,
88248,
88572,
88735,
88978,
89140,
89302,
89545,
89789,
89951,
90113,
90356,
90681,
91086,
91248,
91897,
92059,
92302,
92545,
93032,
93275,
93599,
93843,
94329,
94572,
94816,
95059,
95302,
95464,
95708,
95951,
96113,
96356,
96599,
96762,
97005,
97248,
97410,
97572,
97735,
98221,
98383,
98545,
98708,
98951,
99194,
99356,
99518,
99762,
100248,
100491,
100654,
100816,
100978,
101140,
101789,
102437,
102762,
103086,
103735,
104383,
104708,
105032,
106005,
106167,
106329,
106654,
107302,
107464,
107627,
107951,
108113,
108356,
108599,
108762,
108924,
109248,
109654,
109897,
110059,
110221,
110545,
110789,
111194,
111518,
111681,
111843,
112086,
112329,
112491,
112654,
112897,
113140,
113302,
113464,
113789,
114113,
114437,
114762,
114924,
115086,
115410,
115654,
115897,
116140,
116302,
116464,
116627,
117032,
117356,
117681,
117843,
118086,
118329,
118491,
118654,
118978,
119140,
119302,
119627,
119789,
119951,
120113,
120356,
120518,
120762,
120924,
121086,
121329,
121491,
121816,
122221,
122545,
122870,
123194,
123518,
123681,
123843,
124167,
124329,
124491,
124654,
124897,
125140,
125302,
125545,
125789,
125951,
126113,
126275,
126518,
126762,
126924,
127167,
127410,
127572,
127735,
127897,
128221,
128383,
128708,
128870,
130005,
130329,
130491,
130654,
130816,
130978,
131221,
131464,
131627,
131789,
131951,
132113,
132275,
132437,
132599,
132924,
133086,
133248,
133491,
133654,
133897,
134059,
134221,
134383,
134545,
134789,
134951,
135194,
135437,
135599,
135843,
136005,
136167,
136329,
136654,
136816,
136978,
137140,
137302,
137464,
137708,
137870,
138113,
138275,
138437,
138762,
139086,
139410,
139572,
139735,
139978,
140221,
140383,
140708,
140870,
141032,
141194,
141356,
141518,
141681,
141843,
142005,
142167,
142329,
142491,
142654,
142816,
142978,
143221,
143383,
143627,
143789,
143951,
144113,
144275,
144518,
144681,
144924,
145167,
145329,
145572,
145735,
145897,
146059,
146221,
146383,
146545,
146708,
146870,
147032,
147194,
147356,
147681,
147843,
148005,
148167,
148410,
148572,
148816,
149140,
149383,
149789,
149951,
150113,
150356,
150762,
151086,
151248,
151410,
151816,
152059,
152383,
152627,
152789,
153032,
153356,
153681,
153843,
154005,
154167,
154491,
154654,
154816,
154978,
155221,
155545,
155789,
155951,
156113,
156275,
156518,
156924,
157167,
157491,
157897,
158059,
158221,
158545,
158870,
159194,
159356,
159518,
159762,
160086,
160329,
160491,
160654,
160978,
161140,
161302,
161464,
161789,
161951,
162275,
162437,
162599,
162762,
163086,
163248,
163572,
163735,
163897,
164059,
164221,
165032,
165194,
165518,
165681,
166329,
166654,
166897,
167059,
167302,
167545,
167708,
167951,
168113,
168275,
168437,
168599,
168843,
169005,
169248,
169410,
169572,
169735,
169897,
170140,
170302,
170545,
170708,
170870,
171113,
171356,
171518,
171762,
171924,
172167,
172329,
172491,
172735,
172897,
173140,
173464,
173789,
174113,
174437,
174681,
174843,
175086,
175410,
175735,
175897,
176059,
176221,
176383,
176545,
176708,
177032,
177843,
178816,
179789,
180599,
181572,
182059,
182708,
183194,
184005,
184491,
185789,
186762,
188708,
189032,
189194,
189681,
189843,
190005,
190248,
190572,
190978,
191302,
191464,
191708,
191870,
192275,
192599,
192924,
193248,
193410,
193654,
193897,
194221,
194383,
194627,
194789,
195032,
195194,
195437,
195681,
195843,
196005,
196248,
196410,
196816,
197140,
197789,
197951,
198113,
198275,
198437,
198762,
199167,
199410,
199572,
199735,
199897,
200221,
200383,
200545,
200708,
200870,
201032,
201356,
201518,
201681,
201924,
202086,
202329,
202491,
202654,
202816,
202978,
203221,
203383,
203627,
203789,
203951,
204275,
204518,
204681,
204924,
205086,
205248,
205410,
205654,
205816,
206059,
206221,
206383,
206545,
206708,
206870,
207032,
207194,
207518,
207762,
208005,
208167,
208329,
208491,
208735,
209140,
209464,
209789,
210113,
210275,
210437,
210762,
210924,
211086,
211329,
211735,
212059,
212221,
212383,
212789,
213032,
213356,
213518,
213681,
213924,
214086,
214329,
214572,
214735,
214897,
215059,
215221,
215627,
215951,
216113,
216275,
216518,
216681,
216924,
217248,
217410,
217572,
217816,
217978,
218221,
218545,
218870,
219194,
219518,
219762,
219924,
220167,
220329,
220491,
220816,
221140,
221383,
221545,
221789,
222113,
222275,
222437,
222681,
222843,
223086,
223410,
223572,
223735,
224059,
224221,
224383,
224545,
224708,
225032,
225194,
225356,
225518,
225681,
226005,
226329,
226491,
226816,
226978,
227302,
227464,
228275,
228437,
228762,

4 Column Long Note Times:

4 Column Release Times:

