Artist : Akiyama Uni
Song Name : Odoru Mizushibuki
Difficulty : 3.73793
BPM : 152
Background Image : charts\Akiyama Uni-Odoru Mizushibuki\fairydancinginswamp.png
Audio : charts\Akiyama Uni-Odoru Mizushibuki\Odoru Mizushibuki 1.100x.mp3

1 Column Hit Times:
13,
210,
606,
902,
1199,
1495,
1791,
2187,
2483,
2879,
3372,
3768,
4064,
4163,
4460,
4559,
4756,
4855,
5151,
5448,
5645,
5744,
5991,
6140,
6337,
6732,
6930,
7128,
7226,
7522,
7720,
7918,
8116,
8214,
8461,
8709,
8807,
9104,
9202,
9499,
9598,
9894,
10091,
10290,
10389,
10685,
11080,
11228,
11343,
11475,
11673,
11870,
11970,
12266,
12364,
12661,
12760,
13056,
13254,
13451,
13550,
13847,
13995,
14143,
14242,
14440,
14786,
15032,
15131,
15625,
15823,
15922,
16219,
16317,
16515,
16613,
17009,
17207,
17305,
17453,
17601,
17800,
17997,
18096,
18244,
18392,
18491,
18640,
18788,
18985,
19182,
19380,
19578,
19776,
19874,
20220,
20369,
20566,
20961,
21110,
21258,
21357,
21752,
21900,
22147,
22542,
22641,
22839,
22938,
23333,
23431,
23728,
23877,
23991,
24123,
24222,
24519,
24716,
24914,
25111,
25310,
25507,
25606,
25852,
26100,
26495,
26594,
26791,
26890,
27088,
27286,
27483,
27582,
27879,
27977,
28224,
28471,
28570,
28867,
28965,
29163,
29261,
29657,
29855,
29953,
30101,
30250,
30448,
30843,
30941,
31090,
31238,
31337,
31633,
31781,
32029,
32226,
32424,
32522,
32819,
32968,
33116,
33264,
33412,
33610,
33807,
34005,
34202,
34400,
34647,
34795,
34894,
35190,
35389,
35487,
35685,
35981,
36377,
36574,
36771,
36970,
37167,
37364,
37562,
37710,
37958,
38155,
38352,
38500,
38650,
38748,
39143,
39242,
39440,
39588,
39736,
39934,
40131,
40329,
40527,
40724,
40971,
41120,
41219,
41515,
41712,
41811,
42009,
42305,
42503,
42601,
42750,
42898,
43096,
43244,
43392,
43590,
43886,
44084,
44183,
44480,
44677,
44973,
45170,
45369,
45665,
45862,
46060,
46357,
46752,
47147,
47443,
47641,
48135,
48283,
48431,
49025,
49123,
49420,
49618,
49716,
49865,
50013,
50111,
50210,
50408,
50507,
50655,
50852,
51001,
51199,
51495,
51692,
51791,
51989,
52187,
52335,
52483,
52780,
53125,
53274,
53372,
53570,
53768,
53965,
54064,
54212,
54360,
54460,
54559,
54756,
54953,
55151,
55250,
55398,
55547,
55744,
55843,
56140,
56238,
56436,
56534,
56732,
56930,
57029,
57177,
57325,
57522,
57820,
58116,
58313,
58412,
58709,
58906,
59301,
59400,
59697,
59795,
60092,
60190,
60290,
60487,
60685,
60882,
61278,
61377,
61475,
61673,
61870,
62068,
62266,
62463,
62562,
62661,
62760,
62908,
63056,
63254,
63402,
63650,
63748,
64044,
64340,
64440,
64638,
64835,
65032,
65131,
65428,
65625,
65724,
65872,
65971,
66219,
66416,
66564,
66811,
67009,
67108,
67207,
67404,
67601,
67800,
67898,
68047,
68195,
68392,
68491,
68788,
68886,
69034,
69133,
69380,
69578,
69973,
70072,
70369,
70764,
70961,
71159,
71357,
71554,
71950,
72147,
72345,
72443,
72740,
72839,
72938,
73135,
73333,
73530,
73926,
74025,
74123,
74667,
74865,
75062,
75458,
75606,
75704,
75902,

1 Column Long Note Times:

1 Column Release Times:

2 Column Hit Times:
13,
111,
408,
803,
1100,
1495,
1594,
1890,
2088,
2286,
2483,
2582,
2879,
2977,
3175,
3273,
3570,
3965,
4261,
4953,
5349,
5448,
5744,
5843,
6040,
6140,
6337,
6436,
6732,
6831,
7128,
7522,
7621,
7819,
7918,
8313,
8412,
8610,
8709,
9301,
9450,
9697,
9943,
10091,
10190,
10487,
10685,
10783,
11080,
11179,
11377,
11771,
11870,
12068,
12266,
12463,
12661,
12859,
13106,
13254,
13352,
13847,
13946,
14242,
14440,
14539,
14687,
14835,
14934,
15230,
15329,
15477,
15675,
15773,
16416,
16613,
16811,
17009,
17108,
17404,
17601,
17733,
18195,
18392,
18590,
18788,
18886,
19034,
19380,
19480,
19776,
19973,
20072,
20369,
20468,
20764,
21010,
21159,
21258,
21554,
21752,
21850,
21999,
22098,
22345,
22443,
22690,
22938,
23135,
23234,
23728,
23827,
24025,
24420,
24519,
24618,
24914,
25013,
25310,
25408,
25754,
25902,
26100,
26199,
26643,
26890,
27335,
27483,
27680,
27780,
28125,
28372,
28471,
29064,
29261,
29460,
29657,
29756,
30052,
30250,
30381,
30645,
30843,
31040,
31238,
31633,
31732,
32029,
32128,
32819,
32918,
33214,
33412,
33544,
33807,
33906,
34202,
34301,
34450,
34598,
34746,
35190,
35290,
35487,
35586,
35783,
35882,
36179,
36377,
36475,
36771,
36870,
37167,
37266,
37364,
37562,
37661,
37859,
37958,
38056,
38352,
38451,
38847,
39143,
39291,
39539,
39736,
39868,
40131,
40230,
40527,
40625,
40773,
40922,
41070,
41317,
41515,
41613,
41811,
41910,
42305,
42503,
42700,
42849,
42997,
43145,
43293,
43392,
43788,
43985,
44183,
44281,
44480,
44578,
44776,
45270,
45369,
45468,
45764,
46010,
46192,
46357,
46653,
46850,
46950,
47246,
47443,
47542,
47740,
47839,
48135,
48234,
48431,
48729,
48926,
49025,
49420,
49519,
49716,
49815,
50111,
50310,
50507,
50606,
50754,
50951,
51050,
51199,
51298,
51396,
51594,
51692,
51890,
52187,
52286,
52582,
52780,
52879,
53027,
53175,
53372,
53570,
53669,
53817,
54113,
54311,
54460,
54559,
54756,
54855,
55349,
55497,
55744,
55941,
56040,
56288,
56534,
56732,
56930,
57078,
57276,
57374,
57522,
57621,
57720,
57918,
58116,
58214,
58560,
58709,
58906,
59005,
59301,
59549,
59647,
59894,
60190,
60487,
60586,
60981,
61278,
61377,
61574,
61771,
61970,
62167,
62365,
62859,
62958,
63056,
63155,
63303,
63501,
63650,
63798,
63946,
64044,
64242,
64340,
64539,
64835,
64934,
65230,
65428,
65527,
65774,
66020,
66120,
66416,
66515,
66663,
66811,
66910,
67108,
67207,
67404,
67503,
67997,
68145,
68392,
68590,
68689,
68936,
69183,
69380,
69578,
69677,
69825,
69924,
70121,
70270,
70369,
70566,
70764,
70961,
71060,
71209,
71357,
71554,
71653,
71950,
72049,
72197,
72295,
72542,
72839,
73135,
73234,
73630,
73926,
74025,
74222,
74370,
74519,
74618,
74766,
74914,
75013,
75161,
75310,
75408,
75556,
75704,
75852,

2 Column Long Note Times:

2 Column Release Times:

3 Column Hit Times:
210,
606,
902,
1000,
1298,
1396,
1594,
1692,
1989,
2384,
2680,
3076,
3175,
3372,
3768,
4360,
4657,
4756,
5052,
5250,
5546,
5645,
5941,
6090,
6238,
6337,
6534,
6633,
6880,
7029,
7128,
7325,
7424,
7572,
7720,
7819,
8116,
8362,
8510,
8610,
8709,
8906,
9104,
9252,
9350,
9499,
9894,
9993,
10290,
10882,
10981,
11278,
11410,
11574,
11870,
12068,
12167,
12315,
12661,
13056,
13155,
13451,
13650,
13748,
14044,
14143,
14637,
14835,
15032,
15230,
15428,
15527,
15724,
15823,
16020,
16120,
16268,
16416,
16515,
16811,
16910,
17404,
17503,
17700,
17800,
17898,
18195,
18392,
18590,
18985,
19182,
19281,
19529,
19677,
19776,
20170,
20270,
20468,
20566,
20764,
20862,
21159,
21357,
21455,
22049,
22147,
22246,
22591,
22740,
22938,
23037,
23333,
23530,
23778,
23926,
24058,
24321,
24420,
24568,
24716,
24815,
25310,
25704,
25803,
26000,
26298,
26495,
26692,
26791,
27088,
27187,
27434,
27680,
27879,
28076,
28175,
28323,
28422,
28669,
28768,
28916,
29064,
29163,
29460,
29559,
30052,
30151,
30349,
30448,
30546,
30843,
31040,
31238,
31436,
31534,
31682,
31831,
32029,
32177,
32325,
32424,
32621,
32720,
32869,
33017,
33214,
33313,
33510,
33709,
34005,
34104,
34400,
34499,
34697,
34795,
34993,
35091,
35339,
35981,
36080,
36377,
36525,
36673,
36821,
36970,
37068,
37463,
37611,
37810,
37908,
38155,
38254,
38402,
38550,
38650,
38946,
39044,
39192,
39340,
39539,
39637,
39835,
40032,
40230,
40329,
40576,
40724,
40823,
41020,
41120,
41663,
42108,
42207,
42700,
42800,
43096,
43195,
43491,
43590,
43689,
43886,
44380,
44874,
44973,
45072,
45566,
45862,
45961,
46159,
46258,
46456,
46554,
46850,
47049,
47443,
47740,
48037,
48234,
48530,
48630,
48827,
48926,
49025,
49222,
49321,
49618,
49815,
49914,
50013,
50210,
50310,
50606,
50704,
51001,
51100,
51396,
51791,
51989,
52088,
52236,
52384,
52582,
52680,
52977,
53076,
53224,
53323,
53570,
53768,
53867,
54015,
54163,
54261,
54657,
54953,
55052,
55349,
55547,
55645,
56189,
56386,
56485,
56732,
56831,
56980,
57325,
57424,
57621,
57720,
57918,
58017,
58313,
58510,
58610,
58807,
59104,
59202,
59450,
59598,
59697,
59894,
60092,
60290,
60389,
60783,
61080,
61179,
61475,
61673,
61771,
61870,
61970,
62463,
62661,
62859,
63007,
63155,
63254,
63451,
63550,
63699,
63847,
64143,
64440,
64638,
64736,
64983,
65230,
65329,
65675,
65823,
66020,
66219,
66317,
66465,
66613,
66712,
66860,
66960,
67305,
67601,
67700,
67997,
68096,
68392,
68837,
69084,
69183,
69380,
69480,
69628,
69776,
69874,
70022,
70170,
70270,
70566,
70665,
71159,
71258,
71456,
71752,
71850,
72098,
72345,
72542,
72740,
72938,
73037,
73431,
73729,
73827,
74123,
74321,
74420,
74568,
74716,
74815,
74963,
75111,
75210,
75359,
75507,
75606,
75754,
75902,

3 Column Long Note Times:

3 Column Release Times:

4 Column Hit Times:
310,
507,
704,
1000,
1298,
1791,
2187,
2780,
3076,
3471,
3669,
3867,
4064,
4460,
4657,
4953,
5250,
5349,
5546,
5843,
5941,
6040,
6238,
6386,
6534,
6781,
6930,
7029,
7325,
7670,
7918,
8017,
8313,
8510,
8906,
9005,
9153,
9400,
9499,
9697,
9795,
10042,
10190,
10290,
10487,
10586,
10882,
11130,
11278,
11475,
11673,
11771,
11920,
12266,
12463,
12562,
12710,
12859,
12958,
13204,
13352,
13451,
13650,
13896,
14044,
14242,
14340,
14637,
14736,
14934,
15032,
15428,
15576,
15823,
16020,
16219,
16367,
16613,
16712,
17207,
17404,
17552,
17668,
17800,
17997,
18195,
18293,
18441,
18590,
18689,
18985,
19084,
19430,
19578,
19677,
19973,
20170,
20319,
20566,
20665,
20961,
21060,
21357,
21554,
21653,
21801,
21950,
22147,
22345,
22542,
22740,
22839,
23135,
23530,
23630,
23926,
24123,
24321,
24519,
24914,
25111,
25210,
25359,
25507,
25704,
25902,
26000,
26100,
26298,
26396,
26544,
26692,
26890,
26989,
27286,
27384,
27582,
27680,
28076,
28273,
28471,
28669,
28867,
29015,
29261,
29360,
29855,
30052,
30200,
30316,
30448,
30645,
30744,
30892,
31040,
31140,
31288,
31436,
31633,
31831,
31930,
32078,
32226,
32325,
32621,
32819,
33017,
33214,
33362,
33478,
33610,
34005,
34252,
34549,
34795,
34993,
35240,
35389,
35586,
35783,
35981,
36179,
36278,
36426,
36574,
36771,
36920,
37068,
37266,
37562,
37760,
37958,
38352,
38550,
38748,
38946,
39143,
39340,
39539,
39687,
39802,
39934,
40329,
40428,
40724,
40872,
41120,
41317,
41416,
41564,
41712,
41910,
42108,
42305,
42404,
42700,
42898,
43096,
43293,
43491,
43689,
43886,
43985,
44084,
44281,
44677,
44874,
45072,
45270,
45468,
45665,
45764,
46126,
46456,
46752,
47049,
47246,
47345,
47493,
47641,
47938,
48037,
48234,
48333,
48530,
48827,
49074,
49222,
49815,
49914,
50210,
50408,
50606,
50803,
50902,
51150,
51298,
51396,
51594,
51791,
51989,
52187,
52384,
52582,
52977,
53372,
53471,
53768,
53916,
54163,
54360,
54559,
54855,
54953,
55151,
55349,
55448,
55744,
55941,
56140,
56337,
56534,
56633,
56930,
57128,
57226,
57473,
57720,
58116,
58510,
58659,
58906,
59104,
59350,
59499,
59697,
59894,
59993,
60487,
60685,
60783,
60882,
61080,
61278,
61574,
62068,
62167,
62266,
62365,
62562,
62760,
62958,
63254,
63352,
63600,
63847,
63946,
64044,
64242,
64440,
64638,
64884,
65032,
65230,
65625,
65922,
66020,
66219,
66416,
66761,
67009,
67207,
67503,
67601,
67800,
67997,
68195,
68293,
68590,
68788,
68985,
69183,
69281,
69578,
69726,
69973,
70170,
70369,
70468,
70764,
70862,
71159,
71307,
71554,
71752,
71999,
72246,
72345,
72542,
72641,
73135,
73333,
73431,
73530,
73729,
73926,
74222,
74321,
74470,
74716,
75111,
75260,
75507,
75655,
75803,
75902,

4 Column Long Note Times:

4 Column Release Times:

