Artist : Akiyama Uni
Song Name : Odoru Mizushibuki
Difficulty : 4.059521
BPM : 179
Background Image : charts\Akiyama Uni-Odoru Mizushibuki\fairydancinginswamp.png
Audio : charts\Akiyama Uni-Odoru Mizushibuki\Odoru Mizushibuki 1.300x.mp3

1 Column Hit Times:
11,
178,
513,
763,
1014,
1265,
1516,
1850,
2101,
2436,
2853,
3188,
3439,
3523,
3773,
3857,
4024,
4108,
4359,
4610,
4776,
4860,
5070,
5195,
5362,
5696,
5863,
6031,
6114,
6365,
6533,
6700,
6867,
6950,
7160,
7369,
7452,
7703,
7786,
8037,
8121,
8372,
8539,
8706,
8790,
9041,
9375,
9500,
9598,
9710,
9877,
10044,
10128,
10379,
10462,
10713,
10796,
11047,
11215,
11382,
11466,
11716,
11842,
11967,
12051,
12218,
12511,
12720,
12803,
13221,
13389,
13473,
13723,
13806,
13974,
14057,
14392,
14560,
14643,
14768,
14893,
15061,
15228,
15312,
15437,
15563,
15646,
15772,
15897,
16064,
16231,
16399,
16566,
16733,
16816,
17110,
17235,
17402,
17736,
17862,
17987,
18071,
18406,
18531,
18740,
19074,
19158,
19325,
19409,
19743,
19826,
20077,
20203,
20300,
20412,
20496,
20746,
20913,
21081,
21248,
21416,
21583,
21666,
21875,
22084,
22419,
22503,
22670,
22753,
22920,
23088,
23255,
23339,
23590,
23673,
23882,
24091,
24175,
24426,
24509,
24676,
24760,
25094,
25262,
25345,
25470,
25596,
25763,
26098,
26181,
26306,
26432,
26516,
26766,
26892,
27101,
27268,
27436,
27519,
27770,
27896,
28021,
28146,
28272,
28439,
28606,
28773,
28940,
29108,
29316,
29442,
29526,
29776,
29944,
30027,
30195,
30446,
30780,
30947,
31114,
31282,
31449,
31616,
31783,
31909,
32118,
32285,
32452,
32577,
32703,
32786,
33121,
33205,
33372,
33497,
33623,
33790,
33957,
34124,
34292,
34459,
34668,
34793,
34877,
35128,
35295,
35379,
35546,
35796,
35964,
36047,
36173,
36298,
36466,
36591,
36716,
36883,
37134,
37302,
37386,
37636,
37803,
38054,
38221,
38389,
38640,
38806,
38974,
39225,
39560,
39893,
40144,
40312,
40730,
40855,
40980,
41483,
41566,
41816,
41984,
42067,
42193,
42319,
42402,
42486,
42653,
42736,
42862,
43029,
43155,
43322,
43573,
43740,
43823,
43990,
44158,
44283,
44409,
44660,
44952,
45078,
45161,
45329,
45496,
45663,
45746,
45872,
45997,
46081,
46165,
46332,
46499,
46666,
46750,
46875,
47001,
47168,
47252,
47503,
47586,
47753,
47836,
48004,
48171,
48255,
48380,
48506,
48673,
48924,
49175,
49342,
49426,
49676,
49843,
50178,
50262,
50513,
50596,
50847,
50930,
51014,
51181,
51349,
51516,
51850,
51934,
52017,
52185,
52352,
52519,
52686,
52853,
52937,
53021,
53104,
53230,
53355,
53523,
53648,
53857,
53940,
54191,
54442,
54526,
54693,
54860,
55027,
55111,
55362,
55529,
55613,
55738,
55822,
56031,
56198,
56323,
56533,
56700,
56783,
56867,
57034,
57201,
57369,
57452,
57578,
57703,
57870,
57954,
58205,
58288,
58413,
58497,
58706,
58873,
59208,
59292,
59543,
59877,
60044,
60211,
60379,
60546,
60880,
61047,
61215,
61298,
61550,
61633,
61716,
61883,
62051,
62218,
62553,
62636,
62720,
63180,
63347,
63514,
63849,
63974,
64057,
64225,

1 Column Long Note Times:

1 Column Release Times:

2 Column Hit Times:
11,
94,
345,
680,
930,
1265,
1349,
1600,
1766,
1934,
2101,
2185,
2436,
2519,
2686,
2770,
3021,
3355,
3606,
4191,
4526,
4610,
4860,
4944,
5111,
5195,
5362,
5446,
5696,
5780,
6031,
6365,
6449,
6616,
6700,
7034,
7118,
7285,
7369,
7870,
7996,
8205,
8413,
8539,
8623,
8873,
9041,
9124,
9375,
9459,
9626,
9960,
10044,
10211,
10379,
10546,
10713,
10880,
11090,
11215,
11298,
11716,
11800,
12051,
12218,
12302,
12427,
12553,
12636,
12887,
12970,
13096,
13263,
13346,
13890,
14057,
14225,
14392,
14476,
14726,
14893,
15005,
15396,
15563,
15730,
15897,
15980,
16106,
16399,
16483,
16733,
16900,
16984,
17235,
17319,
17570,
17778,
17903,
17987,
18238,
18406,
18489,
18614,
18698,
18907,
18990,
19200,
19409,
19576,
19660,
20077,
20161,
20329,
20663,
20746,
20830,
21081,
21165,
21416,
21499,
21792,
21917,
22084,
22168,
22544,
22753,
23130,
23255,
23422,
23506,
23798,
24007,
24091,
24593,
24760,
24927,
25094,
25178,
25429,
25596,
25707,
25930,
26098,
26265,
26432,
26766,
26850,
27101,
27185,
27770,
27853,
28104,
28272,
28383,
28606,
28690,
28940,
29024,
29150,
29275,
29400,
29776,
29860,
30027,
30111,
30278,
30362,
30613,
30780,
30863,
31114,
31198,
31449,
31533,
31616,
31783,
31867,
32034,
32118,
32201,
32452,
32536,
32870,
33121,
33246,
33456,
33623,
33734,
33957,
34041,
34292,
34375,
34500,
34626,
34752,
34960,
35128,
35211,
35379,
35462,
35796,
35964,
36131,
36256,
36382,
36507,
36633,
36716,
37051,
37218,
37386,
37469,
37636,
37720,
37887,
38305,
38389,
38473,
38723,
38932,
39086,
39225,
39476,
39643,
39726,
39977,
40144,
40228,
40396,
40479,
40730,
40813,
40980,
41232,
41399,
41483,
41816,
41900,
42067,
42151,
42402,
42570,
42736,
42820,
42946,
43113,
43196,
43322,
43406,
43489,
43656,
43740,
43907,
44158,
44242,
44493,
44660,
44743,
44869,
44994,
45161,
45329,
45412,
45537,
45788,
45956,
46081,
46165,
46332,
46416,
46833,
46959,
47168,
47335,
47419,
47628,
47836,
48004,
48171,
48296,
48464,
48547,
48673,
48756,
48840,
49007,
49175,
49258,
49551,
49676,
49843,
49927,
50178,
50387,
50470,
50680,
50930,
51181,
51265,
51600,
51850,
51934,
52101,
52268,
52436,
52603,
52770,
53188,
53272,
53355,
53439,
53564,
53732,
53857,
53983,
54108,
54191,
54359,
54442,
54610,
54860,
54944,
55195,
55362,
55446,
55655,
55863,
55947,
56198,
56282,
56407,
56533,
56616,
56783,
56867,
57034,
57118,
57536,
57661,
57870,
58037,
58121,
58330,
58540,
58706,
58873,
58957,
59083,
59166,
59333,
59459,
59543,
59710,
59877,
60044,
60128,
60253,
60379,
60546,
60630,
60880,
60964,
61090,
61173,
61382,
61633,
61883,
61967,
62302,
62553,
62636,
62803,
62929,
63054,
63138,
63263,
63389,
63473,
63598,
63723,
63806,
63932,
64057,
64183,

2 Column Long Note Times:

2 Column Release Times:

3 Column Hit Times:
178,
513,
763,
846,
1098,
1181,
1349,
1432,
1683,
2017,
2268,
2603,
2686,
2853,
3188,
3690,
3940,
4024,
4275,
4442,
4693,
4776,
5027,
5153,
5278,
5362,
5529,
5613,
5822,
5947,
6031,
6198,
6282,
6407,
6533,
6616,
6867,
7076,
7201,
7285,
7369,
7536,
7703,
7829,
7912,
8037,
8372,
8456,
8706,
9208,
9292,
9543,
9654,
9793,
10044,
10211,
10295,
10420,
10713,
11047,
11131,
11382,
11550,
11633,
11883,
11967,
12385,
12553,
12720,
12887,
13054,
13138,
13305,
13389,
13556,
13640,
13765,
13890,
13974,
14225,
14308,
14726,
14810,
14977,
15061,
15144,
15396,
15563,
15730,
16064,
16231,
16315,
16524,
16650,
16733,
17067,
17151,
17319,
17402,
17570,
17653,
17903,
18071,
18154,
18656,
18740,
18823,
19116,
19242,
19409,
19493,
19743,
19910,
20120,
20245,
20356,
20580,
20663,
20788,
20913,
20997,
21416,
21750,
21833,
22000,
22252,
22419,
22586,
22670,
22920,
23004,
23213,
23422,
23590,
23756,
23840,
23966,
24050,
24258,
24342,
24467,
24593,
24676,
24927,
25011,
25429,
25513,
25680,
25763,
25846,
26098,
26265,
26432,
26600,
26683,
26808,
26934,
27101,
27226,
27352,
27436,
27603,
27686,
27812,
27937,
28104,
28188,
28355,
28523,
28773,
28857,
29108,
29191,
29359,
29442,
29610,
29693,
29902,
30446,
30529,
30780,
30906,
31031,
31156,
31282,
31365,
31700,
31825,
31993,
32076,
32285,
32369,
32494,
32620,
32703,
32954,
33037,
33163,
33288,
33456,
33539,
33706,
33873,
34041,
34124,
34333,
34459,
34543,
34710,
34793,
35253,
35630,
35713,
36131,
36215,
36466,
36550,
36800,
36883,
36967,
37134,
37553,
37970,
38054,
38138,
38556,
38806,
38890,
39057,
39141,
39309,
39392,
39643,
39810,
40144,
40396,
40646,
40813,
41064,
41148,
41315,
41399,
41483,
41650,
41733,
41984,
42151,
42235,
42319,
42486,
42570,
42820,
42903,
43155,
43238,
43489,
43823,
43990,
44074,
44200,
44325,
44493,
44576,
44826,
44910,
45036,
45120,
45329,
45496,
45580,
45705,
45830,
45913,
46248,
46499,
46583,
46833,
47001,
47084,
47544,
47711,
47795,
48004,
48088,
48213,
48506,
48590,
48756,
48840,
49007,
49091,
49342,
49509,
49593,
49760,
50011,
50094,
50303,
50429,
50513,
50680,
50847,
51014,
51098,
51432,
51683,
51766,
52017,
52185,
52268,
52352,
52436,
52853,
53021,
53188,
53313,
53439,
53523,
53690,
53773,
53899,
54024,
54275,
54526,
54693,
54776,
54986,
55195,
55278,
55571,
55696,
55863,
56031,
56114,
56240,
56365,
56449,
56574,
56658,
56950,
57201,
57285,
57536,
57620,
57870,
58246,
58456,
58540,
58706,
58790,
58916,
59041,
59124,
59250,
59375,
59459,
59710,
59793,
60211,
60295,
60463,
60713,
60796,
61006,
61215,
61382,
61550,
61716,
61800,
62134,
62386,
62469,
62720,
62887,
62970,
63096,
63221,
63305,
63430,
63556,
63640,
63765,
63890,
63974,
64100,
64225,

3 Column Long Note Times:

3 Column Release Times:

4 Column Hit Times:
262,
429,
596,
846,
1098,
1516,
1850,
2352,
2603,
2937,
3104,
3272,
3439,
3773,
3940,
4191,
4442,
4526,
4693,
4944,
5027,
5111,
5278,
5403,
5529,
5738,
5863,
5947,
6198,
6490,
6700,
6783,
7034,
7201,
7536,
7620,
7745,
7954,
8037,
8205,
8288,
8497,
8623,
8706,
8873,
8957,
9208,
9417,
9543,
9710,
9877,
9960,
10086,
10379,
10546,
10630,
10755,
10880,
10964,
11173,
11298,
11382,
11550,
11758,
11883,
12051,
12134,
12385,
12469,
12636,
12720,
13054,
13180,
13389,
13556,
13723,
13849,
14057,
14141,
14560,
14726,
14852,
14950,
15061,
15228,
15396,
15479,
15604,
15730,
15813,
16064,
16148,
16440,
16566,
16650,
16900,
17067,
17193,
17402,
17486,
17736,
17820,
18071,
18238,
18322,
18447,
18573,
18740,
18907,
19074,
19242,
19325,
19576,
19910,
19994,
20245,
20412,
20580,
20746,
21081,
21248,
21332,
21457,
21583,
21750,
21917,
22000,
22084,
22252,
22335,
22460,
22586,
22753,
22836,
23088,
23171,
23339,
23422,
23756,
23923,
24091,
24258,
24426,
24551,
24760,
24843,
25262,
25429,
25554,
25652,
25763,
25930,
26014,
26140,
26265,
26349,
26474,
26600,
26766,
26934,
27017,
27143,
27268,
27352,
27603,
27770,
27937,
28104,
28230,
28327,
28439,
28773,
28983,
29233,
29442,
29610,
29819,
29944,
30111,
30278,
30446,
30613,
30696,
30822,
30947,
31114,
31240,
31365,
31533,
31783,
31950,
32118,
32452,
32620,
32786,
32954,
33121,
33288,
33456,
33581,
33679,
33790,
34124,
34208,
34459,
34584,
34793,
34960,
35044,
35170,
35295,
35462,
35630,
35796,
35880,
36131,
36298,
36466,
36633,
36800,
36967,
37134,
37218,
37302,
37469,
37803,
37970,
38138,
38305,
38473,
38640,
38723,
39030,
39309,
39560,
39810,
39977,
40061,
40186,
40312,
40563,
40646,
40813,
40897,
41064,
41315,
41524,
41650,
42151,
42235,
42486,
42653,
42820,
42987,
43071,
43280,
43406,
43489,
43656,
43823,
43990,
44158,
44325,
44493,
44826,
45161,
45245,
45496,
45621,
45830,
45997,
46165,
46416,
46499,
46666,
46833,
46917,
47168,
47335,
47503,
47670,
47836,
47920,
48171,
48339,
48422,
48631,
48840,
49175,
49509,
49634,
49843,
50011,
50220,
50345,
50513,
50680,
50763,
51181,
51349,
51432,
51516,
51683,
51850,
52101,
52519,
52603,
52686,
52770,
52937,
53104,
53272,
53523,
53606,
53815,
54024,
54108,
54191,
54359,
54526,
54693,
54902,
55027,
55195,
55529,
55780,
55863,
56031,
56198,
56490,
56700,
56867,
57118,
57201,
57369,
57536,
57703,
57786,
58037,
58205,
58372,
58540,
58623,
58873,
58999,
59208,
59375,
59543,
59626,
59877,
59960,
60211,
60336,
60546,
60713,
60922,
61131,
61215,
61382,
61466,
61883,
62051,
62134,
62218,
62386,
62553,
62803,
62887,
63013,
63221,
63556,
63681,
63890,
64016,
64141,
64225,

4 Column Long Note Times:

4 Column Release Times:

