Artist : Akiyama Uni
Song Name : Odoru Mizushibuki
Difficulty : 5.66307
BPM : 193
Background Image : charts\Akiyama Uni-Odoru Mizushibuki\fairydancinginswamp.png
Audio : charts\Akiyama Uni-Odoru Mizushibuki\Odoru Mizushibuki 1.400x.mp3

1 Column Hit Times:
10,
165,
476,
709,
942,
1175,
1407,
1718,
1951,
2262,
2650,
2960,
3193,
3271,
3504,
3582,
3737,
3815,
4047,
4280,
4435,
4513,
4707,
4824,
4979,
5290,
5445,
5600,
5677,
5910,
6066,
6221,
6377,
6454,
6648,
6842,
6920,
7153,
7230,
7463,
7541,
7774,
7929,
8085,
8162,
8395,
8705,
8822,
8912,
9016,
9172,
9327,
9405,
9637,
9715,
9948,
10025,
10258,
10414,
10569,
10647,
10880,
10996,
11112,
11190,
11345,
11617,
11811,
11889,
12277,
12432,
12510,
12743,
12820,
12976,
13053,
13364,
13520,
13597,
13713,
13830,
13985,
14140,
14218,
14335,
14451,
14529,
14645,
14762,
14917,
15072,
15227,
15382,
15538,
15615,
15887,
16004,
16159,
16470,
16586,
16702,
16780,
17091,
17207,
17401,
17712,
17790,
17945,
18022,
18333,
18410,
18643,
18760,
18850,
18954,
19032,
19265,
19420,
19575,
19730,
19886,
20041,
20119,
20312,
20507,
20817,
20895,
21050,
21128,
21283,
21439,
21594,
21672,
21905,
21982,
22176,
22370,
22448,
22681,
22758,
22914,
22991,
23302,
23457,
23535,
23651,
23767,
23923,
24234,
24311,
24427,
24544,
24622,
24855,
24971,
25165,
25320,
25476,
25553,
25786,
25903,
26020,
26136,
26252,
26407,
26562,
26718,
26873,
27029,
27222,
27339,
27417,
27650,
27805,
27882,
28038,
28271,
28582,
28737,
28892,
29047,
29202,
29357,
29513,
29630,
29824,
29979,
30134,
30250,
30367,
30445,
30755,
30833,
30988,
31105,
31221,
31377,
31532,
31687,
31842,
31997,
32192,
32308,
32386,
32619,
32774,
32852,
33007,
33240,
33395,
33472,
33589,
33705,
33861,
33977,
34094,
34249,
34482,
34637,
34715,
34948,
35103,
35336,
35491,
35647,
35880,
36035,
36190,
36423,
36734,
37044,
37277,
37432,
37820,
37937,
38053,
38520,
38597,
38830,
38985,
39062,
39180,
39296,
39373,
39451,
39606,
39684,
39800,
39955,
40072,
40227,
40460,
40615,
40693,
40848,
41004,
41120,
41237,
41470,
41741,
41858,
41935,
42091,
42246,
42401,
42479,
42595,
42712,
42790,
42867,
43022,
43177,
43333,
43410,
43527,
43644,
43799,
43877,
44110,
44187,
44342,
44420,
44575,
44730,
44808,
44925,
45041,
45196,
45430,
45662,
45817,
45895,
46128,
46283,
46594,
46672,
46905,
46982,
47215,
47292,
47370,
47525,
47681,
47836,
48147,
48225,
48302,
48457,
48612,
48767,
48923,
49078,
49156,
49234,
49311,
49427,
49544,
49700,
49816,
50010,
50087,
50320,
50553,
50631,
50787,
50942,
51097,
51175,
51407,
51562,
51640,
51757,
51835,
52029,
52184,
52300,
52495,
52650,
52727,
52805,
52960,
53115,
53271,
53348,
53465,
53582,
53737,
53815,
54047,
54125,
54241,
54319,
54513,
54668,
54979,
55057,
55290,
55600,
55755,
55910,
56066,
56221,
56532,
56687,
56842,
56920,
57153,
57230,
57308,
57463,
57619,
57774,
58085,
58162,
58240,
58667,
58822,
58977,
59288,
59405,
59482,
59637,

2 Column Hit Times:
10,
87,
320,
631,
864,
1175,
1252,
1485,
1640,
1796,
1951,
2029,
2262,
2339,
2495,
2572,
2805,
3115,
3348,
3892,
4202,
4280,
4513,
4591,
4746,
4824,
4979,
5057,
5290,
5367,
5600,
5910,
5988,
6143,
6221,
6532,
6610,
6765,
6842,
7308,
7425,
7619,
7812,
7929,
8007,
8240,
8395,
8472,
8705,
8783,
8939,
9249,
9327,
9482,
9637,
9792,
9948,
10103,
10297,
10414,
10491,
10880,
10957,
11190,
11345,
11423,
11540,
11656,
11734,
11967,
12044,
12160,
12316,
12393,
12898,
13053,
13209,
13364,
13442,
13675,
13830,
13933,
14296,
14451,
14606,
14762,
14839,
14955,
15227,
15305,
15538,
15693,
15771,
16004,
16082,
16315,
16508,
16625,
16702,
16935,
17091,
17168,
17285,
17362,
17557,
17634,
17828,
18022,
18177,
18255,
18643,
18721,
18877,
19187,
19265,
19342,
19575,
19653,
19886,
19963,
20235,
20352,
20507,
20585,
20934,
21128,
21477,
21594,
21749,
21827,
22098,
22292,
22370,
22836,
22991,
23147,
23302,
23380,
23612,
23767,
23871,
24078,
24234,
24389,
24544,
24855,
24932,
25165,
25243,
25786,
25864,
26097,
26252,
26356,
26562,
26640,
26873,
26951,
27067,
27184,
27300,
27650,
27727,
27882,
27960,
28115,
28193,
28426,
28582,
28659,
28892,
28970,
29202,
29280,
29357,
29513,
29591,
29746,
29824,
29901,
30134,
30212,
30522,
30755,
30872,
31066,
31221,
31325,
31532,
31610,
31842,
31920,
32036,
32153,
32270,
32463,
32619,
32696,
32852,
32929,
33240,
33395,
33550,
33667,
33783,
33900,
34016,
34094,
34405,
34560,
34715,
34792,
34948,
35025,
35181,
35569,
35647,
35725,
35957,
36151,
36294,
36423,
36656,
36811,
36889,
37122,
37277,
37355,
37510,
37587,
37820,
37898,
38053,
38287,
38442,
38520,
38830,
38907,
39062,
39140,
39373,
39529,
39684,
39762,
39878,
40033,
40111,
40227,
40305,
40382,
40538,
40615,
40771,
41004,
41082,
41315,
41470,
41547,
41664,
41780,
41935,
42091,
42168,
42285,
42517,
42673,
42790,
42867,
43022,
43100,
43488,
43605,
43799,
43954,
44032,
44226,
44420,
44575,
44730,
44847,
45002,
45080,
45196,
45274,
45352,
45507,
45662,
45740,
46012,
46128,
46283,
46361,
46594,
46788,
46865,
47060,
47292,
47525,
47603,
47914,
48147,
48225,
48380,
48535,
48690,
48845,
49001,
49389,
49467,
49544,
49622,
49738,
49894,
50010,
50127,
50243,
50320,
50476,
50553,
50709,
50942,
51020,
51252,
51407,
51485,
51680,
51873,
51951,
52184,
52262,
52378,
52495,
52572,
52727,
52805,
52960,
53038,
53426,
53542,
53737,
53892,
53970,
54164,
54358,
54513,
54668,
54746,
54862,
54940,
55095,
55212,
55290,
55445,
55600,
55755,
55833,
55950,
56066,
56221,
56299,
56532,
56610,
56726,
56803,
56997,
57230,
57463,
57541,
57852,
58085,
58162,
58317,
58434,
58550,
58628,
58745,
58861,
58939,
59055,
59172,
59249,
59365,
59482,
59598,

3 Column Hit Times:
165,
476,
709,
786,
1020,
1097,
1252,
1330,
1562,
1873,
2106,
2417,
2495,
2650,
2960,
3426,
3659,
3737,
3970,
4125,
4357,
4435,
4668,
4785,
4901,
4979,
5134,
5212,
5406,
5522,
5600,
5755,
5833,
5950,
6066,
6143,
6377,
6570,
6687,
6765,
6842,
6997,
7153,
7270,
7347,
7463,
7774,
7852,
8085,
8550,
8628,
8861,
8965,
9094,
9327,
9482,
9560,
9676,
9948,
10258,
10336,
10569,
10725,
10802,
11035,
11112,
11500,
11656,
11811,
11967,
12122,
12200,
12355,
12432,
12587,
12665,
12782,
12898,
12976,
13209,
13286,
13675,
13752,
13907,
13985,
14062,
14296,
14451,
14606,
14917,
15072,
15150,
15344,
15460,
15538,
15848,
15926,
16082,
16159,
16315,
16392,
16625,
16780,
16857,
17324,
17401,
17479,
17750,
17867,
18022,
18100,
18333,
18488,
18682,
18799,
18902,
19110,
19187,
19303,
19420,
19497,
19886,
20196,
20274,
20429,
20662,
20817,
20972,
21050,
21283,
21361,
21555,
21749,
21905,
22060,
22137,
22254,
22332,
22525,
22603,
22720,
22836,
22914,
23147,
23225,
23612,
23690,
23845,
23923,
24000,
24234,
24389,
24544,
24700,
24777,
24893,
25010,
25165,
25282,
25398,
25476,
25631,
25709,
25825,
25942,
26097,
26175,
26330,
26485,
26718,
26796,
27029,
27106,
27262,
27339,
27495,
27572,
27766,
28271,
28348,
28582,
28698,
28815,
28931,
29047,
29125,
29435,
29552,
29707,
29785,
29979,
30057,
30173,
30290,
30367,
30600,
30677,
30794,
30910,
31066,
31143,
31299,
31454,
31610,
31687,
31881,
31997,
32075,
32230,
32308,
32735,
33085,
33162,
33550,
33628,
33861,
33939,
34172,
34249,
34327,
34482,
34870,
35258,
35336,
35414,
35802,
36035,
36112,
36267,
36345,
36501,
36578,
36811,
36967,
37277,
37510,
37743,
37898,
38131,
38209,
38364,
38442,
38520,
38675,
38752,
38985,
39140,
39218,
39296,
39451,
39529,
39762,
39839,
40072,
40150,
40382,
40693,
40848,
40926,
41042,
41159,
41315,
41392,
41625,
41702,
41819,
41897,
42091,
42246,
42324,
42440,
42557,
42634,
42945,
43177,
43255,
43488,
43644,
43721,
44148,
44303,
44381,
44575,
44653,
44770,
45041,
45119,
45274,
45352,
45507,
45585,
45817,
45972,
46050,
46205,
46439,
46516,
46710,
46827,
46905,
47060,
47215,
47370,
47448,
47758,
47991,
48069,
48302,
48457,
48535,
48612,
48690,
49078,
49234,
49389,
49505,
49622,
49700,
49855,
49932,
50049,
50165,
50398,
50631,
50787,
50864,
51058,
51252,
51330,
51602,
51718,
51873,
52029,
52106,
52222,
52339,
52417,
52533,
52611,
52882,
53115,
53193,
53426,
53504,
53737,
54086,
54280,
54358,
54513,
54591,
54707,
54824,
54901,
55017,
55134,
55212,
55445,
55522,
55910,
55988,
56144,
56377,
56454,
56648,
56842,
56997,
57153,
57308,
57386,
57696,
57930,
58007,
58240,
58395,
58472,
58589,
58705,
58783,
58900,
59016,
59094,
59210,
59327,
59405,
59521,
59637,

4 Column Hit Times:
243,
398,
553,
786,
1020,
1407,
1718,
2184,
2417,
2727,
2882,
3038,
3193,
3504,
3659,
3892,
4125,
4202,
4357,
4591,
4668,
4746,
4901,
5017,
5134,
5328,
5445,
5522,
5755,
6027,
6221,
6299,
6532,
6687,
6997,
7075,
7192,
7386,
7463,
7619,
7696,
7890,
8007,
8085,
8240,
8317,
8550,
8745,
8861,
9016,
9172,
9249,
9365,
9637,
9792,
9870,
9987,
10103,
10181,
10375,
10491,
10569,
10725,
10918,
11035,
11190,
11267,
11500,
11578,
11734,
11811,
12122,
12238,
12432,
12587,
12743,
12860,
13053,
13131,
13520,
13675,
13791,
13882,
13985,
14140,
14296,
14373,
14490,
14606,
14684,
14917,
14995,
15266,
15382,
15460,
15693,
15848,
15965,
16159,
16237,
16470,
16547,
16780,
16935,
17013,
17130,
17246,
17401,
17557,
17712,
17867,
17945,
18177,
18488,
18566,
18799,
18954,
19110,
19265,
19575,
19730,
19808,
19925,
20041,
20196,
20352,
20429,
20507,
20662,
20740,
20856,
20972,
21128,
21205,
21439,
21516,
21672,
21749,
22060,
22215,
22370,
22525,
22681,
22797,
22991,
23069,
23457,
23612,
23729,
23820,
23923,
24078,
24156,
24272,
24389,
24467,
24583,
24700,
24855,
25010,
25087,
25204,
25320,
25398,
25631,
25786,
25942,
26097,
26213,
26304,
26407,
26718,
26912,
27145,
27339,
27495,
27689,
27805,
27960,
28115,
28271,
28426,
28504,
28620,
28737,
28892,
29008,
29125,
29280,
29513,
29668,
29824,
30134,
30290,
30445,
30600,
30755,
30910,
31066,
31182,
31273,
31377,
31687,
31765,
31997,
32114,
32308,
32463,
32541,
32657,
32774,
32929,
33085,
33240,
33317,
33550,
33705,
33861,
34016,
34172,
34327,
34482,
34560,
34637,
34792,
35103,
35258,
35414,
35569,
35725,
35880,
35957,
36242,
36501,
36734,
36967,
37122,
37200,
37316,
37432,
37665,
37743,
37898,
37976,
38131,
38364,
38558,
38675,
39140,
39218,
39451,
39606,
39762,
39917,
39995,
40189,
40305,
40382,
40538,
40693,
40848,
41004,
41159,
41315,
41625,
41935,
42013,
42246,
42362,
42557,
42712,
42867,
43100,
43177,
43333,
43488,
43566,
43799,
43954,
44110,
44265,
44420,
44497,
44730,
44886,
44963,
45157,
45352,
45662,
45972,
46089,
46283,
46439,
46632,
46749,
46905,
47060,
47137,
47525,
47681,
47758,
47836,
47991,
48147,
48380,
48767,
48845,
48923,
49001,
49156,
49311,
49467,
49700,
49777,
49971,
50165,
50243,
50320,
50476,
50631,
50787,
50980,
51097,
51252,
51562,
51796,
51873,
52029,
52184,
52455,
52650,
52805,
53038,
53115,
53271,
53426,
53582,
53659,
53892,
54047,
54202,
54358,
54435,
54668,
54785,
54979,
55134,
55290,
55367,
55600,
55677,
55910,
56027,
56221,
56377,
56570,
56765,
56842,
56997,
57075,
57463,
57619,
57696,
57774,
57930,
58085,
58317,
58395,
58512,
58705,
59016,
59132,
59327,
59443,
59560,
59637,

