Artist : Akiyama Uni
Song Name : Odoru Mizushibuki
Difficulty : 3.85999
BPM : 166
Background Image : charts\Akiyama Uni-Odoru Mizushibuki\fairydancinginswamp.png
Audio : charts\Akiyama Uni-Odoru Mizushibuki\Odoru Mizushibuki 1.200x.mp3

1 Column Hit Times:
12,
193,
555,
827,
1099,
1370,
1642,
2005,
2276,
2639,
3091,
3454,
3725,
3816,
4088,
4179,
4360,
4450,
4722,
4994,
5175,
5265,
5492,
5628,
5809,
6171,
6352,
6534,
6624,
6895,
7077,
7258,
7440,
7530,
7756,
7983,
8073,
8345,
8435,
8707,
8798,
9070,
9250,
9432,
9523,
9795,
10156,
10292,
10398,
10519,
10700,
10881,
10972,
11244,
11334,
11606,
11696,
11968,
12150,
12330,
12421,
12693,
12829,
12965,
13055,
13236,
13554,
13780,
13870,
14323,
14505,
14595,
14867,
14957,
15139,
15229,
15591,
15773,
15863,
15999,
16135,
16316,
16497,
16588,
16724,
16860,
16950,
17086,
17222,
17403,
17584,
17765,
17946,
18128,
18218,
18535,
18671,
18852,
19215,
19350,
19486,
19577,
19940,
20075,
20301,
20664,
20755,
20935,
21026,
21389,
21479,
21750,
21887,
21992,
22113,
22204,
22475,
22656,
22838,
23019,
23200,
23381,
23472,
23698,
23925,
24287,
24378,
24559,
24650,
24830,
25012,
25193,
25284,
25555,
25645,
25872,
26099,
26190,
26461,
26551,
26733,
26823,
27185,
27367,
27457,
27593,
27729,
27910,
28273,
28363,
28499,
28635,
28725,
28997,
29133,
29360,
29540,
29722,
29812,
30084,
30220,
30356,
30492,
30628,
30809,
30990,
31171,
31352,
31534,
31760,
31895,
31986,
32258,
32440,
32530,
32711,
32983,
33345,
33526,
33707,
33889,
34070,
34250,
34432,
34568,
34795,
34975,
35156,
35292,
35429,
35519,
35881,
35972,
36153,
36289,
36425,
36606,
36787,
36968,
37150,
37330,
37557,
37693,
37784,
38055,
38236,
38327,
38508,
38780,
38961,
39051,
39187,
39323,
39505,
39640,
39776,
39957,
40229,
40410,
40501,
40773,
40954,
41225,
41406,
41588,
41860,
42040,
42222,
42494,
42856,
43218,
43490,
43671,
44124,
44260,
44395,
44940,
45030,
45301,
45483,
45573,
45710,
45845,
45935,
46026,
46207,
46298,
46434,
46615,
46751,
46932,
47204,
47385,
47475,
47656,
47838,
47974,
48110,
48381,
48698,
48835,
48925,
49106,
49287,
49468,
49559,
49695,
49830,
49921,
50012,
50193,
50374,
50555,
50645,
50781,
50918,
51099,
51190,
51461,
51551,
51733,
51823,
52005,
52185,
52276,
52412,
52548,
52729,
53001,
53273,
53454,
53545,
53816,
53997,
54360,
54450,
54722,
54812,
55085,
55175,
55265,
55446,
55628,
55809,
56171,
56262,
56352,
56534,
56715,
56895,
57077,
57258,
57349,
57440,
57530,
57665,
57801,
57983,
58119,
58345,
58435,
58707,
58979,
59070,
59251,
59432,
59613,
59704,
59975,
60156,
60247,
60383,
60474,
60700,
60881,
61017,
61244,
61425,
61515,
61606,
61787,
61968,
62150,
62240,
62376,
62512,
62693,
62784,
63055,
63145,
63281,
63372,
63599,
63780,
64142,
64233,
64505,
64867,
65048,
65229,
65410,
65591,
65954,
66135,
66316,
66406,
66679,
66769,
66860,
67040,
67222,
67403,
67765,
67856,
67946,
68445,
68626,
68807,
69170,
69305,
69395,
69577,

1 Column Long Note Times:

1 Column Release Times:

2 Column Hit Times:
12,
102,
374,
736,
1008,
1370,
1461,
1733,
1914,
2095,
2276,
2367,
2639,
2729,
2910,
3000,
3273,
3635,
3906,
4540,
4903,
4994,
5265,
5356,
5537,
5628,
5809,
5900,
6171,
6262,
6534,
6895,
6986,
7167,
7258,
7620,
7711,
7892,
7983,
8526,
8662,
8889,
9115,
9250,
9341,
9613,
9795,
9885,
10156,
10247,
10429,
10790,
10881,
11062,
11244,
11425,
11606,
11787,
12014,
12150,
12240,
12693,
12784,
13055,
13236,
13327,
13463,
13599,
13690,
13961,
14051,
14187,
14369,
14459,
15048,
15229,
15410,
15591,
15682,
15954,
16135,
16255,
16679,
16860,
17040,
17222,
17312,
17448,
17765,
17856,
18128,
18309,
18400,
18671,
18762,
19034,
19260,
19395,
19486,
19758,
19940,
20030,
20165,
20256,
20483,
20573,
20800,
21026,
21207,
21298,
21750,
21841,
22023,
22385,
22475,
22566,
22838,
22929,
23200,
23290,
23608,
23744,
23925,
24015,
24423,
24650,
25057,
25193,
25374,
25465,
25781,
26008,
26099,
26642,
26823,
27005,
27185,
27276,
27548,
27729,
27850,
28091,
28273,
28454,
28635,
28997,
29088,
29360,
29450,
30084,
30175,
30446,
30628,
30749,
30990,
31080,
31352,
31443,
31579,
31715,
31850,
32258,
32349,
32530,
32620,
32801,
32892,
33164,
33345,
33435,
33707,
33798,
34070,
34160,
34250,
34432,
34523,
34704,
34795,
34885,
35156,
35247,
35610,
35881,
36017,
36244,
36425,
36545,
36787,
36878,
37150,
37240,
37375,
37512,
37648,
37874,
38055,
38145,
38327,
38417,
38780,
38961,
39142,
39278,
39414,
39550,
39685,
39776,
40139,
40320,
40501,
40591,
40773,
40863,
41045,
41497,
41588,
41679,
41950,
42176,
42343,
42494,
42765,
42946,
43037,
43309,
43490,
43580,
43762,
43852,
44124,
44215,
44395,
44668,
44849,
44940,
45301,
45392,
45573,
45664,
45935,
46117,
46298,
46389,
46525,
46705,
46796,
46932,
47023,
47113,
47295,
47385,
47566,
47838,
47929,
48200,
48381,
48472,
48608,
48744,
48925,
49106,
49196,
49332,
49604,
49785,
49921,
50012,
50193,
50284,
50736,
50872,
51099,
51280,
51370,
51597,
51823,
52005,
52185,
52321,
52503,
52593,
52729,
52820,
52910,
53091,
53273,
53363,
53680,
53816,
53997,
54088,
54360,
54586,
54676,
54903,
55175,
55446,
55537,
55900,
56171,
56262,
56443,
56624,
56805,
56986,
57168,
57620,
57711,
57801,
57892,
58028,
58210,
58345,
58481,
58617,
58707,
58889,
58979,
59160,
59432,
59523,
59795,
59975,
60066,
60293,
60519,
60610,
60881,
60972,
61108,
61244,
61335,
61515,
61606,
61787,
61878,
62330,
62466,
62693,
62874,
62965,
63191,
63418,
63599,
63780,
63870,
64006,
64097,
64278,
64414,
64505,
64685,
64867,
65048,
65139,
65275,
65410,
65591,
65682,
65954,
66045,
66180,
66270,
66497,
66769,
67040,
67131,
67494,
67765,
67856,
68037,
68173,
68309,
68400,
68535,
68671,
68762,
68898,
69034,
69124,
69260,
69395,
69531,

2 Column Long Note Times:

2 Column Release Times:

3 Column Hit Times:
193,
555,
827,
917,
1190,
1280,
1461,
1551,
1823,
2185,
2457,
2820,
2910,
3091,
3454,
3997,
4269,
4360,
4631,
4812,
5084,
5175,
5446,
5582,
5718,
5809,
5990,
6080,
6307,
6443,
6534,
6715,
6805,
6941,
7077,
7167,
7440,
7665,
7801,
7892,
7983,
8164,
8345,
8481,
8571,
8707,
9070,
9160,
9432,
9975,
10066,
10338,
10459,
10610,
10881,
11062,
11153,
11289,
11606,
11968,
12059,
12330,
12512,
12602,
12874,
12965,
13417,
13599,
13780,
13961,
14142,
14233,
14414,
14505,
14685,
14776,
14912,
15048,
15139,
15410,
15500,
15954,
16045,
16225,
16316,
16406,
16679,
16860,
17040,
17403,
17584,
17675,
17901,
18037,
18128,
18490,
18580,
18762,
18852,
19034,
19124,
19395,
19577,
19667,
20211,
20301,
20392,
20709,
20845,
21026,
21117,
21389,
21570,
21796,
21932,
22053,
22295,
22385,
22520,
22656,
22747,
23200,
23562,
23653,
23834,
24106,
24287,
24468,
24559,
24830,
24921,
25148,
25374,
25555,
25736,
25827,
25963,
26054,
26280,
26370,
26506,
26642,
26733,
27005,
27095,
27548,
27639,
27820,
27910,
28000,
28273,
28454,
28635,
28816,
28906,
29042,
29179,
29360,
29495,
29631,
29722,
29903,
29994,
30130,
30265,
30446,
30537,
30718,
30900,
31171,
31262,
31534,
31624,
31805,
31895,
32077,
32167,
32394,
32983,
33073,
33345,
33481,
33617,
33753,
33889,
33979,
34341,
34477,
34659,
34749,
34975,
35066,
35202,
35338,
35429,
35700,
35790,
35926,
36062,
36244,
36334,
36515,
36696,
36878,
36968,
37195,
37330,
37421,
37602,
37693,
38191,
38599,
38690,
39142,
39233,
39505,
39595,
39867,
39957,
40048,
40229,
40682,
41135,
41225,
41316,
41769,
42040,
42131,
42312,
42403,
42585,
42675,
42946,
43128,
43490,
43762,
44034,
44215,
44486,
44577,
44758,
44849,
44940,
45120,
45211,
45483,
45664,
45755,
45845,
46026,
46117,
46389,
46479,
46751,
46841,
47113,
47475,
47656,
47747,
47883,
48019,
48200,
48290,
48562,
48653,
48789,
48880,
49106,
49287,
49378,
49514,
49650,
49740,
50102,
50374,
50465,
50736,
50918,
51008,
51506,
51687,
51778,
52005,
52095,
52231,
52548,
52639,
52820,
52910,
53091,
53182,
53454,
53635,
53725,
53906,
54179,
54269,
54495,
54631,
54722,
54903,
55085,
55265,
55356,
55718,
55990,
56080,
56352,
56534,
56624,
56715,
56805,
57258,
57440,
57620,
57756,
57892,
57983,
58164,
58255,
58390,
58526,
58798,
59070,
59251,
59341,
59568,
59795,
59885,
60202,
60338,
60519,
60700,
60790,
60926,
61062,
61153,
61289,
61380,
61696,
61968,
62059,
62330,
62421,
62693,
63100,
63327,
63418,
63599,
63690,
63825,
63961,
64051,
64187,
64323,
64414,
64685,
64776,
65229,
65320,
65501,
65773,
65863,
66090,
66316,
66497,
66679,
66860,
66950,
67312,
67585,
67675,
67946,
68128,
68218,
68354,
68490,
68580,
68716,
68852,
68943,
69079,
69215,
69305,
69441,
69577,

3 Column Long Note Times:

3 Column Release Times:

4 Column Hit Times:
284,
465,
645,
917,
1190,
1642,
2005,
2548,
2820,
3182,
3363,
3545,
3725,
4088,
4269,
4540,
4812,
4903,
5084,
5356,
5446,
5537,
5718,
5854,
5990,
6216,
6352,
6443,
6715,
7031,
7258,
7349,
7620,
7801,
8164,
8255,
8390,
8617,
8707,
8889,
8979,
9205,
9341,
9432,
9613,
9704,
9975,
10202,
10338,
10519,
10700,
10790,
10926,
11244,
11425,
11515,
11651,
11787,
11878,
12104,
12240,
12330,
12512,
12738,
12874,
13055,
13145,
13417,
13508,
13690,
13780,
14142,
14278,
14505,
14685,
14867,
15003,
15229,
15320,
15773,
15954,
16090,
16195,
16316,
16497,
16679,
16769,
16905,
17040,
17131,
17403,
17494,
17810,
17946,
18037,
18309,
18490,
18625,
18852,
18943,
19215,
19305,
19577,
19758,
19849,
19985,
20120,
20301,
20483,
20664,
20845,
20935,
21207,
21570,
21660,
21932,
22113,
22295,
22475,
22838,
23019,
23110,
23245,
23381,
23562,
23744,
23834,
23925,
24106,
24196,
24332,
24468,
24650,
24740,
25012,
25102,
25284,
25374,
25736,
25917,
26099,
26280,
26461,
26597,
26823,
26914,
27367,
27548,
27684,
27790,
27910,
28091,
28182,
28318,
28454,
28545,
28680,
28816,
28997,
29179,
29269,
29405,
29540,
29631,
29903,
30084,
30265,
30446,
30582,
30688,
30809,
31171,
31398,
31670,
31895,
32077,
32304,
32440,
32620,
32801,
32983,
33164,
33255,
33390,
33526,
33707,
33843,
33979,
34160,
34432,
34613,
34795,
35156,
35338,
35519,
35700,
35881,
36062,
36244,
36380,
36485,
36606,
36968,
37059,
37330,
37466,
37693,
37874,
37965,
38100,
38236,
38417,
38599,
38780,
38870,
39142,
39323,
39505,
39685,
39867,
40048,
40229,
40320,
40410,
40591,
40954,
41135,
41316,
41497,
41679,
41860,
41950,
42282,
42585,
42856,
43128,
43309,
43400,
43535,
43671,
43943,
44034,
44215,
44305,
44486,
44758,
44985,
45120,
45664,
45755,
46026,
46207,
46389,
46570,
46660,
46887,
47023,
47113,
47295,
47475,
47656,
47838,
48019,
48200,
48562,
48925,
49015,
49287,
49423,
49650,
49830,
50012,
50284,
50374,
50555,
50736,
50827,
51099,
51280,
51461,
51642,
51823,
51914,
52185,
52367,
52457,
52684,
52910,
53273,
53635,
53770,
53997,
54179,
54405,
54540,
54722,
54903,
54994,
55446,
55628,
55718,
55809,
55990,
56171,
56443,
56895,
56986,
57077,
57168,
57349,
57530,
57711,
57983,
58073,
58300,
58526,
58617,
58707,
58889,
59070,
59251,
59477,
59613,
59795,
60156,
60429,
60519,
60700,
60881,
61198,
61425,
61606,
61878,
61968,
62150,
62330,
62512,
62602,
62874,
63055,
63236,
63418,
63508,
63780,
63915,
64142,
64323,
64505,
64595,
64867,
64957,
65229,
65365,
65591,
65773,
65999,
66225,
66316,
66497,
66588,
67040,
67222,
67312,
67403,
67585,
67765,
68037,
68128,
68264,
68490,
68852,
68988,
69215,
69350,
69486,
69577,

4 Column Long Note Times:

4 Column Release Times:

