Artist : Akiyama Uni
Song Name : Odoru Mizushibuki
Difficulty : 0
BPM : 190
Background Image : charts\Akiyama Uni-Odoru Mizushibuki\fairydancinginswamp.png
Audio : charts\Akiyama Uni-Odoru Mizushibuki\Odoru Mizushibuki.mp3

1 Column Hit Times:
15,
232,
667,
993,
1319,
1645,
1971,
2406,
2732,
3167,
3710,
4145,
4471,
4580,
4906,
5015,
5232,
5341,
5667,
5993,
6210,
6319,
6591,
6754,
6971,
7406,
7623,
7841,
7949,
8275,
8493,
8710,
8928,
9036,
9308,
9580,
9688,
10015,
10123,
10449,
10558,
10884,
11101,
11319,
11428,
11754,
12188,
12351,
12478,
12623,
12841,
13058,
13167,
13493,
13601,
13928,
14036,
14362,
14580,
14797,
14906,
15232,
15395,
15558,
15667,
15884,
16265,
16536,
16645,
17188,
17406,
17515,
17841,
17949,
18167,
18275,
18710,
18928,
19036,
19199,
19362,
19580,
19797,
19906,
20069,
20232,
20341,
20504,
20667,
20884,
21101,
21319,
21536,
21754,
21862,
22243,
22406,
22623,
23058,
23221,
23384,
23493,
23928,
24091,
24362,
24797,
24906,
25123,
25232,
25667,
25775,
26101,
26265,
26391,
26536,
26645,
26971,
27188,
27406,
27623,
27841,
28058,
28167,
28438,
28710,
29145,
29254,
29471,
29580,
29797,
30015,
30232,
30341,
30667,
30775,
31047,
31319,
31428,
31754,
31862,
32080,
32188,
32623,
32841,
32949,
33112,
33275,
33493,
33928,
34036,
34199,
34362,
34471,
34797,
34960,
35232,
35449,
35667,
35775,
36101,
36265,
36428,
36591,
36754,
36971,
37188,
37406,
37623,
37841,
38112,
38275,
38384,
38710,
38928,
39036,
39254,
39580,
40015,
40232,
40449,
40667,
40884,
41101,
41319,
41482,
41754,
41971,
42188,
42351,
42515,
42623,
43058,
43167,
43384,
43547,
43710,
43928,
44145,
44362,
44580,
44797,
45069,
45232,
45341,
45667,
45884,
45993,
46210,
46536,
46754,
46862,
47025,
47188,
47406,
47569,
47732,
47949,
48275,
48493,
48602,
48928,
49145,
49471,
49688,
49906,
50232,
50449,
50667,
50993,
51428,
51862,
52188,
52406,
52949,
53112,
53275,
53928,
54036,
54362,
54580,
54688,
54852,
55015,
55123,
55232,
55449,
55558,
55721,
55938,
56102,
56319,
56645,
56862,
56971,
57188,
57406,
57569,
57732,
58058,
58438,
58602,
58710,
58928,
59145,
59362,
59471,
59634,
59797,
59906,
60015,
60232,
60449,
60667,
60775,
60938,
61102,
61319,
61428,
61754,
61862,
62080,
62188,
62406,
62623,
62732,
62895,
63058,
63275,
63602,
63928,
64145,
64254,
64580,
64797,
65232,
65341,
65667,
65775,
66102,
66210,
66319,
66536,
66754,
66971,
67406,
67515,
67623,
67841,
68058,
68275,
68493,
68710,
68819,
68928,
69036,
69199,
69362,
69580,
69743,
70015,
70123,
70449,
70775,
70884,
71102,
71319,
71536,
71645,
71971,
72188,
72297,
72460,
72569,
72841,
73058,
73221,
73493,
73710,
73819,
73928,
74145,
74362,
74580,
74688,
74852,
75015,
75232,
75341,
75667,
75775,
75938,
76047,
76319,
76536,
76971,
77080,
77406,
77841,
78058,
78275,
78493,
78710,
79145,
79362,
79580,
79688,
80015,
80123,
80232,
80449,
80667,
80884,
81319,
81428,
81536,
82134,
82352,
82569,
83004,
83167,
83275,
83493,

1 Column Long Note Times:

1 Column Release Times:

2 Column Hit Times:
15,
123,
449,
884,
1210,
1645,
1754,
2080,
2297,
2515,
2732,
2841,
3167,
3275,
3493,
3601,
3928,
4362,
4688,
5449,
5884,
5993,
6319,
6428,
6645,
6754,
6971,
7080,
7406,
7515,
7841,
8275,
8384,
8601,
8710,
9145,
9254,
9471,
9580,
10232,
10395,
10667,
10938,
11101,
11210,
11536,
11754,
11862,
12188,
12297,
12515,
12949,
13058,
13275,
13493,
13710,
13928,
14145,
14417,
14580,
14688,
15232,
15341,
15667,
15884,
15993,
16156,
16319,
16428,
16754,
16862,
17025,
17243,
17351,
18058,
18275,
18493,
18710,
18819,
19145,
19362,
19507,
20015,
20232,
20449,
20667,
20775,
20938,
21319,
21428,
21754,
21971,
22080,
22406,
22515,
22841,
23112,
23275,
23384,
23710,
23928,
24036,
24199,
24308,
24580,
24688,
24960,
25232,
25449,
25558,
26101,
26210,
26428,
26862,
26971,
27080,
27406,
27515,
27841,
27949,
28330,
28493,
28710,
28819,
29308,
29580,
30069,
30232,
30449,
30558,
30938,
31210,
31319,
31971,
32188,
32406,
32623,
32732,
33058,
33275,
33420,
33710,
33928,
34145,
34362,
34797,
34906,
35232,
35341,
36101,
36210,
36536,
36754,
36899,
37188,
37297,
37623,
37732,
37895,
38058,
38221,
38710,
38819,
39036,
39145,
39362,
39471,
39797,
40015,
40123,
40449,
40558,
40884,
40993,
41101,
41319,
41428,
41645,
41754,
41862,
42188,
42297,
42732,
43058,
43221,
43493,
43710,
43855,
44145,
44254,
44580,
44688,
44851,
45015,
45178,
45449,
45667,
45775,
45993,
46101,
46536,
46754,
46971,
47134,
47297,
47460,
47623,
47732,
48167,
48384,
48602,
48710,
48928,
49036,
49254,
49797,
49906,
50015,
50341,
50612,
50812,
50993,
51319,
51536,
51645,
51971,
52188,
52297,
52515,
52623,
52949,
53058,
53275,
53602,
53819,
53928,
54362,
54471,
54688,
54797,
55123,
55341,
55558,
55667,
55830,
56047,
56156,
56319,
56428,
56536,
56754,
56862,
57080,
57406,
57515,
57841,
58058,
58167,
58330,
58493,
58710,
58928,
59036,
59199,
59525,
59743,
59906,
60015,
60232,
60341,
60884,
61047,
61319,
61536,
61645,
61917,
62188,
62406,
62623,
62786,
63004,
63112,
63275,
63384,
63493,
63710,
63928,
64036,
64417,
64580,
64797,
64906,
65232,
65504,
65612,
65884,
66210,
66536,
66645,
67080,
67406,
67515,
67732,
67949,
68167,
68384,
68602,
69145,
69254,
69362,
69471,
69634,
69852,
70015,
70178,
70341,
70449,
70667,
70775,
70993,
71319,
71428,
71754,
71971,
72080,
72352,
72623,
72732,
73058,
73167,
73330,
73493,
73602,
73819,
73928,
74145,
74254,
74797,
74960,
75232,
75449,
75558,
75830,
76102,
76319,
76536,
76645,
76808,
76917,
77134,
77297,
77406,
77623,
77841,
78058,
78167,
78330,
78493,
78710,
78819,
79145,
79254,
79417,
79525,
79797,
80123,
80449,
80558,
80993,
81319,
81428,
81645,
81808,
81971,
82080,
82243,
82406,
82515,
82678,
82841,
82949,
83112,
83275,
83438,

2 Column Long Note Times:

2 Column Release Times:

3 Column Hit Times:
232,
667,
993,
1101,
1428,
1536,
1754,
1862,
2188,
2623,
2949,
3384,
3493,
3710,
4145,
4797,
5123,
5232,
5558,
5775,
6101,
6210,
6536,
6699,
6862,
6971,
7188,
7297,
7569,
7732,
7841,
8058,
8167,
8330,
8493,
8601,
8928,
9199,
9362,
9471,
9580,
9797,
10015,
10178,
10286,
10449,
10884,
10993,
11319,
11971,
12080,
12406,
12551,
12732,
13058,
13275,
13384,
13547,
13928,
14362,
14471,
14797,
15015,
15123,
15449,
15558,
16101,
16319,
16536,
16754,
16971,
17080,
17297,
17406,
17623,
17732,
17895,
18058,
18167,
18493,
18601,
19145,
19254,
19471,
19580,
19688,
20015,
20232,
20449,
20884,
21101,
21210,
21482,
21645,
21754,
22188,
22297,
22515,
22623,
22841,
22949,
23275,
23493,
23601,
24254,
24362,
24471,
24851,
25015,
25232,
25341,
25667,
25884,
26156,
26319,
26464,
26754,
26862,
27025,
27188,
27297,
27841,
28275,
28384,
28601,
28928,
29145,
29362,
29471,
29797,
29906,
30178,
30449,
30667,
30884,
30993,
31156,
31265,
31536,
31645,
31808,
31971,
32080,
32406,
32515,
33058,
33167,
33384,
33493,
33601,
33928,
34145,
34362,
34580,
34688,
34851,
35015,
35232,
35395,
35558,
35667,
35884,
35993,
36156,
36319,
36536,
36645,
36862,
37080,
37406,
37515,
37841,
37949,
38167,
38275,
38493,
38601,
38873,
39580,
39688,
40015,
40178,
40341,
40504,
40667,
40775,
41210,
41373,
41591,
41699,
41971,
42080,
42243,
42406,
42515,
42841,
42949,
43112,
43275,
43493,
43601,
43819,
44036,
44254,
44362,
44634,
44797,
44906,
45123,
45232,
45830,
46319,
46428,
46971,
47080,
47406,
47515,
47841,
47949,
48058,
48275,
48819,
49362,
49471,
49580,
50123,
50449,
50558,
50775,
50884,
51102,
51210,
51536,
51754,
52188,
52515,
52841,
53058,
53384,
53493,
53710,
53819,
53928,
54145,
54254,
54580,
54797,
54906,
55015,
55232,
55341,
55667,
55775,
56102,
56210,
56536,
56971,
57188,
57297,
57460,
57623,
57841,
57949,
58275,
58384,
58547,
58656,
58928,
59145,
59254,
59417,
59580,
59688,
60123,
60449,
60558,
60884,
61102,
61210,
61808,
62025,
62134,
62406,
62515,
62678,
63058,
63167,
63384,
63493,
63710,
63819,
64145,
64362,
64471,
64688,
65015,
65123,
65395,
65558,
65667,
65884,
66102,
66319,
66428,
66862,
67188,
67297,
67623,
67841,
67949,
68058,
68167,
68710,
68928,
69145,
69308,
69471,
69580,
69797,
69906,
70069,
70232,
70558,
70884,
71102,
71210,
71482,
71754,
71862,
72243,
72406,
72623,
72841,
72949,
73112,
73275,
73384,
73547,
73656,
74036,
74362,
74471,
74797,
74906,
75232,
75721,
75993,
76102,
76319,
76428,
76591,
76754,
76862,
77025,
77188,
77297,
77623,
77732,
78275,
78384,
78602,
78928,
79036,
79308,
79580,
79797,
80015,
80232,
80341,
80775,
81102,
81210,
81536,
81754,
81862,
82025,
82188,
82297,
82460,
82623,
82732,
82895,
83058,
83167,
83330,
83493,

3 Column Long Note Times:

3 Column Release Times:

4 Column Hit Times:
341,
558,
775,
1101,
1428,
1971,
2406,
3058,
3384,
3819,
4036,
4254,
4471,
4906,
5123,
5449,
5775,
5884,
6101,
6428,
6536,
6645,
6862,
7025,
7188,
7460,
7623,
7732,
8058,
8438,
8710,
8819,
9145,
9362,
9797,
9906,
10069,
10341,
10449,
10667,
10775,
11047,
11210,
11319,
11536,
11645,
11971,
12243,
12406,
12623,
12841,
12949,
13112,
13493,
13710,
13819,
13982,
14145,
14254,
14525,
14688,
14797,
15015,
15286,
15449,
15667,
15775,
16101,
16210,
16428,
16536,
16971,
17134,
17406,
17623,
17841,
18004,
18275,
18384,
18928,
19145,
19308,
19435,
19580,
19797,
20015,
20123,
20286,
20449,
20558,
20884,
20993,
21373,
21536,
21645,
21971,
22188,
22351,
22623,
22732,
23058,
23167,
23493,
23710,
23819,
23982,
24145,
24362,
24580,
24797,
25015,
25123,
25449,
25884,
25993,
26319,
26536,
26754,
26971,
27406,
27623,
27732,
27895,
28058,
28275,
28493,
28601,
28710,
28928,
29036,
29199,
29362,
29580,
29688,
30015,
30123,
30341,
30449,
30884,
31101,
31319,
31536,
31754,
31917,
32188,
32297,
32841,
33058,
33221,
33348,
33493,
33710,
33819,
33982,
34145,
34254,
34417,
34580,
34797,
35015,
35123,
35286,
35449,
35558,
35884,
36101,
36319,
36536,
36699,
36826,
36971,
37406,
37678,
38004,
38275,
38493,
38765,
38928,
39145,
39362,
39580,
39797,
39906,
40069,
40232,
40449,
40612,
40775,
40993,
41319,
41536,
41754,
42188,
42406,
42623,
42841,
43058,
43275,
43493,
43656,
43783,
43928,
44362,
44471,
44797,
44960,
45232,
45449,
45558,
45721,
45884,
46101,
46319,
46536,
46645,
46971,
47188,
47406,
47623,
47841,
48058,
48275,
48384,
48493,
48710,
49145,
49362,
49580,
49797,
50015,
50232,
50341,
50739,
51102,
51428,
51754,
51971,
52080,
52243,
52406,
52732,
52841,
53058,
53167,
53384,
53710,
53982,
54145,
54797,
54906,
55232,
55449,
55667,
55884,
55993,
56265,
56428,
56536,
56754,
56971,
57188,
57406,
57623,
57841,
58275,
58710,
58819,
59145,
59308,
59580,
59797,
60015,
60341,
60449,
60667,
60884,
60993,
61319,
61536,
61754,
61971,
62188,
62297,
62623,
62841,
62949,
63221,
63493,
63928,
64362,
64525,
64797,
65015,
65286,
65449,
65667,
65884,
65993,
66536,
66754,
66862,
66971,
67188,
67406,
67732,
68275,
68384,
68493,
68602,
68819,
69036,
69254,
69580,
69688,
69960,
70232,
70341,
70449,
70667,
70884,
71102,
71373,
71536,
71754,
72188,
72515,
72623,
72841,
73058,
73438,
73710,
73928,
74254,
74362,
74580,
74797,
75015,
75123,
75449,
75667,
75884,
76102,
76210,
76536,
76699,
76971,
77188,
77406,
77515,
77841,
77949,
78275,
78438,
78710,
78928,
79199,
79471,
79580,
79797,
79906,
80449,
80667,
80775,
80884,
81102,
81319,
81645,
81754,
81917,
82188,
82623,
82786,
83058,
83221,
83384,
83493,

4 Column Long Note Times:

4 Column Release Times:

