Artist : Sharkey & Arkitech
Song Name : Quadraphinix
Difficulty : 0
BPM : 254
Background Image : charts\Sharkey & Arkitech-Quadraphinix\quad-BG.jpg
Audio : charts\Sharkey & Arkitech-Quadraphinix\Quadraphinix_4.mp3

1 Column Hit Times:
35,
5860,
6752,
8000,
8119,
8357,
8475,
8594,
8713,
8951,
9070,
9307,
9426,
9545,
9664,
9902,
10021,
10258,
10377,
10496,
10615,
10853,
10972,
11210,
11566,
11982,
12339,
12457,
13052,
13468,
13646,
13944,
14241,
14538,
14954,
15251,
16083,
16202,
16856,
17391,
17985,
18639,
19887,
20720,
21314,
21432,
21552,
22621,
23037,
23216,
23453,
23691,
23810,
24048,
24285,
24523,
24940,
25296,
25475,
25950,
26187,
26366,
26544,
26901,
27317,
27495,
27673,
27852,
28030,
28327,
28505,
28684,
28802,
28981,
29278,
29397,
29635,
29992,
30110,
30289,
32488,
33201,
33677,
34152,
34390,
35103,
35460,
35935,
38075,
38253,
38610,
38847,
39026,
39205,
39442,
39680,
39799,
40155,
40334,
40512,
40750,
40987,
41166,
41285,
41463,
41641,
41879,
42057,
42176,
42355,
42473,
42592,
42770,
42890,
43067,
43187,
43305,
43425,
43543,
43722,
43840,
44019,
44137,
44257,
44375,
44494,
44613,
44732,
44910,
45029,
45207,
45326,
45445,
45623,
45742,
45920,
46040,
46158,
46277,
46396,
46575,
46693,
46872,
46990,
47110,
47228,
47347,
47525,
47645,
47822,
47942,
48060,
48239,
48357,
48536,
48655,
48774,
48892,
49011,
49249,
49427,
49546,
49725,
49903,
50022,
50200,
50319,
50438,
50616,
50735,
50913,
51032,
51151,
51330,
51448,
51627,
51745,
51865,
51983,
52102,
52221,
52340,
52518,
52637,
52815,
52934,
53053,
53231,
53350,
53529,
53647,
53766,
53885,
54004,
54123,
54242,
54420,
54539,
54717,
54836,
54955,
55074,
55192,
55371,
55490,
55668,
55787,
55906,
56025,
56144,
56382,
56620,
56857,
56976,
57095,
57273,
57392,
57570,
57689,
57808,
57986,
58105,
58283,
58402,
58521,
58640,
58759,
58878,
58997,
59175,
59294,
59472,
59650,
59770,
59888,
60067,
60185,
60364,
60482,
60661,
60780,
60899,
61017,
61137,
61255,
61375,
61552,
61672,
61790,
61969,
62087,
62206,
62325,
62444,
62563,
62741,
62860,
63038,
63157,
63276,
63455,
63573,
63692,
63870,
63990,
64108,
64227,
64465,
64643,
64762,
64940,
65060,
65178,
65357,
65475,
65595,
65772,
65892,
66129,
66248,
66367,
66486,
66605,
66783,
66902,
67080,
67258,
67377,
67496,
67675,
67793,
67912,
68031,
68150,
68269,
68447,
68625,
68745,
68922,
69042,
69160,
69339,
69457,
69636,
69755,
69874,
69992,
70112,
70230,
70349,
70468,
70587,
70706,
70825,
70944,
71062,
71181,
71360,
71716,
71895,
72073,
72192,
74688,
75401,
76590,
76828,
77541,
77779,
78255,
78730,
79205,
79681,
79919,
80156,
80394,
80632,
80751,
80870,
81464,
81702,
81820,
82058,
82296,
82534,
82890,
83010,
83128,
83247,
83366,
83485,
83722,
84614,
85446,
85525,
85605,
85743,
86021,
86337,
86575,
87051,
87289,
87527,
87645,
87765,
87942,
88062,
88240,
88418,
88537,
88715,
88894,
89012,
89191,
89369,
89488,
89666,
89785,
89904,
90082,
90201,
90320,
90617,
90855,
91092,
91330,
91450,
91568,
91747,
91865,
92044,
92162,
92282,
92460,
92579,
92757,
92935,
93054,
93232,
93351,
93470,
93589,
93708,
93886,
94005,
94183,
94302,
94540,
94659,
94897,
95135,
95253,
95372,
95550,
95670,
95847,
95967,
96085,
96205,
96323,
96442,
96561,
96680,
96799,
96977,
97096,
97274,
97393,
97512,
97631,
97750,
97869,
97987,
98166,
98285,
98463,
98582,
98700,
98820,
98938,
99117,
99235,
99355,
99532,
99652,
99830,
99949,
100067,
100246,
100365,
100484,
100602,
100722,
100840,
100960,
101078,
101257,
101435,
101554,
101792,
101970,
102148,
102564,
102643,
102722,
102861,
102980,
103099,
103218,
103396,
103634,
103812,
103931,
104169,
104347,
104645,
104763,
104882,
105060,
105298,
105477,
105595,
105714,
105833,
106012,
106249,
106368,
106546,
106725,
106903,
107022,
107141,
107260,
107438,
107616,
107735,
107913,
108210,
108330,
108448,
108627,
108805,
108924,
109102,
109280,
109400,
109756,
109905,
110023,
110142,
110261,
110529,
110707,
110826,
111064,
111242,
111420,
111539,
111777,
111895,
112015,
112193,
112371,
112490,
112727,
112847,
112965,
113203,
113322,
113441,
113560,
113679,
113797,
113917,
114035,
114155,
114332,
114511,
114630,
114749,
114867,
115046,
115224,
115343,
115521,
115640,
115759,
115937,
116056,
116235,
116353,
116472,
116650,
116770,
116947,
117067,
117185,
117305,
117423,
117542,
117661,
117780,
117899,

1 Column Long Note Times:
1997,
7167,
18104,
20006,
22859,
26663,
30467,
37124,
72310,
73142,
74094,
75045,
75758,
75996,
76947,
77897,
78849,
79800,

1 Column Release Times:
2650,
7643,
18134,
20036,
22889,
26692,
32369,
37956,
72370,
73202,
74153,
75104,
75817,
76055,
77006,
77957,
78908,
79859,

2 Column Hit Times:
5920,
6692,
7643,
11447,
11685,
11863,
12042,
12220,
12398,
12577,
12695,
12933,
13171,
13349,
13527,
13765,
14122,
14300,
14419,
14597,
14775,
14895,
15132,
15251,
15607,
15727,
15845,
16500,
16915,
17569,
17926,
18461,
18580,
18698,
18996,
19293,
20244,
20838,
21849,
22146,
22978,
23335,
23572,
23750,
24048,
24226,
24405,
24702,
24880,
25117,
25475,
25831,
26069,
26247,
26425,
26841,
27139,
27436,
27852,
28090,
28268,
28387,
28802,
29100,
29219,
29457,
29575,
29754,
29872,
30110,
30230,
30407,
30824,
31537,
32012,
34509,
34865,
35579,
35816,
37243,
37956,
38135,
38491,
38729,
39026,
39264,
39561,
39739,
39977,
40215,
40452,
40631,
40928,
41166,
41403,
41582,
41700,
41820,
41938,
42117,
42235,
42355,
42532,
42652,
42830,
42949,
43067,
43187,
43305,
43484,
43602,
43781,
43900,
44019,
44197,
44316,
44494,
44613,
44732,
44851,
44970,
45148,
45267,
45445,
45564,
45683,
45861,
45980,
46158,
46277,
46396,
46515,
46634,
46752,
46872,
46990,
47110,
47287,
47407,
47585,
47704,
47822,
48001,
48120,
48298,
48417,
48536,
48655,
48774,
48952,
49071,
49190,
49309,
49487,
49606,
49725,
49843,
49962,
50081,
50200,
50319,
50438,
50557,
50675,
50795,
50913,
51092,
51210,
51389,
51567,
51686,
51865,
51983,
52102,
52280,
52400,
52577,
52697,
52815,
52934,
53053,
53172,
53291,
53469,
53588,
53766,
53885,
54004,
54182,
54301,
54480,
54598,
54717,
54836,
54955,
55133,
55252,
55430,
55550,
55668,
55847,
55965,
56085,
56203,
56322,
56441,
56560,
56679,
56797,
56917,
57095,
57214,
57332,
57452,
57570,
57749,
57867,
57986,
58165,
58283,
58462,
58581,
58759,
58937,
59056,
59235,
59353,
59472,
59591,
59710,
59888,
60007,
60185,
60305,
60423,
60542,
60661,
60780,
60899,
61077,
61196,
61375,
61493,
61612,
61731,
61850,
62028,
62147,
62325,
62444,
62563,
62682,
62801,
62920,
63038,
63157,
63276,
63395,
63514,
63692,
63811,
63990,
64167,
64287,
64405,
64525,
64702,
64881,
65000,
65178,
65297,
65416,
65535,
65654,
65832,
65951,
66070,
66189,
66367,
66486,
66605,
66724,
66842,
66961,
67080,
67199,
67318,
67496,
67615,
67793,
67912,
68090,
68210,
68328,
68447,
68566,
68685,
68804,
68922,
69101,
69220,
69398,
69517,
69636,
69755,
69874,
69992,
70112,
70230,
70409,
70587,
70706,
70884,
71062,
71181,
71300,
71597,
71776,
72102,
72222,
72310,
75877,
76352,
77303,
78492,
79443,
80156,
80394,
80513,
80632,
80870,
81107,
81345,
81583,
82058,
82177,
82296,
82415,
82534,
82652,
82772,
83366,
83722,
83842,
83960,
84079,
84198,
84317,
84436,
84555,
84674,
84792,
84911,
85030,
85149,
85268,
85427,
85505,
85585,
85902,
86001,
86100,
86219,
86357,
86457,
87170,
87407,
87527,
87645,
87765,
87883,
88002,
88180,
88299,
88418,
88596,
88715,
88834,
88953,
89131,
89250,
89428,
89607,
89726,
89904,
90023,
90142,
90260,
90380,
90498,
90617,
90736,
90855,
90974,
91212,
91390,
91568,
91687,
91806,
91925,
92044,
92162,
92282,
92400,
92519,
92638,
92757,
92876,
92995,
93173,
93292,
93470,
93648,
93767,
93946,
94065,
94183,
94362,
94540,
94718,
94897,
95135,
95312,
95432,
95610,
95729,
95847,
95967,
96085,
96264,
96382,
96561,
96680,
96799,
96917,
97037,
97155,
97274,
97393,
97512,
97690,
97809,
97987,
98106,
98225,
98403,
98522,
98700,
98820,
98938,
99057,
99176,
99355,
99473,
99592,
99770,
99890,
100067,
100187,
100305,
100484,
100602,
100722,
100840,
101019,
101137,
101257,
101375,
101494,
101613,
101732,
101970,
102089,
102267,
102545,
102623,
102702,
102921,
103158,
103337,
103455,
103575,
103693,
103812,
103931,
104050,
104169,
104287,
104407,
104585,
104822,
105001,
105120,
105298,
105477,
105595,
105714,
105833,
105952,
106071,
106190,
106309,
106427,
106665,
106784,
106962,
107260,
107378,
107497,
107616,
107735,
107913,
108092,
108210,
108389,
108567,
108686,
108865,
109042,
109162,
109280,
109400,
109518,
109964,
110083,
110202,
110320,
110469,
110588,
110707,
110826,
110945,
111064,
111182,
111301,
111420,
111539,
111658,
111777,
111895,
112015,
112133,
112252,
112430,
112609,
112727,
112847,
112965,
113085,
113203,
113322,
113441,
113560,
113679,
113797,
113917,
114035,
114155,
114273,
114392,
114570,
114689,
114808,
114987,
115105,
115224,
115343,
115462,
115581,
115700,
115818,
115937,
116056,
116175,
116294,
116413,
116532,
116710,
116888,
117007,
117126,
117245,
117364,
117482,
117602,
117720,
117840,

2 Column Long Note Times:
214,
1462,
3482,
20957,
27614,
32369,
36173,
72905,
73262,
73856,
74212,
74807,
75164,
76115,
76709,
77065,
77660,
78017,
78611,
78967,
79562,
117958,

2 Column Release Times:
749,
1640,
3840,
20987,
27644,
34271,
37124,
72965,
73321,
73915,
74272,
74867,
75223,
76174,
76768,
77125,
77720,
78076,
78670,
79027,
79622,
118434,

3 Column Hit Times:
35,
11507,
11745,
11922,
12101,
12280,
12636,
12815,
12992,
13290,
13409,
13587,
13825,
14003,
14181,
14478,
14657,
14835,
15073,
15192,
15489,
16440,
17035,
17510,
17629,
17747,
18342,
18817,
19412,
19530,
19650,
20303,
20660,
20897,
21492,
21670,
22265,
22384,
22502,
23097,
23394,
23513,
23929,
24345,
24464,
24642,
24999,
25177,
25355,
25652,
25950,
26307,
26722,
26960,
27079,
27257,
27376,
27555,
27733,
27971,
28149,
28327,
28743,
28922,
29040,
29160,
29337,
29516,
29635,
29872,
30051,
30230,
30348,
30467,
30705,
31062,
32131,
32369,
32725,
33439,
34033,
36292,
36530,
36886,
37480,
37837,
38075,
38194,
38372,
38550,
38670,
38967,
39085,
39382,
39620,
39858,
39977,
40096,
40274,
40393,
40571,
40809,
40928,
41106,
41225,
41344,
41641,
41760,
41879,
41997,
42117,
42235,
42355,
42473,
42592,
42711,
42830,
43008,
43127,
43305,
43425,
43543,
43662,
43781,
43900,
44019,
44137,
44257,
44435,
44554,
44732,
44851,
44970,
45088,
45207,
45386,
45505,
45683,
45802,
45920,
46099,
46218,
46396,
46515,
46634,
46812,
46931,
47110,
47228,
47347,
47466,
47585,
47704,
47822,
47942,
48060,
48180,
48298,
48417,
48536,
48774,
48892,
49011,
49130,
49249,
49368,
49487,
49606,
49725,
49843,
49962,
50140,
50260,
50378,
50557,
50675,
50854,
50972,
51151,
51270,
51389,
51507,
51627,
51805,
51924,
52102,
52221,
52340,
52459,
52577,
52697,
52815,
52994,
53112,
53291,
53410,
53529,
53707,
53826,
54004,
54123,
54242,
54361,
54480,
54598,
54717,
54895,
55015,
55192,
55312,
55430,
55550,
55668,
55787,
55906,
56025,
56144,
56262,
56382,
56500,
56620,
56738,
56857,
57035,
57154,
57332,
57452,
57570,
57689,
57808,
57927,
58046,
58165,
58283,
58402,
58521,
58700,
58818,
58997,
59115,
59235,
59413,
59532,
59710,
59829,
59947,
60126,
60245,
60423,
60602,
60720,
60899,
61017,
61137,
61315,
61434,
61612,
61731,
61850,
61969,
62087,
62266,
62385,
62563,
62682,
62801,
62920,
63038,
63217,
63335,
63514,
63633,
63752,
63870,
63990,
64108,
64227,
64346,
64465,
64584,
64702,
64822,
64940,
65119,
65237,
65416,
65595,
65713,
65892,
66010,
66129,
66248,
66367,
66545,
66664,
66842,
67021,
67140,
67318,
67437,
67556,
67734,
67853,
68031,
68150,
68269,
68387,
68507,
68625,
68745,
68863,
68982,
69160,
69280,
69457,
69577,
69695,
69815,
69933,
70052,
70171,
70290,
70409,
70527,
70647,
70765,
70884,
71003,
71122,
71241,
71360,
71597,
71895,
72132,
72251,
79919,
80037,
80156,
80275,
80394,
80513,
80632,
80988,
81107,
81226,
81345,
81464,
81583,
81702,
81820,
81940,
82415,
82652,
82772,
82890,
83010,
83128,
83247,
83485,
83604,
84495,
84614,
85407,
85486,
85565,
85625,
85882,
85981,
86377,
86477,
87110,
87348,
87527,
87705,
87824,
88002,
88121,
88240,
88359,
88477,
88596,
88715,
88834,
88953,
89072,
89191,
89310,
89428,
89547,
89666,
89785,
89904,
90023,
90142,
90320,
90439,
90855,
90974,
91212,
91330,
91450,
91568,
91687,
91806,
91985,
92103,
92222,
92400,
92519,
92697,
92817,
92995,
93114,
93232,
93411,
93530,
93708,
93827,
93946,
94065,
94183,
94362,
94540,
94659,
94837,
95015,
95135,
95253,
95372,
95491,
95610,
95788,
95907,
96085,
96205,
96323,
96502,
96620,
96799,
96917,
97037,
97215,
97334,
97512,
97631,
97750,
97928,
98047,
98225,
98344,
98463,
98582,
98700,
98879,
98998,
99117,
99295,
99414,
99532,
99652,
99770,
99890,
100008,
100127,
100305,
100425,
100543,
100781,
100900,
101019,
101197,
101316,
101435,
101554,
101672,
101792,
101910,
102148,
102267,
102525,
102604,
102683,
102742,
102861,
102980,
103158,
103396,
103575,
103693,
103872,
104110,
104287,
104407,
104525,
104645,
104763,
104882,
105001,
105120,
105239,
105357,
105536,
106012,
106190,
106309,
106427,
106546,
106784,
106903,
107022,
107200,
107378,
107497,
107735,
107854,
107973,
108092,
108210,
108330,
108448,
108627,
108924,
109042,
109162,
109400,
109518,
109637,
109756,
109935,
110053,
110172,
110291,
110469,
110588,
110826,
111004,
111182,
111301,
111480,
111717,
111955,
112133,
112252,
112371,
112490,
112609,
112727,
112965,
113144,
113560,
113679,
113857,
113976,
114095,
114214,
114332,
114452,
114570,
114808,
114927,
115046,
115165,
115284,
115402,
115521,
115700,
115818,
115997,
116116,
116235,
116472,
116591,
116710,
116829,
117007,
117126,
117245,
117364,
117482,
117602,
117720,
117840,

3 Column Long Note Times:
749,
1818,
3840,
4790,
5979,
6811,
17153,
24761,
28565,
34271,
72430,
72667,
73380,
73618,
74332,
74570,
75282,
75520,
76233,
76471,
76709,
77185,
77422,
77660,
78135,
78373,
78611,
79087,
79324,
79562,
79800,
117958,

3 Column Release Times:
1462,
1997,
4552,
5860,
6692,
7108,
17183,
24791,
28595,
36173,
72489,
72727,
73440,
73677,
74391,
74629,
75342,
75580,
76293,
76531,
76768,
77244,
77482,
77720,
78195,
78432,
78670,
79146,
79384,
79622,
79859,
118434,

4 Column Hit Times:
35,
11447,
11625,
11804,
12160,
12517,
12755,
12874,
13112,
13230,
13706,
13884,
14062,
14360,
14716,
15013,
15965,
16559,
16677,
16797,
17867,
18936,
19768,
20362,
20482,
20600,
21195,
21789,
22562,
22740,
22859,
23097,
23275,
23572,
23988,
24167,
24523,
24999,
25237,
25415,
25593,
25890,
26128,
26425,
26604,
26782,
26901,
27020,
27198,
27376,
27792,
27911,
28208,
28446,
28625,
28862,
29160,
29397,
29695,
29813,
29932,
30170,
30348,
30467,
31299,
31775,
32250,
32607,
32963,
33557,
33915,
34271,
34627,
35341,
36054,
36648,
37005,
37718,
38075,
38312,
38432,
38788,
38907,
39145,
39323,
39502,
39917,
40036,
40452,
40690,
40868,
41047,
41403,
41522,
41879,
41997,
42117,
42295,
42414,
42592,
42711,
42830,
42949,
43067,
43246,
43365,
43543,
43662,
43781,
43959,
44078,
44257,
44375,
44494,
44672,
44791,
44970,
45088,
45207,
45326,
45445,
45564,
45683,
45802,
45920,
46040,
46158,
46337,
46455,
46634,
46752,
46872,
47050,
47169,
47347,
47466,
47585,
47763,
47882,
48060,
48180,
48298,
48477,
48595,
48714,
48833,
49011,
49130,
49249,
49368,
49487,
49665,
49784,
49962,
50081,
50200,
50378,
50497,
50675,
50795,
50913,
51032,
51151,
51270,
51389,
51507,
51627,
51745,
51865,
52042,
52162,
52280,
52459,
52577,
52756,
52875,
53053,
53172,
53291,
53410,
53529,
53647,
53766,
53945,
54063,
54182,
54361,
54480,
54658,
54777,
54955,
55074,
55192,
55312,
55430,
55609,
55727,
55906,
56085,
56262,
56382,
56500,
56620,
56738,
56857,
56976,
57095,
57214,
57332,
57511,
57630,
57808,
57927,
58046,
58224,
58343,
58521,
58640,
58759,
58878,
58997,
59115,
59235,
59353,
59472,
59591,
59710,
59829,
59947,
60067,
60185,
60305,
60423,
60542,
60661,
60840,
60958,
61137,
61255,
61375,
61493,
61612,
61790,
61909,
62087,
62206,
62325,
62504,
62622,
62801,
62979,
63098,
63276,
63395,
63514,
63633,
63752,
63930,
64049,
64227,
64346,
64465,
64584,
64702,
64822,
64940,
65060,
65178,
65297,
65416,
65535,
65654,
65772,
65892,
66010,
66129,
66307,
66427,
66545,
66724,
66842,
66961,
67080,
67199,
67318,
67437,
67556,
67675,
67793,
67972,
68090,
68210,
68387,
68507,
68685,
68863,
68982,
69101,
69220,
69339,
69457,
69577,
69695,
69815,
69933,
70052,
70171,
70290,
70409,
70527,
70647,
70765,
70884,
71003,
71122,
71241,
71360,
71479,
71776,
71954,
72162,
72281,
74926,
75164,
75639,
79919,
80037,
80275,
80751,
80870,
80988,
81107,
81226,
81345,
81583,
81820,
81940,
82058,
82177,
82296,
82534,
82772,
83010,
83247,
83485,
83604,
83722,
83960,
84198,
84436,
84555,
84674,
84911,
85149,
85387,
85466,
85545,
85625,
85743,
85862,
86100,
86219,
86496,
86575,
86754,
86932,
87230,
87467,
87586,
87765,
87883,
88002,
88121,
88240,
88359,
88477,
88656,
88775,
88953,
89072,
89191,
89310,
89428,
89547,
89666,
89845,
89963,
90142,
90260,
90380,
90498,
90736,
91092,
91330,
91509,
91627,
91806,
91925,
92044,
92222,
92341,
92519,
92638,
92757,
92876,
92995,
93114,
93232,
93351,
93470,
93589,
93708,
93827,
93946,
94124,
94362,
94480,
94659,
94897,
95194,
95372,
95491,
95610,
95729,
95847,
96026,
96145,
96323,
96442,
96561,
96740,
96858,
97037,
97155,
97274,
97452,
97571,
97750,
97869,
97987,
98106,
98225,
98344,
98463,
98641,
98760,
98938,
99057,
99176,
99295,
99414,
99592,
99711,
99830,
100008,
100127,
100246,
100365,
100543,
100662,
100840,
100960,
101078,
101197,
101316,
101494,
101672,
101792,
101970,
102148,
102267,
102505,
102584,
102663,
102742,
102921,
103099,
103218,
103337,
103455,
103634,
103872,
104050,
104169,
104407,
104525,
104645,
104822,
105060,
105239,
105357,
105536,
105952,
106071,
106249,
106368,
106546,
106665,
106784,
106962,
107141,
107260,
107497,
107675,
107854,
107973,
108151,
108448,
108567,
108686,
108805,
108924,
109102,
109340,
109637,
109875,
109994,
110112,
110232,
110350,
110588,
110766,
110945,
111064,
111242,
111539,
111658,
111777,
111895,
112015,
112133,
112252,
112490,
112668,
112906,
113085,
113203,
113322,
113441,
113620,
113738,
113857,
113976,
114273,
114392,
114511,
114630,
114749,
114867,
114987,
115105,
115284,
115462,
115581,
115759,
115878,
115997,
116175,
116294,
116413,
116532,
116650,
116770,
116888,
117067,
117185,
117305,
117423,
117542,
117661,
117780,
117899,

4 Column Long Note Times:
1640,
4552,
7643,
15251,
19055,
21908,
25712,
29516,
76115,
76233,
76471,
76947,
77065,
77185,
77422,
77897,
78017,
78135,
78373,
78849,
78967,
79087,
79324,

4 Column Release Times:
1818,
4790,
11328,
15281,
19085,
21938,
25742,
29546,
76174,
76293,
76531,
77006,
77125,
77244,
77482,
77957,
78076,
78195,
78432,
78908,
79027,
79146,
79384,

