Artist : Sharkey & Arkitech
Song Name : Quadraphinix
Difficulty : 0
BPM : 232
Background Image : charts\Sharkey & Arkitech-Quadraphinix\quad-BG.jpg
Audio : charts\Sharkey & Arkitech-Quadraphinix\Quadraphinix_3.mp3

1 Column Hit Times:
38,
6311,
7271,
8615,
8743,
9000,
9127,
9255,
9383,
9640,
9767,
10023,
10151,
10280,
10407,
10663,
10792,
11047,
11176,
11303,
11432,
11688,
11816,
12072,
12456,
12904,
13288,
13416,
14056,
14504,
14696,
15016,
15336,
15656,
16104,
16424,
17320,
17449,
18153,
18729,
19369,
20073,
21417,
22313,
22953,
23081,
23210,
24361,
24810,
25002,
25257,
25513,
25642,
25898,
26153,
26410,
26858,
27242,
27434,
27946,
28202,
28394,
28586,
28970,
29418,
29610,
29802,
29994,
30186,
30506,
30698,
30890,
31018,
31210,
31530,
31659,
31914,
32299,
32426,
32619,
34987,
35755,
36267,
36780,
37035,
37803,
38187,
38700,
41004,
41196,
41580,
41836,
42028,
42220,
42476,
42732,
42860,
43244,
43436,
43628,
43884,
44140,
44333,
44460,
44653,
44844,
45100,
45293,
45420,
45613,
45740,
45869,
46060,
46189,
46380,
46509,
46636,
46765,
46893,
47085,
47213,
47405,
47533,
47661,
47789,
47916,
48045,
48173,
48365,
48493,
48685,
48813,
48941,
49133,
49261,
49453,
49581,
49709,
49837,
49965,
50157,
50285,
50477,
50605,
50733,
50861,
50990,
51181,
51310,
51501,
51630,
51757,
51950,
52077,
52270,
52397,
52526,
52653,
52781,
53037,
53230,
53357,
53550,
53742,
53870,
54062,
54190,
54318,
54510,
54638,
54830,
54958,
55086,
55278,
55406,
55598,
55726,
55854,
55982,
56110,
56238,
56366,
56558,
56686,
56878,
57006,
57134,
57326,
57454,
57646,
57774,
57902,
58030,
58158,
58286,
58414,
58606,
58734,
58926,
59054,
59183,
59310,
59438,
59630,
59759,
59950,
60079,
60206,
60334,
60463,
60719,
60975,
61230,
61359,
61486,
61679,
61806,
61999,
62126,
62255,
62446,
62575,
62766,
62895,
63023,
63151,
63279,
63407,
63535,
63727,
63855,
64047,
64239,
64367,
64495,
64687,
64815,
65007,
65135,
65327,
65455,
65583,
65711,
65840,
65967,
66096,
66287,
66416,
66543,
66736,
66863,
66991,
67120,
67247,
67376,
67567,
67696,
67887,
68016,
68143,
68336,
68463,
68592,
68783,
68912,
69040,
69168,
69424,
69616,
69744,
69936,
70064,
70192,
70384,
70512,
70640,
70832,
70960,
71216,
71344,
71472,
71600,
71728,
71920,
72048,
72240,
72432,
72560,
72688,
72880,
73008,
73136,
73264,
73393,
73520,
73713,
73904,
74033,
74224,
74353,
74480,
74673,
74800,
74993,
75120,
75249,
75376,
75505,
75633,
75760,
75889,
76016,
76145,
76273,
76401,
76529,
76656,
76849,
77233,
77425,
77617,
77745,
80433,
81201,
82482,
82738,
83506,
83762,
84274,
84786,
85298,
85810,
86066,
86322,
86578,
86834,
86963,
87090,
87730,
87986,
88114,
88370,
88626,
88883,
89266,
89395,
89523,
89650,
89779,
89906,
90163,
91123,
92019,
92104,
92190,
92339,
92638,
92979,
93235,
93747,
94003,
94260,
94387,
94516,
94707,
94836,
95027,
95220,
95347,
95540,
95732,
95860,
96052,
96243,
96372,
96563,
96692,
96820,
97012,
97140,
97268,
97588,
97844,
98100,
98356,
98484,
98612,
98804,
98932,
99124,
99252,
99380,
99572,
99700,
99892,
100084,
100212,
100404,
100532,
100660,
100788,
100916,
101108,
101236,
101428,
101556,
101813,
101940,
102196,
102453,
102580,
102709,
102900,
103029,
103220,
103349,
103476,
103605,
103733,
103860,
103989,
104116,
104245,
104436,
104565,
104756,
104885,
105013,
105141,
105269,
105397,
105525,
105717,
105845,
106037,
106165,
106293,
106421,
106549,
106741,
106869,
106997,
107189,
107317,
107510,
107637,
107765,
107957,
108085,
108213,
108341,
108470,
108597,
108726,
108853,
109046,
109237,
109366,
109622,
109813,
110006,
110453,
110539,
110624,
110773,
110902,
111030,
111158,
111350,
111606,
111798,
111926,
112182,
112374,
112694,
112822,
112950,
113142,
113398,
113590,
113718,
113846,
113974,
114166,
114422,
114550,
114742,
114934,
115126,
115254,
115383,
115510,
115703,
115894,
116023,
116214,
116534,
116663,
116790,
116983,
117174,
117303,
117495,
117686,
117815,
118199,
118359,
118486,
118615,
118743,
119031,
119223,
119351,
119607,
119799,
119991,
120119,
120375,
120503,
120631,
120823,
121015,
121143,
121399,
121527,
121655,
121911,
122040,
122167,
122295,
122423,
122551,
122680,
122807,
122936,
123127,
123320,
123447,
123576,
123703,
123896,
124087,
124216,
124407,
124536,
124663,
124856,
124983,
125176,
125303,
125432,
125623,
125752,
125943,
126072,
126200,
126328,
126456,
126584,
126712,
126840,
126968,

1 Column Long Note Times:
2150,
7719,
19496,
21545,
24617,
28714,
32810,
39980,
77873,
78769,
79793,
80817,
81586,
81842,
82866,
83890,
84914,
85938,

1 Column Release Times:
2854,
8231,
19529,
21577,
24650,
28746,
34859,
40876,
77937,
78833,
79857,
80881,
81650,
81906,
82930,
83954,
84978,
86002,

2 Column Hit Times:
6375,
7207,
8231,
12328,
12583,
12776,
12968,
13160,
13352,
13544,
13672,
13928,
14184,
14376,
14568,
14824,
15208,
15400,
15528,
15720,
15912,
16040,
16296,
16424,
16808,
16936,
17064,
17769,
18216,
18920,
19305,
19881,
20009,
20136,
20457,
20777,
21801,
22441,
23530,
23850,
24746,
25130,
25386,
25577,
25898,
26090,
26282,
26602,
26793,
27050,
27434,
27818,
28074,
28266,
28458,
28906,
29226,
29546,
29994,
30250,
30443,
30570,
31018,
31339,
31466,
31723,
31850,
32043,
32170,
32426,
32555,
32746,
33195,
33963,
34475,
37163,
37547,
38316,
38571,
40108,
40876,
41068,
41452,
41708,
42028,
42284,
42604,
42796,
43052,
43308,
43564,
43756,
44076,
44333,
44588,
44780,
44908,
45036,
45164,
45356,
45484,
45613,
45804,
45933,
46124,
46253,
46380,
46509,
46636,
46829,
46956,
47149,
47276,
47405,
47596,
47725,
47916,
48045,
48173,
48301,
48429,
48621,
48749,
48941,
49069,
49197,
49389,
49517,
49709,
49837,
49965,
50093,
50221,
50349,
50477,
50605,
50733,
50925,
51053,
51245,
51373,
51501,
51693,
51821,
52013,
52141,
52270,
52397,
52526,
52717,
52846,
52973,
53102,
53293,
53422,
53550,
53677,
53806,
53933,
54062,
54190,
54318,
54446,
54573,
54702,
54830,
55022,
55150,
55342,
55534,
55662,
55854,
55982,
56110,
56302,
56430,
56622,
56750,
56878,
57006,
57134,
57262,
57390,
57582,
57710,
57902,
58030,
58158,
58350,
58478,
58670,
58798,
58926,
59054,
59183,
59374,
59503,
59694,
59823,
59950,
60143,
60270,
60399,
60526,
60655,
60783,
60910,
61039,
61166,
61295,
61486,
61615,
61743,
61871,
61999,
62191,
62319,
62446,
62639,
62766,
62959,
63087,
63279,
63471,
63599,
63791,
63919,
64047,
64175,
64303,
64495,
64623,
64815,
64943,
65071,
65200,
65327,
65455,
65583,
65775,
65903,
66096,
66223,
66351,
66480,
66607,
66800,
66927,
67120,
67247,
67376,
67503,
67632,
67760,
67887,
68016,
68143,
68272,
68400,
68592,
68720,
68912,
69103,
69232,
69360,
69488,
69680,
69872,
70000,
70192,
70320,
70448,
70576,
70704,
70896,
71024,
71152,
71280,
71472,
71600,
71728,
71856,
71984,
72112,
72240,
72368,
72496,
72688,
72816,
73008,
73136,
73328,
73456,
73584,
73713,
73840,
73969,
74096,
74224,
74416,
74544,
74736,
74865,
74993,
75120,
75249,
75376,
75505,
75633,
75825,
76016,
76145,
76336,
76529,
76656,
76785,
77105,
77297,
77649,
77777,
77873,
81713,
82226,
83250,
84530,
85554,
86322,
86578,
86706,
86834,
87090,
87346,
87603,
87859,
88370,
88499,
88626,
88754,
88883,
89010,
89139,
89779,
90163,
90291,
90419,
90546,
90675,
90803,
90931,
91059,
91187,
91315,
91443,
91571,
91699,
91827,
91998,
92083,
92168,
92510,
92616,
92723,
92851,
93000,
93107,
93875,
94131,
94260,
94387,
94516,
94643,
94771,
94963,
95091,
95220,
95411,
95540,
95667,
95796,
95987,
96116,
96307,
96500,
96628,
96820,
96948,
97076,
97203,
97332,
97460,
97588,
97716,
97844,
97972,
98228,
98420,
98612,
98740,
98868,
98996,
99124,
99252,
99380,
99508,
99636,
99764,
99892,
100020,
100148,
100340,
100468,
100660,
100852,
100980,
101173,
101300,
101428,
101620,
101813,
102004,
102196,
102453,
102644,
102773,
102964,
103093,
103220,
103349,
103476,
103669,
103796,
103989,
104116,
104245,
104373,
104501,
104629,
104756,
104885,
105013,
105205,
105333,
105525,
105653,
105781,
105973,
106101,
106293,
106421,
106549,
106677,
106805,
106997,
107125,
107253,
107445,
107573,
107765,
107893,
108021,
108213,
108341,
108470,
108597,
108790,
108917,
109046,
109173,
109301,
109430,
109557,
109813,
109942,
110133,
110433,
110517,
110603,
110838,
111093,
111286,
111413,
111542,
111670,
111798,
111926,
112054,
112182,
112310,
112438,
112630,
112886,
113078,
113206,
113398,
113590,
113718,
113846,
113974,
114102,
114230,
114358,
114486,
114614,
114870,
114998,
115190,
115510,
115638,
115766,
115894,
116023,
116214,
116406,
116534,
116726,
116919,
117046,
117239,
117430,
117559,
117686,
117815,
117943,
118423,
118551,
118679,
118806,
118966,
119095,
119223,
119351,
119479,
119607,
119735,
119863,
119991,
120119,
120247,
120375,
120503,
120631,
120759,
120887,
121079,
121271,
121399,
121527,
121655,
121783,
121911,
122040,
122167,
122295,
122423,
122551,
122680,
122807,
122936,
123063,
123191,
123383,
123511,
123640,
123832,
123960,
124087,
124216,
124343,
124472,
124600,
124727,
124856,
124983,
125112,
125240,
125368,
125496,
125688,
125880,
126008,
126136,
126264,
126392,
126520,
126648,
126776,
126904,

2 Column Long Note Times:
230,
1574,
3750,
22570,
29738,
34859,
38956,
78513,
78897,
79537,
79921,
80561,
80946,
81970,
82610,
82993,
83634,
84018,
84658,
85042,
85682,
127032,

2 Column Release Times:
806,
1766,
4135,
22601,
29770,
36907,
39980,
78577,
78961,
79601,
79985,
80626,
81010,
82033,
82673,
83058,
83698,
84082,
84722,
85106,
85746,
127544,

3 Column Hit Times:
38,
12392,
12648,
12840,
13032,
13224,
13608,
13800,
13992,
14312,
14440,
14632,
14888,
15080,
15272,
15592,
15784,
15976,
16233,
16360,
16680,
17704,
18345,
18856,
18985,
19113,
19753,
20265,
20905,
21033,
21161,
21865,
22249,
22505,
23145,
23337,
23977,
24106,
24233,
24873,
25193,
25322,
25770,
26218,
26346,
26538,
26922,
27114,
27306,
27626,
27946,
28330,
28778,
29034,
29162,
29354,
29482,
29674,
29866,
30123,
30314,
30506,
30954,
31146,
31274,
31403,
31594,
31786,
31914,
32170,
32363,
32555,
32683,
32810,
33066,
33451,
34603,
34859,
35243,
36011,
36651,
39083,
39340,
39723,
40363,
40748,
41004,
41132,
41324,
41516,
41644,
41964,
42092,
42412,
42668,
42924,
43052,
43180,
43372,
43500,
43692,
43948,
44076,
44268,
44396,
44524,
44844,
44973,
45100,
45228,
45356,
45484,
45613,
45740,
45869,
45996,
46124,
46316,
46445,
46636,
46765,
46893,
47020,
47149,
47276,
47405,
47533,
47661,
47853,
47981,
48173,
48301,
48429,
48556,
48685,
48877,
49005,
49197,
49325,
49453,
49645,
49773,
49965,
50093,
50221,
50413,
50541,
50733,
50861,
50990,
51117,
51245,
51373,
51501,
51630,
51757,
51886,
52013,
52141,
52270,
52526,
52653,
52781,
52910,
53037,
53166,
53293,
53422,
53550,
53677,
53806,
53997,
54126,
54253,
54446,
54573,
54766,
54893,
55086,
55214,
55342,
55470,
55598,
55790,
55918,
56110,
56238,
56366,
56494,
56622,
56750,
56878,
57070,
57198,
57390,
57518,
57646,
57838,
57966,
58158,
58286,
58414,
58543,
58670,
58798,
58926,
59118,
59246,
59438,
59566,
59694,
59823,
59950,
60079,
60206,
60334,
60463,
60590,
60719,
60846,
60975,
61103,
61230,
61423,
61550,
61743,
61871,
61999,
62126,
62255,
62383,
62511,
62639,
62766,
62895,
63023,
63215,
63343,
63535,
63663,
63791,
63983,
64111,
64303,
64431,
64559,
64751,
64879,
65071,
65263,
65391,
65583,
65711,
65840,
66031,
66160,
66351,
66480,
66607,
66736,
66863,
67056,
67183,
67376,
67503,
67632,
67760,
67887,
68080,
68207,
68400,
68528,
68656,
68783,
68912,
69040,
69168,
69296,
69424,
69552,
69680,
69808,
69936,
70128,
70256,
70448,
70640,
70768,
70960,
71088,
71216,
71344,
71472,
71664,
71792,
71984,
72176,
72304,
72496,
72624,
72753,
72944,
73073,
73264,
73393,
73520,
73648,
73776,
73904,
74033,
74160,
74289,
74480,
74609,
74800,
74929,
75056,
75185,
75313,
75440,
75569,
75696,
75825,
75953,
76081,
76209,
76336,
76465,
76593,
76721,
76849,
77105,
77425,
77681,
77809,
86066,
86194,
86322,
86450,
86578,
86706,
86834,
87218,
87346,
87474,
87603,
87730,
87859,
87986,
88114,
88243,
88754,
89010,
89139,
89266,
89395,
89523,
89650,
89906,
90035,
90995,
91123,
91976,
92062,
92147,
92211,
92488,
92595,
93022,
93129,
93811,
94067,
94260,
94451,
94580,
94771,
94900,
95027,
95156,
95283,
95411,
95540,
95667,
95796,
95923,
96052,
96180,
96307,
96436,
96563,
96692,
96820,
96948,
97076,
97268,
97396,
97844,
97972,
98228,
98356,
98484,
98612,
98740,
98868,
99060,
99188,
99316,
99508,
99636,
99828,
99956,
100148,
100276,
100404,
100596,
100724,
100916,
101044,
101173,
101300,
101428,
101620,
101813,
101940,
102133,
102324,
102453,
102580,
102709,
102836,
102964,
103156,
103285,
103476,
103605,
103733,
103925,
104053,
104245,
104373,
104501,
104693,
104821,
105013,
105141,
105269,
105461,
105589,
105781,
105909,
106037,
106165,
106293,
106485,
106613,
106741,
106933,
107061,
107189,
107317,
107445,
107573,
107701,
107830,
108021,
108150,
108277,
108533,
108661,
108790,
108981,
109110,
109237,
109366,
109493,
109622,
109750,
110006,
110133,
110411,
110496,
110582,
110646,
110773,
110902,
111093,
111350,
111542,
111670,
111862,
112118,
112310,
112438,
112566,
112694,
112822,
112950,
113078,
113206,
113334,
113462,
113654,
114166,
114358,
114486,
114614,
114742,
114998,
115126,
115254,
115446,
115638,
115766,
116023,
116150,
116279,
116406,
116534,
116663,
116790,
116983,
117303,
117430,
117559,
117815,
117943,
118070,
118199,
118391,
118519,
118646,
118775,
118966,
119095,
119351,
119543,
119735,
119863,
120055,
120311,
120567,
120759,
120887,
121015,
121143,
121271,
121399,
121655,
121847,
122295,
122423,
122615,
122743,
122871,
123000,
123127,
123256,
123383,
123640,
123767,
123896,
124023,
124152,
124280,
124407,
124600,
124727,
124920,
125048,
125176,
125432,
125560,
125688,
125816,
126008,
126136,
126264,
126392,
126520,
126648,
126776,
126904,

3 Column Long Note Times:
806,
1958,
4135,
5159,
6439,
7335,
18473,
26666,
30763,
36907,
78001,
78257,
79025,
79281,
80050,
80306,
81073,
81330,
82097,
82353,
82610,
83122,
83378,
83634,
84146,
84402,
84658,
85170,
85426,
85682,
85938,
127032,

3 Column Release Times:
1574,
2150,
4903,
6311,
7207,
7655,
18505,
26698,
30794,
38956,
78065,
78321,
79089,
79345,
80113,
80370,
81137,
81393,
82162,
82418,
82673,
83186,
83442,
83698,
84210,
84466,
84722,
85234,
85490,
85746,
86002,
127544,

4 Column Hit Times:
38,
12328,
12520,
12712,
13096,
13480,
13736,
13864,
14120,
14248,
14760,
14952,
15144,
15464,
15848,
16168,
17193,
17833,
17960,
18089,
19241,
20393,
21289,
21929,
22057,
22185,
22825,
23465,
24297,
24490,
24617,
24873,
25066,
25386,
25833,
26026,
26410,
26922,
27178,
27370,
27562,
27882,
28138,
28458,
28650,
28842,
28970,
29098,
29290,
29482,
29930,
30058,
30378,
30634,
30826,
31083,
31403,
31659,
31979,
32106,
32234,
32490,
32683,
32810,
33706,
34219,
34731,
35115,
35499,
36139,
36523,
36907,
37291,
38060,
38827,
39467,
39852,
40620,
41004,
41260,
41388,
41772,
41900,
42156,
42348,
42540,
42988,
43116,
43564,
43820,
44012,
44204,
44588,
44716,
45100,
45228,
45356,
45549,
45676,
45869,
45996,
46124,
46253,
46380,
46573,
46700,
46893,
47020,
47149,
47340,
47469,
47661,
47789,
47916,
48109,
48236,
48429,
48556,
48685,
48813,
48941,
49069,
49197,
49325,
49453,
49581,
49709,
49901,
50029,
50221,
50349,
50477,
50669,
50797,
50990,
51117,
51245,
51437,
51565,
51757,
51886,
52013,
52206,
52333,
52461,
52590,
52781,
52910,
53037,
53166,
53293,
53486,
53613,
53806,
53933,
54062,
54253,
54382,
54573,
54702,
54830,
54958,
55086,
55214,
55342,
55470,
55598,
55726,
55854,
56046,
56174,
56302,
56494,
56622,
56814,
56942,
57134,
57262,
57390,
57518,
57646,
57774,
57902,
58094,
58222,
58350,
58543,
58670,
58863,
58990,
59183,
59310,
59438,
59566,
59694,
59886,
60014,
60206,
60399,
60590,
60719,
60846,
60975,
61103,
61230,
61359,
61486,
61615,
61743,
61935,
62063,
62255,
62383,
62511,
62703,
62831,
63023,
63151,
63279,
63407,
63535,
63663,
63791,
63919,
64047,
64175,
64303,
64431,
64559,
64687,
64815,
64943,
65071,
65200,
65327,
65520,
65647,
65840,
65967,
66096,
66223,
66351,
66543,
66671,
66863,
66991,
67120,
67312,
67440,
67632,
67823,
67952,
68143,
68272,
68400,
68528,
68656,
68848,
68976,
69168,
69296,
69424,
69552,
69680,
69808,
69936,
70064,
70192,
70320,
70448,
70576,
70704,
70832,
70960,
71088,
71216,
71408,
71536,
71664,
71856,
71984,
72112,
72240,
72368,
72496,
72624,
72753,
72880,
73008,
73200,
73328,
73456,
73648,
73776,
73969,
74160,
74289,
74416,
74544,
74673,
74800,
74929,
75056,
75185,
75313,
75440,
75569,
75696,
75825,
75953,
76081,
76209,
76336,
76465,
76593,
76721,
76849,
76977,
77297,
77489,
77713,
77841,
80690,
80946,
81457,
86066,
86194,
86450,
86963,
87090,
87218,
87346,
87474,
87603,
87859,
88114,
88243,
88370,
88499,
88626,
88883,
89139,
89395,
89650,
89906,
90035,
90163,
90419,
90675,
90931,
91059,
91187,
91443,
91699,
91955,
92040,
92126,
92211,
92339,
92467,
92723,
92851,
93150,
93235,
93427,
93620,
93940,
94195,
94323,
94516,
94643,
94771,
94900,
95027,
95156,
95283,
95476,
95603,
95796,
95923,
96052,
96180,
96307,
96436,
96563,
96756,
96883,
97076,
97203,
97332,
97460,
97716,
98100,
98356,
98548,
98676,
98868,
98996,
99124,
99316,
99444,
99636,
99764,
99892,
100020,
100148,
100276,
100404,
100532,
100660,
100788,
100916,
101044,
101173,
101364,
101620,
101748,
101940,
102196,
102516,
102709,
102836,
102964,
103093,
103220,
103413,
103540,
103733,
103860,
103989,
104181,
104309,
104501,
104629,
104756,
104949,
105076,
105269,
105397,
105525,
105653,
105781,
105909,
106037,
106229,
106357,
106549,
106677,
106805,
106933,
107061,
107253,
107381,
107510,
107701,
107830,
107957,
108085,
108277,
108405,
108597,
108726,
108853,
108981,
109110,
109301,
109493,
109622,
109813,
110006,
110133,
110390,
110475,
110560,
110646,
110838,
111030,
111158,
111286,
111413,
111606,
111862,
112054,
112182,
112438,
112566,
112694,
112886,
113142,
113334,
113462,
113654,
114102,
114230,
114422,
114550,
114742,
114870,
114998,
115190,
115383,
115510,
115766,
115958,
116150,
116279,
116470,
116790,
116919,
117046,
117174,
117303,
117495,
117750,
118070,
118326,
118455,
118583,
118711,
118839,
119095,
119286,
119479,
119607,
119799,
120119,
120247,
120375,
120503,
120631,
120759,
120887,
121143,
121335,
121591,
121783,
121911,
122040,
122167,
122360,
122487,
122615,
122743,
123063,
123191,
123320,
123447,
123576,
123703,
123832,
123960,
124152,
124343,
124472,
124663,
124792,
124920,
125112,
125240,
125368,
125496,
125623,
125752,
125880,
126072,
126200,
126328,
126456,
126584,
126712,
126840,
126968,

4 Column Long Note Times:
1766,
4903,
8231,
16424,
20521,
23593,
27690,
31786,
81970,
82097,
82353,
82866,
82993,
83122,
83378,
83890,
84018,
84146,
84402,
84914,
85042,
85170,
85426,

4 Column Release Times:
1958,
5159,
12200,
16456,
20553,
23626,
27722,
31819,
82033,
82162,
82418,
82930,
83058,
83186,
83442,
83954,
84082,
84210,
84466,
84978,
85106,
85234,
85490,

