Artist : Sharkey & Arkitech
Song Name : Quadraphinix
Difficulty : 0
BPM : 270
Background Image : charts\Sharkey & Arkitech-Quadraphinix\quad-BG.jpg
Audio : charts\Sharkey & Arkitech-Quadraphinix\Quadraphinix_5.mp3

1 Column Hit Times:
33,
5470,
6302,
7466,
7578,
7800,
7910,
8021,
8132,
8354,
8465,
8687,
8798,
8909,
9020,
9242,
9353,
9574,
9686,
9796,
9908,
10130,
10240,
10462,
10795,
11184,
11516,
11627,
12182,
12570,
12736,
13014,
13292,
13569,
13957,
14234,
15011,
15122,
15732,
16232,
16786,
17396,
18562,
19338,
19893,
20004,
20115,
21113,
21502,
21668,
21890,
22112,
22223,
22445,
22666,
22888,
23277,
23610,
23776,
24220,
24442,
24608,
24774,
25108,
25496,
25662,
25828,
25995,
26162,
26439,
26605,
26772,
26882,
27049,
27326,
27438,
27659,
27992,
28103,
28270,
30322,
30988,
31432,
31876,
32097,
32763,
33096,
33540,
35537,
35703,
36036,
36258,
36424,
36591,
36812,
37034,
37146,
37478,
37645,
37811,
38033,
38255,
38422,
38532,
38699,
38865,
39087,
39254,
39364,
39531,
39642,
39753,
39919,
40030,
40196,
40308,
40418,
40530,
40640,
40807,
40918,
41084,
41195,
41306,
41417,
41528,
41639,
41750,
41916,
42027,
42194,
42304,
42416,
42582,
42693,
42859,
42970,
43081,
43192,
43303,
43470,
43580,
43747,
43858,
43969,
44080,
44191,
44357,
44468,
44634,
44746,
44856,
45023,
45134,
45300,
45411,
45522,
45633,
45744,
45966,
46132,
46243,
46410,
46576,
46687,
46854,
46964,
47076,
47242,
47353,
47519,
47630,
47741,
47908,
48018,
48185,
48296,
48407,
48518,
48628,
48740,
48850,
49017,
49128,
49294,
49405,
49516,
49682,
49794,
49960,
50071,
50182,
50293,
50404,
50515,
50626,
50792,
50903,
51070,
51180,
51292,
51402,
51513,
51680,
51791,
51957,
52068,
52179,
52290,
52401,
52623,
52845,
53066,
53178,
53288,
53455,
53566,
53732,
53843,
53954,
54120,
54232,
54398,
54509,
54620,
54731,
54842,
54953,
55064,
55230,
55341,
55508,
55674,
55785,
55896,
56062,
56173,
56340,
56450,
56617,
56728,
56839,
56950,
57061,
57172,
57283,
57449,
57560,
57671,
57838,
57948,
58059,
58170,
58281,
58392,
58558,
58670,
58836,
58947,
59058,
59224,
59335,
59446,
59612,
59724,
59834,
59946,
60168,
60334,
60445,
60611,
60722,
60833,
61000,
61110,
61222,
61388,
61499,
61720,
61832,
61942,
62054,
62164,
62331,
62442,
62608,
62774,
62886,
62996,
63163,
63274,
63385,
63496,
63607,
63718,
63884,
64050,
64162,
64328,
64439,
64550,
64716,
64827,
64994,
65104,
65216,
65326,
65438,
65548,
65659,
65770,
65881,
65992,
66103,
66214,
66325,
66436,
66602,
66935,
67102,
67268,
67379,
69709,
70374,
71484,
71706,
72372,
72594,
73038,
73481,
73925,
74369,
74591,
74812,
75034,
75256,
75368,
75478,
76033,
76255,
76366,
76588,
76810,
77032,
77364,
77476,
77586,
77697,
77808,
77919,
78141,
78973,
79750,
79824,
79898,
80027,
80286,
80582,
80804,
81248,
81470,
81692,
81802,
81914,
82080,
82191,
82357,
82524,
82634,
82801,
82968,
83078,
83245,
83411,
83522,
83688,
83800,
83910,
84077,
84188,
84299,
84576,
84798,
85020,
85242,
85353,
85464,
85630,
85741,
85908,
86018,
86130,
86296,
86407,
86573,
86740,
86850,
87017,
87128,
87239,
87350,
87461,
87627,
87738,
87904,
88016,
88238,
88348,
88570,
88792,
88903,
89014,
89180,
89292,
89458,
89569,
89680,
89791,
89902,
90012,
90124,
90234,
90346,
90512,
90623,
90789,
90900,
91011,
91122,
91233,
91344,
91455,
91622,
91732,
91899,
92010,
92120,
92232,
92342,
92509,
92620,
92731,
92897,
93008,
93175,
93286,
93396,
93563,
93674,
93785,
93896,
94007,
94118,
94229,
94340,
94506,
94672,
94784,
95006,
95172,
95338,
95726,
95800,
95874,
96004,
96115,
96226,
96337,
96503,
96725,
96892,
97002,
97224,
97391,
97668,
97779,
97890,
98056,
98278,
98445,
98556,
98666,
98778,
98944,
99166,
99277,
99443,
99610,
99776,
99887,
99998,
100109,
100276,
100442,
100553,
100719,
100996,
101108,
101218,
101385,
101551,
101662,
101829,
101995,
102106,
102439,
102578,
102688,
102800,
102910,
103160,
103326,
103438,
103660,
103826,
103992,
104103,
104325,
104436,
104547,
104714,
104880,
104991,
105212,
105324,
105434,
105656,
105768,
105878,
105989,
106100,
106211,
106322,
106433,
106544,
106710,
106877,
106988,
107099,
107210,
107376,
107542,
107654,
107820,
107931,
108042,
108208,
108319,
108486,
108596,
108708,
108874,
108985,
109151,
109262,
109373,
109484,
109595,
109706,
109817,
109928,
110039,

1 Column Long Note Times:
1864,
6690,
16897,
18672,
21335,
24886,
28436,
34649,
67490,
68266,
69154,
70042,
70708,
70930,
71817,
72704,
73592,
74480,

1 Column Release Times:
2474,
7134,
16925,
18700,
21363,
24913,
30211,
35426,
67546,
68322,
69210,
70097,
70763,
70985,
71872,
72760,
73648,
74535,

2 Column Hit Times:
5525,
6246,
7134,
10684,
10906,
11072,
11239,
11405,
11572,
11738,
11849,
12071,
12293,
12459,
12626,
12848,
13180,
13347,
13458,
13624,
13790,
13902,
14124,
14234,
14567,
14678,
14789,
15400,
15788,
16398,
16731,
17230,
17341,
17452,
17730,
18007,
18894,
19449,
20392,
20670,
21446,
21779,
22001,
22167,
22445,
22611,
22778,
23055,
23221,
23443,
23776,
24109,
24331,
24497,
24664,
25052,
25330,
25607,
25995,
26217,
26384,
26494,
26882,
27160,
27271,
27493,
27604,
27770,
27881,
28103,
28214,
28380,
28769,
29434,
29878,
32208,
32541,
33207,
33428,
34760,
35426,
35592,
35925,
36147,
36424,
36646,
36924,
37090,
37312,
37534,
37756,
37922,
38200,
38422,
38643,
38810,
38920,
39032,
39142,
39309,
39420,
39531,
39697,
39808,
39974,
40086,
40196,
40308,
40418,
40585,
40696,
40862,
40973,
41084,
41250,
41362,
41528,
41639,
41750,
41861,
41972,
42138,
42249,
42416,
42526,
42638,
42804,
42915,
43081,
43192,
43303,
43414,
43525,
43636,
43747,
43858,
43969,
44135,
44246,
44412,
44524,
44634,
44801,
44912,
45078,
45189,
45300,
45411,
45522,
45688,
45800,
45910,
46022,
46188,
46299,
46410,
46520,
46632,
46742,
46854,
46964,
47076,
47186,
47297,
47408,
47519,
47686,
47796,
47963,
48130,
48240,
48407,
48518,
48628,
48795,
48906,
49072,
49184,
49294,
49405,
49516,
49627,
49738,
49904,
50016,
50182,
50293,
50404,
50570,
50681,
50848,
50958,
51070,
51180,
51292,
51458,
51569,
51735,
51846,
51957,
52124,
52234,
52346,
52456,
52568,
52678,
52789,
52900,
53011,
53122,
53288,
53400,
53510,
53622,
53732,
53899,
54010,
54120,
54287,
54398,
54564,
54676,
54842,
55008,
55119,
55286,
55396,
55508,
55618,
55730,
55896,
56007,
56173,
56284,
56395,
56506,
56617,
56728,
56839,
57005,
57116,
57283,
57394,
57504,
57616,
57726,
57893,
58004,
58170,
58281,
58392,
58503,
58614,
58725,
58836,
58947,
59058,
59169,
59280,
59446,
59557,
59724,
59890,
60001,
60112,
60223,
60389,
60556,
60666,
60833,
60944,
61055,
61166,
61277,
61443,
61554,
61665,
61776,
61942,
62054,
62164,
62276,
62386,
62497,
62608,
62719,
62830,
62996,
63108,
63274,
63385,
63551,
63662,
63773,
63884,
63995,
64106,
64217,
64328,
64494,
64605,
64772,
64883,
64994,
65104,
65216,
65326,
65438,
65548,
65715,
65881,
65992,
66158,
66325,
66436,
66547,
66824,
66991,
67296,
67407,
67490,
70818,
71262,
72150,
73259,
74147,
74812,
75034,
75146,
75256,
75478,
75700,
75922,
76144,
76588,
76699,
76810,
76920,
77032,
77142,
77254,
77808,
78141,
78252,
78363,
78474,
78585,
78696,
78807,
78918,
79029,
79140,
79250,
79362,
79472,
79584,
79732,
79805,
79879,
80175,
80268,
80360,
80471,
80600,
80693,
81358,
81580,
81692,
81802,
81914,
82024,
82135,
82302,
82412,
82524,
82690,
82801,
82912,
83023,
83189,
83300,
83466,
83633,
83744,
83910,
84022,
84132,
84243,
84354,
84465,
84576,
84687,
84798,
84909,
85131,
85297,
85464,
85575,
85686,
85796,
85908,
86018,
86130,
86240,
86351,
86462,
86573,
86684,
86795,
86962,
87072,
87239,
87405,
87516,
87683,
87794,
87904,
88071,
88238,
88404,
88570,
88792,
88958,
89070,
89236,
89347,
89458,
89569,
89680,
89846,
89957,
90124,
90234,
90346,
90456,
90568,
90678,
90789,
90900,
91011,
91178,
91288,
91455,
91566,
91677,
91843,
91954,
92120,
92232,
92342,
92454,
92564,
92731,
92842,
92953,
93119,
93230,
93396,
93508,
93618,
93785,
93896,
94007,
94118,
94284,
94395,
94506,
94617,
94728,
94839,
94950,
95172,
95283,
95449,
95708,
95782,
95856,
96060,
96281,
96448,
96558,
96670,
96780,
96892,
97002,
97114,
97224,
97335,
97446,
97612,
97834,
98001,
98112,
98278,
98445,
98556,
98666,
98778,
98888,
99000,
99110,
99222,
99332,
99554,
99665,
99832,
100109,
100220,
100331,
100442,
100553,
100719,
100886,
100996,
101163,
101330,
101440,
101607,
101773,
101884,
101995,
102106,
102217,
102633,
102744,
102855,
102966,
103104,
103216,
103326,
103438,
103548,
103660,
103770,
103881,
103992,
104103,
104214,
104325,
104436,
104547,
104658,
104769,
104935,
105102,
105212,
105324,
105434,
105546,
105656,
105768,
105878,
105989,
106100,
106211,
106322,
106433,
106544,
106655,
106766,
106932,
107043,
107154,
107321,
107432,
107542,
107654,
107764,
107876,
107986,
108097,
108208,
108319,
108430,
108541,
108652,
108763,
108930,
109096,
109207,
109318,
109429,
109540,
109650,
109762,
109872,
109984,

2 Column Long Note Times:
200,
1364,
3250,
19560,
25773,
30211,
33762,
68045,
68378,
68932,
69265,
69820,
70153,
71040,
71595,
71928,
72483,
72816,
73370,
73703,
74258,
110094,

2 Column Release Times:
699,
1531,
3584,
19588,
25801,
31986,
34649,
68100,
68433,
68988,
69320,
69876,
70208,
71096,
71650,
71984,
72538,
72871,
73426,
73758,
74314,
110538,

3 Column Hit Times:
33,
10740,
10962,
11128,
11294,
11461,
11794,
11960,
12126,
12404,
12515,
12681,
12903,
13070,
13236,
13513,
13680,
13846,
14068,
14179,
14456,
15344,
15899,
16342,
16454,
16564,
17119,
17563,
18118,
18228,
18340,
18950,
19282,
19504,
20059,
20226,
20780,
20892,
21002,
21557,
21834,
21946,
22334,
22722,
22833,
23000,
23332,
23499,
23665,
23942,
24220,
24553,
24941,
25163,
25274,
25440,
25551,
25718,
25884,
26106,
26272,
26439,
26827,
26994,
27104,
27216,
27382,
27548,
27659,
27881,
28048,
28214,
28325,
28436,
28658,
28991,
29989,
30211,
30544,
31210,
31764,
33872,
34094,
34427,
34982,
35315,
35537,
35648,
35814,
35980,
36092,
36369,
36480,
36757,
36979,
37201,
37312,
37423,
37589,
37700,
37866,
38088,
38200,
38366,
38477,
38588,
38865,
38976,
39087,
39198,
39309,
39420,
39531,
39642,
39753,
39864,
39974,
40141,
40252,
40418,
40530,
40640,
40751,
40862,
40973,
41084,
41195,
41306,
41472,
41584,
41750,
41861,
41972,
42082,
42194,
42360,
42471,
42638,
42748,
42859,
43026,
43137,
43303,
43414,
43525,
43692,
43802,
43969,
44080,
44191,
44302,
44412,
44524,
44634,
44746,
44856,
44968,
45078,
45189,
45300,
45522,
45633,
45744,
45855,
45966,
46077,
46188,
46299,
46410,
46520,
46632,
46798,
46909,
47020,
47186,
47297,
47464,
47574,
47741,
47852,
47963,
48074,
48185,
48351,
48462,
48628,
48740,
48850,
48962,
49072,
49184,
49294,
49461,
49572,
49738,
49849,
49960,
50126,
50238,
50404,
50515,
50626,
50737,
50848,
50958,
51070,
51236,
51347,
51513,
51624,
51735,
51846,
51957,
52068,
52179,
52290,
52401,
52512,
52623,
52734,
52845,
52956,
53066,
53233,
53344,
53510,
53622,
53732,
53843,
53954,
54065,
54176,
54287,
54398,
54509,
54620,
54786,
54897,
55064,
55174,
55286,
55452,
55563,
55730,
55840,
55951,
56118,
56228,
56395,
56562,
56672,
56839,
56950,
57061,
57227,
57338,
57504,
57616,
57726,
57838,
57948,
58115,
58226,
58392,
58503,
58614,
58725,
58836,
59002,
59113,
59280,
59391,
59502,
59612,
59724,
59834,
59946,
60056,
60168,
60278,
60389,
60500,
60611,
60778,
60888,
61055,
61222,
61332,
61499,
61610,
61720,
61832,
61942,
62109,
62220,
62386,
62553,
62664,
62830,
62941,
63052,
63218,
63330,
63496,
63607,
63718,
63828,
63940,
64050,
64162,
64272,
64384,
64550,
64661,
64827,
64938,
65049,
65160,
65271,
65382,
65493,
65604,
65715,
65826,
65937,
66048,
66158,
66270,
66380,
66492,
66602,
66824,
67102,
67324,
67434,
74591,
74702,
74812,
74924,
75034,
75146,
75256,
75589,
75700,
75811,
75922,
76033,
76144,
76255,
76366,
76477,
76920,
77142,
77254,
77364,
77476,
77586,
77697,
77919,
78030,
78862,
78973,
79713,
79787,
79861,
79916,
80156,
80249,
80619,
80712,
81303,
81525,
81692,
81858,
81969,
82135,
82246,
82357,
82468,
82579,
82690,
82801,
82912,
83023,
83134,
83245,
83356,
83466,
83578,
83688,
83800,
83910,
84022,
84132,
84299,
84410,
84798,
84909,
85131,
85242,
85353,
85464,
85575,
85686,
85852,
85963,
86074,
86240,
86351,
86518,
86629,
86795,
86906,
87017,
87184,
87294,
87461,
87572,
87683,
87794,
87904,
88071,
88238,
88348,
88515,
88681,
88792,
88903,
89014,
89125,
89236,
89402,
89514,
89680,
89791,
89902,
90068,
90179,
90346,
90456,
90568,
90734,
90845,
91011,
91122,
91233,
91400,
91510,
91677,
91788,
91899,
92010,
92120,
92287,
92398,
92509,
92676,
92786,
92897,
93008,
93119,
93230,
93341,
93452,
93618,
93730,
93840,
94062,
94173,
94284,
94450,
94562,
94672,
94784,
94894,
95006,
95116,
95338,
95449,
95690,
95764,
95838,
95893,
96004,
96115,
96281,
96503,
96670,
96780,
96947,
97169,
97335,
97446,
97557,
97668,
97779,
97890,
98001,
98112,
98223,
98334,
98500,
98944,
99110,
99222,
99332,
99443,
99665,
99776,
99887,
100054,
100220,
100331,
100553,
100664,
100775,
100886,
100996,
101108,
101218,
101385,
101662,
101773,
101884,
102106,
102217,
102328,
102439,
102606,
102716,
102827,
102938,
103104,
103216,
103438,
103604,
103770,
103881,
104048,
104270,
104492,
104658,
104769,
104880,
104991,
105102,
105212,
105434,
105601,
105989,
106100,
106266,
106378,
106488,
106600,
106710,
106822,
106932,
107154,
107265,
107376,
107487,
107598,
107709,
107820,
107986,
108097,
108264,
108375,
108486,
108708,
108818,
108930,
109040,
109207,
109318,
109429,
109540,
109650,
109762,
109872,
109984,

3 Column Long Note Times:
699,
1697,
3584,
4471,
5580,
6357,
16010,
23110,
26661,
31986,
67601,
67823,
68488,
68710,
69376,
69598,
70264,
70486,
71151,
71373,
71595,
72039,
72261,
72483,
72926,
73148,
73370,
73814,
74036,
74258,
74480,
110094,

3 Column Release Times:
1364,
1864,
4249,
5470,
6246,
6634,
16038,
23138,
26688,
33762,
67656,
67878,
68544,
68766,
69432,
69654,
70319,
70541,
71207,
71429,
71650,
72094,
72316,
72538,
72982,
73204,
73426,
73870,
74092,
74314,
74535,
110538,

4 Column Hit Times:
33,
10684,
10850,
11017,
11350,
11682,
11904,
12016,
12238,
12348,
12792,
12958,
13125,
13402,
13735,
14012,
14900,
15455,
15566,
15677,
16676,
17674,
18450,
19005,
19116,
19227,
19782,
20336,
21058,
21224,
21335,
21557,
21724,
22001,
22389,
22556,
22888,
23332,
23554,
23720,
23887,
24164,
24386,
24664,
24830,
24996,
25108,
25218,
25385,
25551,
25940,
26050,
26328,
26550,
26716,
26938,
27216,
27438,
27715,
27826,
27936,
28158,
28325,
28436,
29212,
29656,
30100,
30433,
30766,
31320,
31654,
31986,
32319,
32985,
33650,
34205,
34538,
35204,
35537,
35758,
35870,
36202,
36313,
36535,
36702,
36868,
37256,
37367,
37756,
37978,
38144,
38310,
38643,
38754,
39087,
39198,
39309,
39476,
39586,
39753,
39864,
39974,
40086,
40196,
40363,
40474,
40640,
40751,
40862,
41028,
41140,
41306,
41417,
41528,
41694,
41805,
41972,
42082,
42194,
42304,
42416,
42526,
42638,
42748,
42859,
42970,
43081,
43248,
43358,
43525,
43636,
43747,
43913,
44024,
44191,
44302,
44412,
44579,
44690,
44856,
44968,
45078,
45245,
45356,
45466,
45578,
45744,
45855,
45966,
46077,
46188,
46354,
46465,
46632,
46742,
46854,
47020,
47131,
47297,
47408,
47519,
47630,
47741,
47852,
47963,
48074,
48185,
48296,
48407,
48573,
48684,
48795,
48962,
49072,
49239,
49350,
49516,
49627,
49738,
49849,
49960,
50071,
50182,
50348,
50459,
50570,
50737,
50848,
51014,
51125,
51292,
51402,
51513,
51624,
51735,
51902,
52012,
52179,
52346,
52512,
52623,
52734,
52845,
52956,
53066,
53178,
53288,
53400,
53510,
53677,
53788,
53954,
54065,
54176,
54342,
54454,
54620,
54731,
54842,
54953,
55064,
55174,
55286,
55396,
55508,
55618,
55730,
55840,
55951,
56062,
56173,
56284,
56395,
56506,
56617,
56784,
56894,
57061,
57172,
57283,
57394,
57504,
57671,
57782,
57948,
58059,
58170,
58337,
58448,
58614,
58780,
58892,
59058,
59169,
59280,
59391,
59502,
59668,
59779,
59946,
60056,
60168,
60278,
60389,
60500,
60611,
60722,
60833,
60944,
61055,
61166,
61277,
61388,
61499,
61610,
61720,
61887,
61998,
62109,
62276,
62386,
62497,
62608,
62719,
62830,
62941,
63052,
63163,
63274,
63440,
63551,
63662,
63828,
63940,
64106,
64272,
64384,
64494,
64605,
64716,
64827,
64938,
65049,
65160,
65271,
65382,
65493,
65604,
65715,
65826,
65937,
66048,
66158,
66270,
66380,
66492,
66602,
66714,
66991,
67157,
67351,
67462,
69931,
70153,
70596,
74591,
74702,
74924,
75368,
75478,
75589,
75700,
75811,
75922,
76144,
76366,
76477,
76588,
76699,
76810,
77032,
77254,
77476,
77697,
77919,
78030,
78141,
78363,
78585,
78807,
78918,
79029,
79250,
79472,
79694,
79768,
79842,
79916,
80027,
80138,
80360,
80471,
80730,
80804,
80970,
81137,
81414,
81636,
81747,
81914,
82024,
82135,
82246,
82357,
82468,
82579,
82746,
82856,
83023,
83134,
83245,
83356,
83466,
83578,
83688,
83855,
83966,
84132,
84243,
84354,
84465,
84687,
85020,
85242,
85408,
85519,
85686,
85796,
85908,
86074,
86185,
86351,
86462,
86573,
86684,
86795,
86906,
87017,
87128,
87239,
87350,
87461,
87572,
87683,
87849,
88071,
88182,
88348,
88570,
88848,
89014,
89125,
89236,
89347,
89458,
89624,
89735,
89902,
90012,
90124,
90290,
90401,
90568,
90678,
90789,
90956,
91066,
91233,
91344,
91455,
91566,
91677,
91788,
91899,
92065,
92176,
92342,
92454,
92564,
92676,
92786,
92953,
93064,
93175,
93341,
93452,
93563,
93674,
93840,
93951,
94118,
94229,
94340,
94450,
94562,
94728,
94894,
95006,
95172,
95338,
95449,
95671,
95745,
95819,
95893,
96060,
96226,
96337,
96448,
96558,
96725,
96947,
97114,
97224,
97446,
97557,
97668,
97834,
98056,
98223,
98334,
98500,
98888,
99000,
99166,
99277,
99443,
99554,
99665,
99832,
99998,
100109,
100331,
100497,
100664,
100775,
100941,
101218,
101330,
101440,
101551,
101662,
101829,
102050,
102328,
102550,
102661,
102772,
102883,
102994,
103216,
103382,
103548,
103660,
103826,
104103,
104214,
104325,
104436,
104547,
104658,
104769,
104991,
105157,
105379,
105546,
105656,
105768,
105878,
106045,
106156,
106266,
106378,
106655,
106766,
106877,
106988,
107099,
107210,
107321,
107432,
107598,
107764,
107876,
108042,
108153,
108264,
108430,
108541,
108652,
108763,
108874,
108985,
109096,
109262,
109373,
109484,
109595,
109706,
109817,
109928,
110039,

4 Column Long Note Times:
1531,
4249,
7134,
14234,
17785,
20448,
23998,
27548,
71040,
71151,
71373,
71817,
71928,
72039,
72261,
72704,
72816,
72926,
73148,
73592,
73703,
73814,
74036,

4 Column Release Times:
1697,
4471,
10573,
14262,
17812,
20476,
24026,
27576,
71096,
71207,
71429,
71872,
71984,
72094,
72316,
72760,
72871,
72982,
73204,
73648,
73758,
73870,
74092,

