Artist : Sharkey & Arkitech
Song Name : Quadraphinix
Difficulty : 0
BPM : 190
Background Image : charts\Sharkey & Arkitech-Quadraphinix\quad-BG.jpg
Audio : charts\Sharkey & Arkitech-Quadraphinix\Quadraphinix_1.mp3

1 Column Hit Times:
45,
7459,
8593,
10181,
10333,
10636,
10787,
10938,
11090,
11392,
11543,
11846,
11997,
12149,
12300,
12602,
12754,
13056,
13208,
13359,
13510,
13813,
13964,
14267,
14720,
15250,
15704,
15855,
16611,
17141,
17368,
17747,
18125,
18503,
19032,
19410,
20470,
20621,
21453,
22134,
22890,
23722,
25311,
26370,
27127,
27278,
27430,
28790,
29320,
29548,
29850,
30152,
30304,
30607,
30909,
31211,
31741,
32195,
32422,
33027,
33330,
33557,
33783,
34238,
34767,
34994,
35220,
35448,
35675,
36053,
36280,
36507,
36658,
36885,
37263,
37415,
37717,
38171,
38322,
38550,
41349,
42256,
42861,
43467,
43769,
44677,
45130,
45736,
48460,
48686,
49140,
49442,
49670,
49897,
50199,
50501,
50653,
51107,
51334,
51560,
51863,
52166,
52393,
52544,
52771,
52998,
53300,
53528,
53679,
53906,
54057,
54209,
54435,
54587,
54813,
54965,
55116,
55268,
55419,
55646,
55797,
56024,
56175,
56327,
56478,
56629,
56780,
56931,
57159,
57310,
57537,
57688,
57840,
58066,
58218,
58444,
58596,
58747,
58899,
59050,
59277,
59428,
59655,
59806,
59958,
60109,
60260,
60487,
60639,
60865,
61017,
61168,
61395,
61546,
61773,
61924,
62076,
62227,
62378,
62680,
62908,
63059,
63286,
63513,
63664,
63891,
64042,
64194,
64420,
64572,
64799,
64950,
65101,
65329,
65480,
65707,
65858,
66010,
66160,
66311,
66463,
66614,
66841,
66992,
67220,
67370,
67522,
67749,
67900,
68128,
68279,
68430,
68581,
68732,
68884,
69035,
69262,
69413,
69640,
69791,
69943,
70094,
70245,
70472,
70624,
70850,
71002,
71153,
71304,
71456,
71759,
72061,
72363,
72515,
72666,
72893,
73044,
73271,
73422,
73574,
73800,
73952,
74179,
74330,
74481,
74633,
74784,
74936,
75087,
75314,
75465,
75692,
75919,
76070,
76221,
76449,
76600,
76827,
76978,
77205,
77356,
77508,
77659,
77810,
77961,
78113,
78340,
78491,
78642,
78870,
79020,
79171,
79323,
79474,
79626,
79852,
80004,
80230,
80382,
80533,
80760,
80911,
81063,
81290,
81441,
81592,
81744,
82047,
82273,
82425,
82651,
82803,
82954,
83181,
83332,
83484,
83710,
83862,
84164,
84316,
84467,
84619,
84770,
84997,
85148,
85375,
85601,
85753,
85904,
86131,
86282,
86434,
86585,
86737,
86888,
87115,
87341,
87493,
87720,
87871,
88022,
88250,
88400,
88628,
88779,
88930,
89081,
89233,
89384,
89535,
89687,
89838,
89990,
90140,
90292,
90443,
90594,
90821,
91275,
91502,
91730,
91880,
95058,
95965,
97479,
97781,
98689,
98991,
99597,
100201,
100807,
101412,
101715,
102017,
102320,
102622,
102774,
102925,
103681,
103984,
104135,
104438,
104740,
105043,
105497,
105649,
105800,
105950,
106102,
106253,
106556,
107690,
108750,
108850,
108951,
109128,
109481,
109884,
110187,
110792,
111095,
111398,
111549,
111700,
111927,
112079,
112305,
112532,
112683,
112910,
113138,
113289,
113516,
113742,
113894,
114120,
114272,
114423,
114650,
114801,
114953,
115331,
115634,
115936,
116239,
116390,
116541,
116769,
116920,
117147,
117298,
117450,
117676,
117828,
118054,
118281,
118432,
118660,
118810,
118962,
119113,
119265,
119491,
119643,
119870,
120021,
120324,
120475,
120778,
121080,
121231,
121383,
121610,
121761,
121988,
122140,
122290,
122442,
122593,
122744,
122896,
123047,
123199,
123425,
123577,
123803,
123955,
124106,
124258,
124409,
124560,
124711,
124939,
125090,
125317,
125468,
125619,
125770,
125921,
126149,
126300,
126451,
126678,
126830,
127057,
127208,
127359,
127586,
127737,
127889,
128040,
128191,
128342,
128494,
128645,
128872,
129099,
129250,
129553,
129780,
130007,
130536,
130637,
130738,
130914,
131066,
131217,
131369,
131595,
131898,
132125,
132276,
132579,
132806,
133184,
133335,
133487,
133713,
134016,
134243,
134394,
134545,
134697,
134924,
135226,
135378,
135604,
135831,
136059,
136210,
136361,
136512,
136740,
136966,
137118,
137344,
137722,
137874,
138025,
138252,
138479,
138630,
138858,
139084,
139236,
139690,
139879,
140030,
140181,
140332,
140673,
140900,
141051,
141354,
141580,
141808,
141959,
142261,
142412,
142564,
142791,
143018,
143170,
143471,
143623,
143774,
144077,
144229,
144380,
144530,
144682,
144833,
144985,
145136,
145288,
145514,
145741,
145892,
146044,
146195,
146422,
146649,
146800,
147027,
147179,
147330,
147557,
147708,
147935,
148086,
148238,
148464,
148616,
148842,
148994,
149145,
149297,
149448,
149600,
149750,
149901,
150053,

1 Column Long Note Times:
2541,
9122,
23041,
25462,
29093,
33935,
38776,
47249,
92031,
93090,
94301,
95511,
96420,
96722,
97932,
99142,
100353,
101563,

1 Column Release Times:
3373,
9728,
23080,
25500,
29131,
33972,
41197,
48308,
92108,
93167,
94377,
95587,
96495,
96798,
98008,
99219,
100429,
101639,

2 Column Hit Times:
7534,
8518,
9728,
14570,
14871,
15099,
15326,
15552,
15780,
16007,
16158,
16460,
16763,
16990,
17217,
17520,
17973,
18200,
18351,
18579,
18805,
18957,
19260,
19410,
19864,
20016,
20167,
21000,
21529,
22360,
22815,
23496,
23647,
23798,
24177,
24555,
25765,
26521,
27808,
28186,
29245,
29699,
30001,
30228,
30607,
30833,
31060,
31439,
31665,
31968,
32422,
32876,
33179,
33405,
33632,
34161,
34540,
34919,
35448,
35750,
35978,
36129,
36658,
37037,
37188,
37490,
37641,
37869,
38020,
38322,
38474,
38700,
39230,
40138,
40743,
43920,
44374,
45282,
45584,
47400,
48308,
48535,
48989,
49291,
49670,
49972,
50350,
50577,
50880,
51182,
51485,
51712,
52090,
52393,
52695,
52922,
53073,
53225,
53376,
53603,
53754,
53906,
54132,
54284,
54510,
54662,
54813,
54965,
55116,
55343,
55494,
55721,
55872,
56024,
56250,
56402,
56629,
56780,
56931,
57083,
57234,
57461,
57612,
57840,
57990,
58142,
58369,
58520,
58747,
58899,
59050,
59201,
59352,
59503,
59655,
59806,
59958,
60184,
60336,
60562,
60714,
60865,
61092,
61243,
61470,
61621,
61773,
61924,
62076,
62302,
62454,
62605,
62757,
62983,
63135,
63286,
63437,
63589,
63740,
63891,
64042,
64194,
64345,
64496,
64648,
64799,
65026,
65177,
65404,
65631,
65782,
66010,
66160,
66311,
66539,
66690,
66917,
67069,
67220,
67370,
67522,
67673,
67825,
68051,
68203,
68430,
68581,
68732,
68960,
69110,
69338,
69489,
69640,
69791,
69943,
70170,
70321,
70548,
70700,
70850,
71078,
71229,
71380,
71531,
71683,
71834,
71985,
72137,
72288,
72440,
72666,
72818,
72969,
73120,
73271,
73499,
73650,
73800,
74028,
74179,
74406,
74558,
74784,
75011,
75162,
75390,
75540,
75692,
75843,
75995,
76221,
76373,
76600,
76751,
76902,
77054,
77205,
77356,
77508,
77734,
77886,
78113,
78264,
78415,
78567,
78718,
78945,
79096,
79323,
79474,
79626,
79777,
79929,
80080,
80230,
80382,
80533,
80685,
80836,
81063,
81214,
81441,
81668,
81820,
81970,
82122,
82349,
82576,
82727,
82954,
83105,
83257,
83408,
83560,
83786,
83938,
84089,
84240,
84467,
84619,
84770,
84921,
85072,
85223,
85375,
85526,
85678,
85904,
86056,
86282,
86434,
86660,
86812,
86963,
87115,
87266,
87418,
87569,
87720,
87947,
88098,
88325,
88477,
88628,
88779,
88930,
89081,
89233,
89384,
89611,
89838,
89990,
90216,
90443,
90594,
90746,
91124,
91351,
91767,
91919,
92031,
96570,
97176,
98386,
99899,
101110,
102017,
102320,
102471,
102622,
102925,
103228,
103530,
103833,
104438,
104590,
104740,
104891,
105043,
105194,
105346,
106102,
106556,
106708,
106859,
107010,
107161,
107312,
107464,
107615,
107767,
107918,
108069,
108220,
108371,
108523,
108725,
108825,
108926,
109330,
109456,
109582,
109733,
109910,
110036,
110943,
111246,
111398,
111549,
111700,
111851,
112002,
112230,
112380,
112532,
112759,
112910,
113061,
113213,
113440,
113591,
113818,
114045,
114197,
114423,
114575,
114726,
114877,
115029,
115180,
115331,
115482,
115634,
115785,
116088,
116314,
116541,
116693,
116844,
116995,
117147,
117298,
117450,
117600,
117751,
117903,
118054,
118206,
118357,
118584,
118735,
118962,
119189,
119340,
119568,
119719,
119870,
120097,
120324,
120550,
120778,
121080,
121307,
121459,
121685,
121837,
121988,
122140,
122290,
122518,
122669,
122896,
123047,
123199,
123350,
123501,
123652,
123803,
123955,
124106,
124333,
124484,
124711,
124862,
125014,
125240,
125392,
125619,
125770,
125921,
126073,
126224,
126451,
126602,
126754,
126980,
127132,
127359,
127510,
127661,
127889,
128040,
128191,
128342,
128570,
128720,
128872,
129023,
129174,
129326,
129477,
129780,
129931,
130158,
130511,
130611,
130712,
130990,
131292,
131520,
131670,
131822,
131973,
132125,
132276,
132428,
132579,
132730,
132881,
133108,
133410,
133638,
133789,
134016,
134243,
134394,
134545,
134697,
134848,
135000,
135150,
135302,
135453,
135756,
135907,
136134,
136512,
136663,
136815,
136966,
137118,
137344,
137571,
137722,
137950,
138177,
138328,
138555,
138781,
138933,
139084,
139236,
139387,
139954,
140106,
140257,
140408,
140597,
140749,
140900,
141051,
141202,
141354,
141505,
141656,
141808,
141959,
142110,
142261,
142412,
142564,
142715,
142867,
143093,
143320,
143471,
143623,
143774,
143926,
144077,
144229,
144380,
144530,
144682,
144833,
144985,
145136,
145288,
145439,
145590,
145817,
145968,
146120,
146347,
146498,
146649,
146800,
146951,
147103,
147254,
147405,
147557,
147708,
147860,
148010,
148162,
148313,
148540,
148767,
148919,
149070,
149221,
149372,
149523,
149675,
149826,
149978,

2 Column Long Note Times:
272,
1860,
4432,
26673,
35145,
41197,
46039,
92789,
93242,
93999,
94452,
95209,
95663,
96873,
97630,
98083,
98840,
99294,
100050,
100504,
101260,
150129,

2 Column Release Times:
953,
2088,
4887,
26710,
35183,
43618,
47249,
92864,
93318,
94074,
94528,
95285,
95739,
96949,
97705,
98160,
98916,
99370,
100126,
100580,
101337,
150734,

3 Column Hit Times:
45,
14645,
14948,
15174,
15401,
15629,
16082,
16310,
16536,
16914,
17066,
17292,
17595,
17822,
18049,
18427,
18654,
18881,
19184,
19335,
19713,
20923,
21680,
22285,
22437,
22588,
23344,
23950,
24706,
24857,
25009,
25840,
26294,
26597,
27353,
27580,
28337,
28489,
28640,
29396,
29774,
29926,
30455,
30985,
31136,
31363,
31817,
32044,
32270,
32649,
33027,
33481,
34010,
34313,
34464,
34691,
34842,
35070,
35297,
35600,
35826,
36053,
36582,
36810,
36960,
37112,
37339,
37566,
37717,
38020,
38247,
38474,
38625,
38776,
39079,
39533,
40894,
41197,
41650,
42559,
43315,
46190,
46492,
46946,
47702,
48157,
48460,
48610,
48838,
49064,
49216,
49594,
49745,
50123,
50426,
50729,
50880,
51031,
51258,
51410,
51636,
51939,
52090,
52317,
52469,
52620,
52998,
53150,
53300,
53451,
53603,
53754,
53906,
54057,
54209,
54360,
54510,
54738,
54890,
55116,
55268,
55419,
55570,
55721,
55872,
56024,
56175,
56327,
56553,
56705,
56931,
57083,
57234,
57385,
57537,
57764,
57915,
58142,
58293,
58444,
58671,
58823,
59050,
59201,
59352,
59580,
59730,
59958,
60109,
60260,
60411,
60562,
60714,
60865,
61017,
61168,
61320,
61470,
61621,
61773,
62076,
62227,
62378,
62530,
62680,
62832,
62983,
63135,
63286,
63437,
63589,
63815,
63967,
64118,
64345,
64496,
64723,
64874,
65101,
65253,
65404,
65555,
65707,
65933,
66085,
66311,
66463,
66614,
66766,
66917,
67069,
67220,
67447,
67598,
67825,
67976,
68128,
68354,
68506,
68732,
68884,
69035,
69187,
69338,
69489,
69640,
69867,
70019,
70245,
70397,
70548,
70700,
70850,
71002,
71153,
71304,
71456,
71607,
71759,
71910,
72061,
72212,
72363,
72590,
72741,
72969,
73120,
73271,
73422,
73574,
73725,
73877,
74028,
74179,
74330,
74481,
74709,
74860,
75087,
75238,
75390,
75617,
75768,
75995,
76146,
76297,
76524,
76675,
76902,
77130,
77280,
77508,
77659,
77810,
78037,
78189,
78415,
78567,
78718,
78870,
79020,
79248,
79399,
79626,
79777,
79929,
80080,
80230,
80458,
80609,
80836,
80988,
81139,
81290,
81441,
81592,
81744,
81895,
82047,
82198,
82349,
82500,
82651,
82879,
83030,
83257,
83484,
83635,
83862,
84013,
84164,
84316,
84467,
84694,
84845,
85072,
85300,
85450,
85678,
85829,
85980,
86207,
86359,
86585,
86737,
86888,
87039,
87190,
87341,
87493,
87644,
87796,
88022,
88174,
88400,
88552,
88703,
88855,
89006,
89157,
89309,
89460,
89611,
89762,
89914,
90065,
90216,
90368,
90519,
90670,
90821,
91124,
91502,
91805,
91956,
101715,
101866,
102017,
102169,
102320,
102471,
102622,
103076,
103228,
103379,
103530,
103681,
103833,
103984,
104135,
104287,
104891,
105194,
105346,
105497,
105649,
105800,
105950,
106253,
106405,
107540,
107690,
108700,
108800,
108901,
108977,
109304,
109430,
109935,
110061,
110868,
111170,
111398,
111624,
111776,
112002,
112154,
112305,
112457,
112608,
112759,
112910,
113061,
113213,
113364,
113516,
113667,
113818,
113970,
114120,
114272,
114423,
114575,
114726,
114953,
115104,
115634,
115785,
116088,
116239,
116390,
116541,
116693,
116844,
117071,
117222,
117373,
117600,
117751,
117979,
118130,
118357,
118509,
118660,
118887,
119038,
119265,
119416,
119568,
119719,
119870,
120097,
120324,
120475,
120702,
120929,
121080,
121231,
121383,
121534,
121685,
121912,
122064,
122290,
122442,
122593,
122820,
122971,
123199,
123350,
123501,
123728,
123880,
124106,
124258,
124409,
124636,
124787,
125014,
125165,
125317,
125468,
125619,
125846,
125998,
126149,
126376,
126527,
126678,
126830,
126980,
127132,
127283,
127435,
127661,
127813,
127964,
128267,
128418,
128570,
128796,
128948,
129099,
129250,
129401,
129553,
129704,
130007,
130158,
130486,
130587,
130688,
130763,
130914,
131066,
131292,
131595,
131822,
131973,
132200,
132503,
132730,
132881,
133032,
133184,
133335,
133487,
133638,
133789,
133940,
134091,
134319,
134924,
135150,
135302,
135453,
135604,
135907,
136059,
136210,
136437,
136663,
136815,
137118,
137269,
137420,
137571,
137722,
137874,
138025,
138252,
138630,
138781,
138933,
139236,
139387,
139538,
139690,
139917,
140068,
140219,
140370,
140597,
140749,
141051,
141278,
141505,
141656,
141883,
142186,
142489,
142715,
142867,
143018,
143170,
143320,
143471,
143774,
144001,
144530,
144682,
144909,
145060,
145211,
145363,
145514,
145666,
145817,
146120,
146270,
146422,
146573,
146725,
146876,
147027,
147254,
147405,
147632,
147784,
147935,
148238,
148389,
148540,
148691,
148919,
149070,
149221,
149372,
149523,
149675,
149826,
149978,

3 Column Long Note Times:
953,
2314,
4887,
6097,
7610,
8669,
21831,
31514,
36356,
43618,
92183,
92486,
93393,
93696,
94604,
94907,
95814,
96117,
97024,
97327,
97630,
98235,
98538,
98840,
99445,
99748,
100050,
100656,
100958,
101260,
101563,
150129,

3 Column Release Times:
1860,
2541,
5794,
7459,
8518,
9047,
21870,
31552,
36393,
46039,
92259,
92561,
93469,
93771,
94680,
94982,
95890,
96192,
97100,
97403,
97705,
98310,
98613,
98916,
99520,
99823,
100126,
100731,
101034,
101337,
101639,
150734,

4 Column Hit Times:
45,
14570,
14796,
15023,
15477,
15930,
16233,
16385,
16688,
16839,
17444,
17670,
17898,
18276,
18730,
19108,
20319,
21075,
21226,
21378,
22740,
24100,
25160,
25916,
26068,
26219,
26975,
27731,
28715,
28942,
29093,
29396,
29623,
30001,
30530,
30758,
31211,
31817,
32120,
32346,
32573,
32951,
33254,
33632,
33860,
34086,
34238,
34389,
34616,
34842,
35372,
35523,
35901,
36204,
36431,
36734,
37112,
37415,
37793,
37944,
38095,
38398,
38625,
38776,
39835,
40440,
41046,
41500,
41953,
42710,
43164,
43618,
44071,
44980,
45887,
46643,
47098,
48005,
48460,
48761,
48913,
49367,
49518,
49820,
50048,
50275,
50804,
50955,
51485,
51788,
52014,
52241,
52695,
52847,
53300,
53451,
53603,
53830,
53981,
54209,
54360,
54510,
54662,
54813,
55040,
55191,
55419,
55570,
55721,
55948,
56100,
56327,
56478,
56629,
56856,
57007,
57234,
57385,
57537,
57688,
57840,
57990,
58142,
58293,
58444,
58596,
58747,
58974,
59125,
59352,
59503,
59655,
59881,
60033,
60260,
60411,
60562,
60790,
60940,
61168,
61320,
61470,
61698,
61849,
62000,
62151,
62378,
62530,
62680,
62832,
62983,
63210,
63361,
63589,
63740,
63891,
64118,
64270,
64496,
64648,
64799,
64950,
65101,
65253,
65404,
65555,
65707,
65858,
66010,
66236,
66388,
66539,
66766,
66917,
67144,
67295,
67522,
67673,
67825,
67976,
68128,
68279,
68430,
68657,
68808,
68960,
69187,
69338,
69565,
69716,
69943,
70094,
70245,
70397,
70548,
70775,
70926,
71153,
71380,
71607,
71759,
71910,
72061,
72212,
72363,
72515,
72666,
72818,
72969,
73196,
73347,
73574,
73725,
73877,
74103,
74255,
74481,
74633,
74784,
74936,
75087,
75238,
75390,
75540,
75692,
75843,
75995,
76146,
76297,
76449,
76600,
76751,
76902,
77054,
77205,
77432,
77583,
77810,
77961,
78113,
78264,
78415,
78642,
78793,
79020,
79171,
79323,
79550,
79701,
79929,
80155,
80307,
80533,
80685,
80836,
80988,
81139,
81366,
81517,
81744,
81895,
82047,
82198,
82349,
82500,
82651,
82803,
82954,
83105,
83257,
83408,
83560,
83710,
83862,
84013,
84164,
84391,
84543,
84694,
84921,
85072,
85223,
85375,
85526,
85678,
85829,
85980,
86131,
86282,
86510,
86660,
86812,
87039,
87190,
87418,
87644,
87796,
87947,
88098,
88250,
88400,
88552,
88703,
88855,
89006,
89157,
89309,
89460,
89611,
89762,
89914,
90065,
90216,
90368,
90519,
90670,
90821,
90973,
91351,
91578,
91842,
91994,
95360,
95663,
96268,
101715,
101866,
102169,
102774,
102925,
103076,
103228,
103379,
103530,
103833,
104135,
104287,
104438,
104590,
104740,
105043,
105346,
105649,
105950,
106253,
106405,
106556,
106859,
107161,
107464,
107615,
107767,
108069,
108371,
108674,
108775,
108876,
108977,
109128,
109280,
109582,
109733,
110086,
110187,
110414,
110641,
111020,
111321,
111473,
111700,
111851,
112002,
112154,
112305,
112457,
112608,
112835,
112986,
113213,
113364,
113516,
113667,
113818,
113970,
114120,
114348,
114499,
114726,
114877,
115029,
115180,
115482,
115936,
116239,
116466,
116617,
116844,
116995,
117147,
117373,
117525,
117751,
117903,
118054,
118206,
118357,
118509,
118660,
118810,
118962,
119113,
119265,
119416,
119568,
119794,
120097,
120248,
120475,
120778,
121156,
121383,
121534,
121685,
121837,
121988,
122215,
122366,
122593,
122744,
122896,
123123,
123274,
123501,
123652,
123803,
124030,
124181,
124409,
124560,
124711,
124862,
125014,
125165,
125317,
125543,
125695,
125921,
126073,
126224,
126376,
126527,
126754,
126905,
127057,
127283,
127435,
127586,
127737,
127964,
128115,
128342,
128494,
128645,
128796,
128948,
129174,
129401,
129553,
129780,
130007,
130158,
130460,
130561,
130662,
130763,
130990,
131217,
131369,
131520,
131670,
131898,
132200,
132428,
132579,
132881,
133032,
133184,
133410,
133713,
133940,
134091,
134319,
134848,
135000,
135226,
135378,
135604,
135756,
135907,
136134,
136361,
136512,
136815,
137041,
137269,
137420,
137647,
138025,
138177,
138328,
138479,
138630,
138858,
139160,
139538,
139840,
139992,
140143,
140295,
140446,
140749,
140975,
141202,
141354,
141580,
141959,
142110,
142261,
142412,
142564,
142715,
142867,
143170,
143396,
143699,
143926,
144077,
144229,
144380,
144607,
144758,
144909,
145060,
145439,
145590,
145741,
145892,
146044,
146195,
146347,
146498,
146725,
146951,
147103,
147330,
147481,
147632,
147860,
148010,
148162,
148313,
148464,
148616,
148767,
148994,
149145,
149297,
149448,
149600,
149750,
149901,
150053,

4 Column Long Note Times:
2088,
5794,
9728,
19410,
24252,
27883,
32724,
37566,
96873,
97024,
97327,
97932,
98083,
98235,
98538,
99142,
99294,
99445,
99748,
100353,
100504,
100656,
100958,

4 Column Release Times:
2314,
6097,
14418,
19449,
24290,
27921,
32762,
37604,
96949,
97100,
97403,
98008,
98160,
98310,
98613,
99219,
99370,
99520,
99823,
100429,
100580,
100731,
101034,

