Artist : Sharkey & Arkitech
Song Name : Quadraphinix
Difficulty : 0
BPM : 190
Background Image : charts\Sharkey & Arkitech-Quadraphinix\quad-BG.jpg
Audio : charts\Sharkey & Arkitech-Quadraphinix\Quadraphinix_2.mp3

1 Column Hit Times:
41,
6837,
7877,
9333,
9472,
9750,
9888,
10026,
10165,
10443,
10581,
10859,
10997,
11136,
11275,
11552,
11691,
11968,
12107,
12245,
12385,
12662,
12800,
13078,
13494,
13980,
14395,
14534,
15227,
15713,
15920,
16268,
16615,
16961,
17446,
17793,
18764,
18903,
19665,
20290,
20983,
21745,
23202,
24173,
24866,
25005,
25144,
26391,
26877,
27085,
27362,
27640,
27779,
28056,
28333,
28610,
29096,
29512,
29720,
30275,
30552,
30760,
30968,
31385,
31870,
32078,
32285,
32494,
32702,
33049,
33256,
33465,
33603,
33811,
34158,
34297,
34574,
34990,
35129,
35337,
37903,
38735,
39290,
39845,
40121,
40954,
41370,
41925,
44421,
44629,
45045,
45322,
45530,
45739,
46015,
46293,
46432,
46848,
47056,
47264,
47541,
47819,
48027,
48165,
48374,
48581,
48859,
49067,
49205,
49414,
49552,
49691,
49899,
50038,
50245,
50385,
50523,
50662,
50800,
51009,
51147,
51355,
51494,
51633,
51771,
51910,
52049,
52187,
52395,
52534,
52742,
52880,
53020,
53227,
53366,
53574,
53713,
53851,
53990,
54129,
54337,
54475,
54684,
54822,
54961,
55100,
55239,
55446,
55585,
55793,
55932,
56070,
56279,
56417,
56625,
56764,
56903,
57041,
57180,
57457,
57665,
57804,
58012,
58220,
58359,
58567,
58705,
58845,
59052,
59191,
59399,
59538,
59676,
59885,
60023,
60231,
60370,
60509,
60647,
60785,
60925,
61063,
61271,
61410,
61618,
61756,
61895,
62103,
62242,
62450,
62589,
62727,
62866,
63005,
63144,
63282,
63490,
63629,
63837,
63975,
64115,
64253,
64391,
64600,
64739,
64946,
65085,
65224,
65362,
65501,
65779,
66056,
66333,
66472,
66610,
66819,
66957,
67165,
67304,
67443,
67650,
67790,
67997,
68136,
68275,
68414,
68552,
68691,
68830,
69038,
69176,
69385,
69592,
69731,
69870,
70078,
70216,
70425,
70563,
70771,
70910,
71049,
71187,
71326,
71465,
71604,
71811,
71950,
72089,
72297,
72435,
72574,
72713,
72851,
72990,
73198,
73337,
73545,
73684,
73822,
74030,
74169,
74308,
74515,
74655,
74793,
74932,
75210,
75417,
75556,
75764,
75903,
76041,
76250,
76388,
76527,
76735,
76874,
77150,
77290,
77428,
77567,
77705,
77914,
78052,
78260,
78468,
78607,
78745,
78954,
79092,
79231,
79370,
79509,
79647,
79855,
80063,
80202,
80410,
80549,
80687,
80895,
81034,
81242,
81380,
81520,
81658,
81797,
81935,
82074,
82213,
82351,
82490,
82629,
82768,
82906,
83045,
83253,
83669,
83877,
84085,
84224,
87136,
87968,
89355,
89633,
90465,
90742,
91297,
91851,
92406,
92961,
93239,
93515,
93793,
94070,
94210,
94348,
95041,
95319,
95457,
95735,
96012,
96290,
96705,
96845,
96983,
97121,
97260,
97399,
97676,
98716,
99687,
99780,
99872,
100034,
100358,
100727,
101005,
101560,
101837,
102115,
102253,
102392,
102600,
102739,
102946,
103155,
103293,
103501,
103710,
103848,
104056,
104264,
104403,
104610,
104750,
104888,
105096,
105235,
105374,
105720,
105998,
106275,
106552,
106691,
106830,
107038,
107176,
107385,
107523,
107662,
107870,
108009,
108216,
108425,
108563,
108771,
108910,
109049,
109187,
109326,
109534,
109673,
109880,
110020,
110297,
110435,
110713,
110990,
111129,
111268,
111475,
111615,
111822,
111961,
112100,
112239,
112377,
112515,
112655,
112793,
112932,
113140,
113279,
113486,
113625,
113764,
113903,
114041,
114180,
114319,
114527,
114665,
114874,
115012,
115150,
115290,
115428,
115636,
115775,
115914,
116121,
116260,
116469,
116607,
116745,
116954,
117092,
117231,
117370,
117509,
117647,
117786,
117925,
118133,
118340,
118480,
118757,
118965,
119173,
119658,
119750,
119843,
120005,
120144,
120282,
120421,
120629,
120906,
121115,
121253,
121530,
121739,
122085,
122224,
122363,
122570,
122848,
123056,
123195,
123333,
123472,
123680,
123957,
124096,
124304,
124512,
124720,
124859,
124998,
125136,
125345,
125552,
125691,
125899,
126245,
126385,
126523,
126731,
126939,
127078,
127286,
127494,
127633,
128049,
128222,
128360,
128500,
128638,
128950,
129158,
129297,
129575,
129782,
129990,
130129,
130406,
130545,
130684,
130892,
131100,
131239,
131515,
131655,
131793,
132070,
132210,
132348,
132486,
132625,
132764,
132903,
133041,
133180,
133388,
133596,
133735,
133874,
134012,
134220,
134428,
134567,
134775,
134914,
135052,
135260,
135399,
135607,
135745,
135885,
136092,
136231,
136439,
136578,
136716,
136855,
136994,
137133,
137271,
137410,
137549,

1 Column Long Note Times:
2330,
8362,
21121,
23340,
26669,
31107,
35545,
43311,
84362,
85333,
86443,
87552,
88385,
88662,
89771,
90880,
91990,
93100,

1 Column Release Times:
3092,
8917,
21156,
23375,
26704,
31141,
37764,
44282,
84432,
85403,
86512,
87621,
88454,
88731,
89840,
90950,
92060,
93169,

2 Column Hit Times:
6906,
7808,
8917,
13355,
13632,
13840,
14049,
14256,
14465,
14673,
14811,
15089,
15366,
15574,
15782,
16060,
16475,
16684,
16822,
17030,
17238,
17377,
17655,
17793,
18209,
18348,
18486,
19250,
19735,
20497,
20914,
21538,
21676,
21815,
22162,
22509,
23618,
24311,
25490,
25837,
26808,
27224,
27501,
27709,
28056,
28264,
28472,
28819,
29026,
29304,
29720,
30136,
30414,
30621,
30830,
31315,
31662,
32009,
32494,
32771,
32980,
33118,
33603,
33950,
34089,
34366,
34505,
34713,
34851,
35129,
35268,
35475,
35961,
36793,
37348,
40260,
40676,
41509,
41785,
43450,
44282,
44490,
44906,
45184,
45530,
45808,
46155,
46362,
46640,
46917,
47195,
47403,
47750,
48027,
48304,
48512,
48650,
48790,
48928,
49136,
49275,
49414,
49621,
49760,
49968,
50107,
50245,
50385,
50523,
50731,
50870,
51078,
51216,
51355,
51563,
51702,
51910,
52049,
52187,
52326,
52465,
52673,
52811,
53020,
53158,
53297,
53505,
53644,
53851,
53990,
54129,
54268,
54406,
54545,
54684,
54822,
54961,
55169,
55308,
55515,
55655,
55793,
56001,
56140,
56348,
56486,
56625,
56764,
56903,
57110,
57250,
57388,
57527,
57735,
57874,
58012,
58150,
58290,
58428,
58567,
58705,
58845,
58983,
59121,
59260,
59399,
59607,
59745,
59954,
60162,
60300,
60509,
60647,
60785,
60994,
61133,
61340,
61480,
61618,
61756,
61895,
62034,
62173,
62380,
62520,
62727,
62866,
63005,
63213,
63351,
63560,
63698,
63837,
63975,
64115,
64322,
64461,
64669,
64808,
64946,
65155,
65293,
65432,
65570,
65710,
65848,
65986,
66125,
66264,
66403,
66610,
66750,
66888,
67027,
67165,
67374,
67512,
67650,
67859,
67997,
68205,
68345,
68552,
68760,
68899,
69107,
69245,
69385,
69523,
69662,
69870,
70009,
70216,
70355,
70494,
70633,
70771,
70910,
71049,
71256,
71395,
71604,
71742,
71880,
72020,
72158,
72366,
72505,
72713,
72851,
72990,
73129,
73268,
73406,
73545,
73684,
73822,
73961,
74100,
74308,
74446,
74655,
74862,
75001,
75140,
75279,
75486,
75695,
75833,
76041,
76180,
76319,
76457,
76596,
76804,
76943,
77081,
77220,
77428,
77567,
77705,
77845,
77983,
78121,
78260,
78399,
78538,
78745,
78885,
79092,
79231,
79439,
79578,
79716,
79855,
79994,
80133,
80271,
80410,
80618,
80756,
80965,
81104,
81242,
81380,
81520,
81658,
81797,
81935,
82144,
82351,
82490,
82698,
82906,
83045,
83184,
83530,
83739,
84120,
84259,
84362,
88523,
89078,
90187,
91574,
92684,
93515,
93793,
93932,
94070,
94348,
94625,
94903,
95180,
95735,
95874,
96012,
96150,
96290,
96428,
96567,
97260,
97676,
97815,
97954,
98092,
98231,
98370,
98509,
98647,
98786,
98925,
99063,
99202,
99340,
99480,
99665,
99756,
99849,
100219,
100335,
100450,
100589,
100750,
100866,
101698,
101975,
102115,
102253,
102392,
102530,
102669,
102877,
103015,
103155,
103362,
103501,
103640,
103779,
103986,
104125,
104333,
104541,
104680,
104888,
105027,
105165,
105304,
105443,
105581,
105720,
105859,
105998,
106136,
106414,
106621,
106830,
106969,
107107,
107245,
107385,
107523,
107662,
107800,
107939,
108078,
108216,
108355,
108494,
108702,
108840,
109049,
109256,
109395,
109604,
109742,
109880,
110089,
110297,
110505,
110713,
110990,
111198,
111337,
111545,
111684,
111822,
111961,
112100,
112308,
112446,
112655,
112793,
112932,
113070,
113210,
113348,
113486,
113625,
113764,
113972,
114110,
114319,
114457,
114596,
114804,
114943,
115150,
115290,
115428,
115567,
115705,
115914,
116052,
116191,
116399,
116538,
116745,
116885,
117023,
117231,
117370,
117509,
117647,
117855,
117994,
118133,
118271,
118410,
118549,
118687,
118965,
119104,
119311,
119635,
119727,
119820,
120075,
120351,
120560,
120698,
120837,
120975,
121115,
121253,
121392,
121530,
121669,
121808,
122015,
122293,
122501,
122640,
122848,
123056,
123195,
123333,
123472,
123610,
123750,
123888,
124027,
124165,
124443,
124581,
124790,
125136,
125275,
125414,
125552,
125691,
125899,
126107,
126245,
126454,
126662,
126800,
127009,
127216,
127355,
127494,
127633,
127771,
128291,
128430,
128569,
128707,
128880,
129020,
129158,
129297,
129435,
129575,
129713,
129851,
129990,
130129,
130268,
130406,
130545,
130684,
130822,
130961,
131169,
131377,
131515,
131655,
131793,
131932,
132070,
132210,
132348,
132486,
132625,
132764,
132903,
133041,
133180,
133319,
133457,
133665,
133804,
133943,
134151,
134290,
134428,
134567,
134705,
134845,
134983,
135121,
135260,
135399,
135538,
135676,
135815,
135954,
136162,
136370,
136509,
136647,
136786,
136925,
137063,
137202,
137340,
137480,

2 Column Long Note Times:
250,
1705,
4063,
24450,
32216,
37764,
42202,
85056,
85472,
86165,
86581,
87275,
87691,
88800,
89494,
89910,
90604,
91020,
91713,
92129,
92822,
137618,

2 Column Release Times:
874,
1914,
4480,
24485,
32251,
39983,
43311,
85125,
85541,
86235,
86650,
87345,
87760,
88870,
89563,
89980,
90673,
91089,
91782,
92198,
92892,
138173,

3 Column Hit Times:
41,
13425,
13702,
13910,
14118,
14326,
14742,
14950,
15158,
15505,
15644,
15851,
16129,
16337,
16545,
16891,
17100,
17308,
17585,
17724,
18070,
19180,
19874,
20428,
20567,
20705,
21399,
21954,
22647,
22785,
22925,
23687,
24103,
24380,
25074,
25282,
25975,
26115,
26253,
26946,
27293,
27432,
27917,
28403,
28541,
28750,
29165,
29374,
29581,
29928,
30275,
30691,
31176,
31454,
31592,
31800,
31939,
32147,
32355,
32633,
32840,
33049,
33534,
33742,
33880,
34020,
34227,
34435,
34574,
34851,
35060,
35268,
35406,
35545,
35822,
36239,
37486,
37764,
38180,
39012,
39705,
42340,
42618,
43034,
43727,
44144,
44421,
44560,
44768,
44975,
45115,
45461,
45600,
45946,
46224,
46501,
46640,
46779,
46986,
47125,
47333,
47610,
47750,
47957,
48096,
48235,
48581,
48720,
48859,
48997,
49136,
49275,
49414,
49552,
49691,
49830,
49968,
50176,
50315,
50523,
50662,
50800,
50939,
51078,
51216,
51355,
51494,
51633,
51840,
51980,
52187,
52326,
52465,
52603,
52742,
52950,
53089,
53297,
53435,
53574,
53782,
53921,
54129,
54268,
54406,
54615,
54753,
54961,
55100,
55239,
55377,
55515,
55655,
55793,
55932,
56070,
56210,
56348,
56486,
56625,
56903,
57041,
57180,
57319,
57457,
57596,
57735,
57874,
58012,
58150,
58290,
58497,
58636,
58775,
58983,
59121,
59330,
59468,
59676,
59815,
59954,
60092,
60231,
60439,
60578,
60785,
60925,
61063,
61202,
61340,
61480,
61618,
61826,
61965,
62173,
62311,
62450,
62658,
62797,
63005,
63144,
63282,
63421,
63560,
63698,
63837,
64045,
64184,
64391,
64530,
64669,
64808,
64946,
65085,
65224,
65362,
65501,
65640,
65779,
65917,
66056,
66195,
66333,
66541,
66680,
66888,
67027,
67165,
67304,
67443,
67581,
67720,
67859,
67997,
68136,
68275,
68483,
68621,
68830,
68968,
69107,
69315,
69454,
69662,
69800,
69939,
70147,
70285,
70494,
70702,
70840,
71049,
71187,
71326,
71534,
71673,
71880,
72020,
72158,
72297,
72435,
72644,
72782,
72990,
73129,
73268,
73406,
73545,
73753,
73891,
74100,
74239,
74377,
74515,
74655,
74793,
74932,
75070,
75210,
75348,
75486,
75625,
75764,
75972,
76110,
76319,
76527,
76665,
76874,
77012,
77150,
77290,
77428,
77636,
77775,
77983,
78191,
78330,
78538,
78676,
78815,
79023,
79162,
79370,
79509,
79647,
79785,
79925,
80063,
80202,
80340,
80480,
80687,
80826,
81034,
81173,
81311,
81450,
81589,
81727,
81866,
82005,
82144,
82282,
82421,
82560,
82698,
82837,
82975,
83115,
83253,
83530,
83877,
84155,
84293,
93239,
93377,
93515,
93655,
93793,
93932,
94070,
94486,
94625,
94764,
94903,
95041,
95180,
95319,
95457,
95596,
96150,
96428,
96567,
96705,
96845,
96983,
97121,
97399,
97538,
98578,
98716,
99641,
99734,
99826,
99895,
100195,
100311,
100774,
100890,
101629,
101906,
102115,
102322,
102461,
102669,
102808,
102946,
103085,
103224,
103362,
103501,
103640,
103779,
103917,
104056,
104195,
104333,
104472,
104610,
104750,
104888,
105027,
105165,
105374,
105512,
105998,
106136,
106414,
106552,
106691,
106830,
106969,
107107,
107315,
107454,
107592,
107800,
107939,
108147,
108286,
108494,
108633,
108771,
108980,
109118,
109326,
109465,
109604,
109742,
109880,
110089,
110297,
110435,
110644,
110851,
110990,
111129,
111268,
111406,
111545,
111753,
111892,
112100,
112239,
112377,
112585,
112724,
112932,
113070,
113210,
113417,
113556,
113764,
113903,
114041,
114250,
114388,
114596,
114735,
114874,
115012,
115150,
115359,
115498,
115636,
115845,
115983,
116121,
116260,
116399,
116538,
116676,
116815,
117023,
117162,
117300,
117578,
117716,
117855,
118063,
118202,
118340,
118480,
118618,
118757,
118895,
119173,
119311,
119612,
119705,
119797,
119866,
120005,
120144,
120351,
120629,
120837,
120975,
121184,
121461,
121669,
121808,
121946,
122085,
122224,
122363,
122501,
122640,
122779,
122917,
123125,
123680,
123888,
124027,
124165,
124304,
124581,
124720,
124859,
125067,
125275,
125414,
125691,
125830,
125969,
126107,
126245,
126385,
126523,
126731,
127078,
127216,
127355,
127633,
127771,
127910,
128049,
128257,
128395,
128534,
128673,
128880,
129020,
129297,
129505,
129713,
129851,
130060,
130337,
130615,
130822,
130961,
131100,
131239,
131377,
131515,
131793,
132001,
132486,
132625,
132833,
132972,
133110,
133250,
133388,
133527,
133665,
133943,
134081,
134220,
134359,
134498,
134636,
134775,
134983,
135121,
135330,
135469,
135607,
135885,
136023,
136162,
136300,
136509,
136647,
136786,
136925,
137063,
137202,
137340,
137480,

3 Column Long Note Times:
874,
2121,
4480,
5589,
6975,
7946,
20012,
28888,
33326,
39983,
84501,
84779,
85610,
85888,
86720,
86998,
87830,
88107,
88939,
89216,
89494,
90049,
90326,
90604,
91158,
91435,
91713,
92268,
92545,
92822,
93100,
137618,

3 Column Release Times:
1705,
2330,
5311,
6837,
7808,
8293,
20047,
28923,
33360,
42202,
84570,
84848,
85680,
85957,
86790,
87067,
87899,
88176,
89009,
89286,
89563,
90118,
90395,
90673,
91227,
91505,
91782,
92337,
92615,
92892,
93169,
138173,

4 Column Hit Times:
41,
13355,
13563,
13771,
14187,
14603,
14880,
15020,
15297,
15435,
15990,
16198,
16406,
16753,
17169,
17515,
18625,
19319,
19457,
19596,
20845,
22092,
23063,
23756,
23895,
24034,
24727,
25420,
26322,
26530,
26669,
26946,
27155,
27501,
27986,
28195,
28610,
29165,
29443,
29650,
29859,
30205,
30483,
30830,
31038,
31245,
31385,
31523,
31731,
31939,
32425,
32563,
32910,
33187,
33395,
33673,
34020,
34297,
34644,
34782,
34920,
35198,
35406,
35545,
36515,
37070,
37625,
38041,
38457,
39150,
39567,
39983,
40399,
41231,
42063,
42756,
43173,
44005,
44421,
44698,
44837,
45253,
45391,
45669,
45877,
46085,
46570,
46709,
47195,
47472,
47680,
47888,
48304,
48443,
48859,
48997,
49136,
49345,
49483,
49691,
49830,
49968,
50107,
50245,
50454,
50592,
50800,
50939,
51078,
51285,
51425,
51633,
51771,
51910,
52118,
52256,
52465,
52603,
52742,
52880,
53020,
53158,
53297,
53435,
53574,
53713,
53851,
54060,
54198,
54406,
54545,
54684,
54891,
55030,
55239,
55377,
55515,
55724,
55862,
56070,
56210,
56348,
56556,
56695,
56833,
56972,
57180,
57319,
57457,
57596,
57735,
57943,
58081,
58290,
58428,
58567,
58775,
58914,
59121,
59260,
59399,
59538,
59676,
59815,
59954,
60092,
60231,
60370,
60509,
60716,
60855,
60994,
61202,
61340,
61549,
61687,
61895,
62034,
62173,
62311,
62450,
62589,
62727,
62935,
63074,
63213,
63421,
63560,
63768,
63906,
64115,
64253,
64391,
64530,
64669,
64877,
65015,
65224,
65432,
65640,
65779,
65917,
66056,
66195,
66333,
66472,
66610,
66750,
66888,
67096,
67235,
67443,
67581,
67720,
67928,
68067,
68275,
68414,
68552,
68691,
68830,
68968,
69107,
69245,
69385,
69523,
69662,
69800,
69939,
70078,
70216,
70355,
70494,
70633,
70771,
70980,
71118,
71326,
71465,
71604,
71742,
71880,
72089,
72227,
72435,
72574,
72713,
72921,
73060,
73268,
73475,
73615,
73822,
73961,
74100,
74239,
74377,
74585,
74724,
74932,
75070,
75210,
75348,
75486,
75625,
75764,
75903,
76041,
76180,
76319,
76457,
76596,
76735,
76874,
77012,
77150,
77359,
77498,
77636,
77845,
77983,
78121,
78260,
78399,
78538,
78676,
78815,
78954,
79092,
79300,
79439,
79578,
79785,
79925,
80133,
80340,
80480,
80618,
80756,
80895,
81034,
81173,
81311,
81450,
81589,
81727,
81866,
82005,
82144,
82282,
82421,
82560,
82698,
82837,
82975,
83115,
83253,
83392,
83739,
83946,
84189,
84328,
87414,
87691,
88245,
93239,
93377,
93655,
94210,
94348,
94486,
94625,
94764,
94903,
95180,
95457,
95596,
95735,
95874,
96012,
96290,
96567,
96845,
97121,
97399,
97538,
97676,
97954,
98231,
98509,
98647,
98786,
99063,
99340,
99618,
99710,
99803,
99895,
100034,
100173,
100450,
100589,
100912,
101005,
101213,
101421,
101768,
102045,
102184,
102392,
102530,
102669,
102808,
102946,
103085,
103224,
103432,
103570,
103779,
103917,
104056,
104195,
104333,
104472,
104610,
104819,
104957,
105165,
105304,
105443,
105581,
105859,
106275,
106552,
106760,
106899,
107107,
107245,
107385,
107592,
107731,
107939,
108078,
108216,
108355,
108494,
108633,
108771,
108910,
109049,
109187,
109326,
109465,
109604,
109811,
110089,
110227,
110435,
110713,
111060,
111268,
111406,
111545,
111684,
111822,
112030,
112169,
112377,
112515,
112655,
112863,
113001,
113210,
113348,
113486,
113695,
113833,
114041,
114180,
114319,
114457,
114596,
114735,
114874,
115081,
115220,
115428,
115567,
115705,
115845,
115983,
116191,
116330,
116469,
116676,
116815,
116954,
117092,
117300,
117439,
117647,
117786,
117925,
118063,
118202,
118410,
118618,
118757,
118965,
119173,
119311,
119589,
119681,
119774,
119866,
120075,
120282,
120421,
120560,
120698,
120906,
121184,
121392,
121530,
121808,
121946,
122085,
122293,
122570,
122779,
122917,
123125,
123610,
123750,
123957,
124096,
124304,
124443,
124581,
124790,
124998,
125136,
125414,
125621,
125830,
125969,
126176,
126523,
126662,
126800,
126939,
127078,
127286,
127563,
127910,
128187,
128326,
128465,
128604,
128742,
129020,
129227,
129435,
129575,
129782,
130129,
130268,
130406,
130545,
130684,
130822,
130961,
131239,
131446,
131724,
131932,
132070,
132210,
132348,
132556,
132695,
132833,
132972,
133319,
133457,
133596,
133735,
133874,
134012,
134151,
134290,
134498,
134705,
134845,
135052,
135191,
135330,
135538,
135676,
135815,
135954,
136092,
136231,
136370,
136578,
136716,
136855,
136994,
137133,
137271,
137410,
137549,

4 Column Long Note Times:
1914,
5311,
8917,
17793,
22231,
25560,
29997,
34435,
88800,
88939,
89216,
89771,
89910,
90049,
90326,
90880,
91020,
91158,
91435,
91990,
92129,
92268,
92545,

4 Column Release Times:
2121,
5589,
13216,
17828,
22265,
25595,
30032,
34470,
88870,
89009,
89286,
89840,
89980,
90118,
90395,
90950,
91089,
91227,
91505,
92060,
92198,
92337,
92615,

