Artist : hololive
Song Name : hololive song pack
Difficulty : 0
BPM : 89
Background Image : charts\hololive-hololive song pack\3-ji 12-fun - TAKU INOUE & Hoshimachi Suisei.png
Audio : charts\hololive-hololive song pack\3-ji 12-fun - TAKU INOUE & Hoshimachi Suisei.ogg

1 Column Hit Times:
6321,
11715,
25535,
26546,
27557,
29580,
30591,
33288,
35647,
36321,
37333,
38681,
40029,
41041,
48793,
49805,
50479,
50816,
51153,
52726,
53175,
53737,
54187,
54748,
55535,
56209,
57557,
58232,
58906,
59917,
60591,
61265,
61490,
61939,
63625,
73653,
73990,
74496,
74748,
75001,
75254,
75423,
75675,
75844,
76097,
76350,
76518,
76771,
78119,
81406,
84074,
84299,
84524,
84861,
85535,
86658,
88063,
89243,
89496,
92614,
93751,
95984,
127670,
130451,
137782,
138344,
138793,
139805,
140479,
141715,
142164,
142726,
143175,
143737,
144411,
145198,
145872,
146546,
147220,
148569,
148793,
149018,
149243,
149580,
149917,
150254,
150591,
151265,
152164,
152501,
152951,
154187,
154636,
155198,
155984,
156321,
156658,
157333,
157670,
158007,
158569,
160928,
162276,
162614,
163063,
166097,
167445,
175760,
180254,
181265,
181939,
182951,
184636,
185647,
186658,
188344,
190029,

1 Column Long Note Times:
3625,
14411,
19805,
22501,
28569,
32614,
33962,
42052,
43400,
46771,
47445,
48119,
51715,
62276,
65984,
68232,
79467,
80142,
81827,
86041,
87220,
89917,
90703,
91715,
93288,
94467,
95142,
95563,
96434,
96771,
97333,
98906,
99580,
106097,
111490,
116883,
123625,
135760,
136434,
137108,
141041,
151602,
153288,
159018,
159692,
160366,
161378,
163400,
164411,
165423,
167951,
169130,
170029,
170703,
173850,
175198,
183625,
187670,

1 Column Release Times:
5647,
16434,
21153,
24524,
28737,
32782,
34130,
42220,
43569,
47276,
47951,
48456,
52052,
62501,
67670,
72389,
79580,
81153,
83175,
86209,
87557,
90142,
90928,
91939,
93456,
94805,
95310,
95732,
96546,
96883,
97501,
99018,
99917,
107445,
113512,
118906,
124973,
136265,
136939,
137445,
141378,
151939,
153962,
159355,
160029,
160703,
162052,
164074,
164748,
165760,
168288,
169467,
170366,
173512,
174187,
175535,
183793,
187838,

2 Column Hit Times:
25872,
26546,
27894,
28906,
30591,
31602,
32276,
33288,
34299,
34973,
35984,
36658,
37333,
39018,
40366,
41378,
42726,
43737,
48119,
49018,
50029,
50816,
51490,
52838,
53512,
53850,
55198,
55872,
56434,
56771,
57220,
57557,
58232,
58906,
59243,
59805,
60816,
61265,
61602,
61827,
65872,
73737,
74074,
74243,
74580,
74748,
74917,
75170,
75338,
75507,
75760,
75928,
76097,
76265,
76434,
76602,
78203,
80984,
81321,
83175,
83400,
83625,
83850,
84299,
84608,
84973,
85535,
87052,
89580,
92614,
93175,
94425,
95479,
95900,
127712,
129018,
130408,
137670,
138119,
139018,
139467,
140366,
141490,
141827,
142164,
142501,
142838,
143512,
144187,
144524,
144861,
145423,
145760,
146209,
146546,
147220,
148569,
148793,
149018,
149243,
149580,
149805,
150928,
151153,
154973,
155310,
155647,
155984,
156658,
156883,
157220,
158007,
158681,
159018,
159355,
160029,
160366,
160591,
161041,
161265,
161715,
161939,
164748,
165647,
166771,
167445,
170366,
175535,
180591,
181602,
182951,
184636,
185984,
187333,
190029,

2 Column Long Note Times:
9018,
14411,
17108,
29917,
38007,
46771,
52052,
62501,
64299,
76855,
78793,
79580,
86209,
88147,
91378,
93793,
96321,
96658,
97501,
98344,
99018,
100591,
108793,
114187,
122276,
123625,
124973,
135760,
140703,
150254,
151939,
152951,
153625,
154299,
162389,
163063,
163737,
165085,
166097,
168793,
169805,
174187,
174861,
175872,
182276,
189018,

2 Column Release Times:
11041,
15760,
18456,
30085,
38175,
47276,
52389,
62838,
64973,
77782,
78962,
79692,
86378,
88400,
91602,
94130,
96434,
96771,
97670,
98512,
99243,
102389,
110816,
115535,
122951,
124299,
126321,
136265,
141041,
150591,
152614,
153288,
153962,
154636,
162726,
163400,
164074,
165423,
166434,
169130,
170029,
174524,
175198,
180254,
182445,
189187,

3 Column Hit Times:
25198,
26209,
26883,
27894,
29243,
31939,
32951,
34973,
36658,
37670,
38681,
39692,
40366,
41715,
42389,
43063,
44074,
48456,
49130,
50142,
50703,
51490,
52501,
53175,
54074,
54411,
54748,
55423,
56209,
56883,
59467,
60591,
60928,
61153,
62164,
73821,
74158,
74327,
74664,
74833,
75085,
75423,
75591,
75760,
76012,
76181,
76434,
76687,
78288,
80900,
81069,
81237,
83175,
84524,
84692,
85085,
89327,
89664,
89833,
93063,
95394,
95816,
100254,
127754,
129060,
130366,
137445,
138007,
139130,
139692,
140142,
141378,
141827,
142501,
143063,
143400,
143737,
144187,
144861,
145198,
145535,
146434,
148681,
148906,
149130,
150142,
150479,
151265,
151602,
151939,
153288,
153625,
153850,
154299,
154524,
156546,
156996,
157333,
158007,
158344,
158681,
159355,
159692,
160029,
160254,
164074,
165760,
167108,
167951,
170479,
180254,
181939,
182951,
183288,
184299,
187333,
188344,
189692,

3 Column Long Note Times:
6321,
19805,
31265,
47445,
62838,
64973,
73063,
78962,
79692,
80142,
81827,
85366,
86378,
87782,
90366,
93456,
96209,
96883,
97670,
98175,
98681,
99355,
111490,
114187,
116883,
119580,
124973,
136434,
149580,
152276,
154973,
155647,
160703,
161715,
162726,
164748,
166434,
168456,
169467,
171490,
184973,
186321,
190366,

3 Column Release Times:
8344,
21827,
31434,
47951,
63175,
65535,
73737,
79467,
79805,
80479,
82164,
86041,
86546,
88119,
90591,
93793,
96321,
97333,
97838,
98344,
98906,
99580,
112838,
116209,
118232,
120928,
126996,
136939,
149917,
152614,
155310,
155984,
161378,
162052,
163400,
165423,
166771,
168793,
169805,
176209,
185142,
186490,
190535,

4 Column Hit Times:
3625,
9018,
25198,
25872,
28232,
29580,
30254,
30928,
32276,
33625,
34636,
35984,
36996,
38344,
41378,
43063,
48793,
49355,
49805,
50142,
50479,
51378,
52389,
52838,
53512,
54524,
55198,
55872,
56546,
57108,
57445,
58793,
59243,
59917,
60479,
60928,
61602,
61939,
62276,
65535,
66321,
67670,
73906,
74411,
80816,
81153,
83175,
83400,
83625,
83850,
84074,
84299,
84524,
84776,
86546,
86883,
89411,
89748,
92951,
93414,
95310,
95732,
99917,
129102,
137108,
137782,
146097,
148681,
148906,
149130,
149467,
149917,
150254,
150591,
151490,
151827,
152276,
153512,
154861,
155310,
155984,
159243,
159580,
161602,
163400,
165310,
166434,
167951,
170479,
180254,
181939,
182614,
183962,
184636,
185647,
186996,
188007,
188681,
189355,

4 Column Long Note Times:
11715,
17108,
22501,
27220,
35310,
39355,
40703,
44116,
46771,
47445,
63625,
68232,
72389,
74748,
76855,
78456,
79805,
81490,
85198,
87557,
88400,
90142,
91041,
92052,
94130,
94805,
96097,
96546,
96883,
97838,
98512,
99243,
106097,
108793,
119580,
122276,
135760,
136434,
138456,
141153,
143850,
146546,
150928,
152614,
153962,
156321,
156996,
157670,
158344,
160029,
161041,
162052,
164074,
165760,
167445,
168456,
170703,
174524,
176209,
180928,

4 Column Release Times:
13737,
19130,
23850,
27389,
35479,
39524,
40872,
45760,
47276,
47951,
64299,
70366,
73737,
76434,
77782,
78793,
80142,
81827,
85872,
87782,
89243,
90366,
91265,
92501,
94467,
95142,
96209,
96658,
97333,
98175,
98681,
99355,
108119,
110142,
121602,
123625,
136265,
136939,
140479,
143175,
145872,
147557,
151265,
153288,
154636,
156658,
157333,
158007,
158681,
160703,
161378,
162726,
164748,
166097,
167782,
170142,
173512,
174861,
178906,
181097,

