Artist : hololive
Song Name : hololive song pack
Difficulty : 1.2332
BPM : 190
Background Image : charts\hololive-hololive song pack\Aqua Cat - Minato Aqua.png
Audio : charts\hololive-hololive song pack\Aqua Cat - Minato Aqua.ogg

1 Column Hit Times:
5110,
5532,
6166,
6694,
7011,
7856,
8490,
10919,
11236,
12081,
12504,
12715,
13032,
14089,
15250,
17680,
17997,
18842,
19265,
19476,
19793,
20849,
23596,
24546,
25074,
27398,
27927,
28138,
28560,
30356,
31307,
31835,
34159,
34687,
34898,
35532,
37962,
38279,
39124,
39546,
39758,
40074,
41131,
42293,
44722,
45039,
45884,
46307,
46518,
46835,
47891,
50638,
51589,
52117,
54441,
54969,
55180,
55603,
57398,
58349,
58877,
61201,
61729,
61941,
62574,
65004,
65321,
66166,
66589,
66800,
67117,
68173,
69335,
71765,
72081,
72927,
73349,
73560,
73877,
74934,
77680,
78631,
79159,
81483,
82011,
82222,
82645,
84441,
85391,
85919,
88243,
88772,
88983,
89617,
92046,
92363,
93208,
93631,
93842,
94159,
95215,
96377,
98807,
99124,
99969,
100391,
100603,
100919,
101976,
104722,
105673,
106201,
108525,
109053,
109265,
109687,
111483,
112434,
112962,
115286,
115814,
116025,

1 Column Long Note Times:

1 Column Release Times:

2 Column Hit Times:
5215,
5849,
6060,
6272,
6589,
7434,
7962,
8384,
8701,
9229,
9546,
9758,
10603,
11025,
11553,
11765,
12293,
12821,
13349,
13772,
14511,
14828,
15462,
15990,
16307,
16518,
17363,
17786,
18314,
18525,
19053,
19581,
20110,
20532,
21272,
21589,
21800,
22011,
22434,
22856,
23173,
23701,
23912,
24335,
24863,
25180,
25391,
25814,
26236,
26342,
26659,
27081,
27293,
27504,
27821,
28349,
28772,
29194,
29617,
29934,
30462,
30673,
31096,
31624,
31941,
32152,
32574,
32997,
33103,
33419,
33842,
34053,
34265,
34581,
35110,
35743,
36272,
36589,
36800,
37645,
38067,
38596,
38807,
39335,
39863,
40391,
40814,
41553,
41870,
42504,
43032,
43349,
43560,
44405,
44828,
45356,
45567,
46096,
46624,
47152,
47574,
48314,
48631,
48842,
49053,
49476,
49898,
50215,
50743,
50955,
51377,
51905,
52222,
52434,
52856,
53279,
53384,
53701,
54124,
54335,
54546,
54863,
55391,
55814,
56236,
56659,
56976,
57504,
57715,
58138,
58666,
58983,
59194,
59617,
60039,
60145,
60462,
60884,
61096,
61307,
61624,
62152,
62786,
63314,
63631,
63842,
64687,
65110,
65638,
65849,
66377,
66905,
67434,
67856,
68596,
68912,
69546,
70074,
70391,
70603,
71448,
71870,
72398,
72610,
73138,
73666,
74194,
74617,
75356,
75673,
75884,
76096,
76518,
76941,
77258,
77786,
77997,
78419,
78948,
79265,
79476,
79898,
80321,
80427,
80743,
81166,
81377,
81589,
81905,
82434,
82856,
83279,
83701,
84018,
84546,
84758,
85180,
85708,
86025,
86236,
86659,
87081,
87187,
87504,
87927,
88138,
88349,
88666,
89194,
89828,
90356,
90673,
90884,
91729,
92152,
92680,
92891,
93419,
93948,
94476,
94898,
95638,
95955,
96589,
97117,
97434,
97645,
98490,
98912,
99441,
99652,
100180,
100708,
101236,
101659,
102398,
102715,
102927,
103138,
103560,
103983,
104300,
104828,
105039,
105462,
105990,
106307,
106518,
106941,
107363,
107469,
107786,
108208,
108419,
108631,
108948,
109476,
109898,
110321,
110743,
111060,
111589,
111800,
112222,
112750,
113067,
113279,
113701,
114124,
114229,
114546,
114969,
115180,
115391,
115708,
116236,

2 Column Long Note Times:

2 Column Release Times:

3 Column Hit Times:
6483,
7117,
7750,
8067,
8279,
8912,
9441,
9969,
10497,
10708,
11342,
11659,
12610,
13243,
13455,
13877,
14194,
14405,
14617,
15039,
15673,
16201,
16729,
17258,
17469,
18103,
18419,
19370,
20004,
20215,
20638,
20955,
21166,
21377,
22328,
22750,
22962,
23279,
23490,
24229,
24758,
25708,
26131,
26448,
26870,
27715,
29089,
29511,
29722,
30039,
30250,
30990,
31518,
32469,
32891,
33208,
33631,
34476,
35321,
35955,
36483,
37011,
37539,
37750,
38384,
38701,
39652,
40286,
40497,
40919,
41236,
41448,
41659,
42081,
42715,
43243,
43772,
44300,
44511,
45145,
45462,
46412,
47046,
47258,
47680,
47997,
48208,
48419,
49370,
49793,
50004,
50321,
50532,
51272,
51800,
52750,
53173,
53490,
53912,
54758,
56131,
56553,
56765,
57081,
57293,
58032,
58560,
59511,
59934,
60250,
60673,
61518,
62363,
62997,
63525,
64053,
64581,
64793,
65427,
65743,
66694,
67328,
67539,
67962,
68279,
68490,
68701,
69124,
69758,
70286,
70814,
71342,
71553,
72187,
72504,
73455,
74089,
74300,
74722,
75039,
75250,
75462,
76412,
76835,
77046,
77363,
77574,
78314,
78842,
79793,
80215,
80532,
80955,
81800,
83173,
83596,
83807,
84124,
84335,
85074,
85603,
86553,
86976,
87293,
87715,
88560,
89405,
90039,
90567,
91096,
91624,
91835,
92469,
92786,
93736,
94370,
94581,
95004,
95321,
95532,
95743,
96166,
96800,
97328,
97856,
98384,
98596,
99229,
99546,
100497,
101131,
101342,
101765,
102081,
102293,
102504,
103455,
103877,
104089,
104405,
104617,
105356,
105884,
106835,
107258,
107574,
107997,
108842,
110215,
110638,
110849,
111166,
111377,
112117,
112645,
113596,
114018,
114335,
114758,
115603,
116448,

3 Column Long Note Times:

3 Column Release Times:

4 Column Hit Times:
5321,
5743,
5955,
6377,
6800,
7222,
7645,
8173,
9018,
9335,
10180,
10391,
10814,
11131,
11448,
11870,
12398,
12927,
13138,
13560,
13983,
14300,
15779,
16096,
16941,
17152,
17574,
17891,
18208,
18631,
19159,
19687,
19898,
20321,
20743,
21060,
22222,
22645,
23067,
23384,
24124,
24441,
24652,
24969,
25286,
25603,
26025,
26553,
26765,
26976,
27610,
28032,
28243,
28983,
29405,
29828,
30145,
30884,
31201,
31412,
31729,
32046,
32363,
32786,
33314,
33525,
33736,
34370,
34793,
35004,
36060,
36377,
37222,
37434,
37856,
38173,
38490,
38912,
39441,
39969,
40180,
40603,
41025,
41342,
42821,
43138,
43983,
44194,
44617,
44934,
45250,
45673,
46201,
46729,
46941,
47363,
47786,
48103,
49265,
49687,
50110,
50427,
51166,
51483,
51694,
52011,
52328,
52645,
53067,
53596,
53807,
54018,
54652,
55074,
55286,
56025,
56448,
56870,
57187,
57927,
58243,
58455,
58772,
59089,
59405,
59828,
60356,
60567,
60779,
61412,
61835,
62046,
63103,
63419,
64265,
64476,
64898,
65215,
65532,
65955,
66483,
67011,
67222,
67645,
68067,
68384,
69863,
70180,
71025,
71236,
71659,
71976,
72293,
72715,
73243,
73772,
73983,
74405,
74828,
75145,
76307,
76729,
77152,
77469,
78208,
78525,
78736,
79053,
79370,
79687,
80110,
80638,
80849,
81060,
81694,
82117,
82328,
83067,
83490,
83912,
84229,
84969,
85286,
85497,
85814,
86131,
86448,
86870,
87398,
87610,
87821,
88455,
88877,
89089,
90145,
90462,
91307,
91518,
91941,
92258,
92574,
92997,
93525,
94053,
94265,
94687,
95110,
95427,
96905,
97222,
98067,
98279,
98701,
99018,
99335,
99758,
100286,
100814,
101025,
101448,
101870,
102187,
103349,
103772,
104194,
104511,
105250,
105567,
105779,
106096,
106412,
106729,
107152,
107680,
107891,
108103,
108736,
109159,
109370,
110110,
110532,
110955,
111272,
112011,
112328,
112539,
112856,
113173,
113490,
113912,
114441,
114652,
114863,
115497,
115919,
116131,

4 Column Long Note Times:

4 Column Release Times:

