Artist : hololive
Song Name : hololive song pack
Difficulty : 0
BPM : 190
Background Image : charts\hololive-hololive song pack\Bitter Choco Decoration - Shirakami Fubuki.png
Audio : charts\hololive-hololive song pack\Bitter Choco Decoration - Shirakami Fubuki.ogg

1 Column Hit Times:
2109,
2799,
2971,
3488,
4178,
4350,
4868,
6937,
7109,
7626,
8316,
8488,
9006,
9695,
9868,
10385,
10902,
11075,
11247,
11506,
12281,
12454,
12626,
12799,
12971,
13143,
13833,
14006,
14868,
15040,
15212,
15385,
15557,
15730,
15902,
16592,
16764,
17454,
17626,
17971,
18143,
18316,
18488,
18661,
19350,
19523,
20385,
20557,
20730,
20902,
21075,
21247,
21419,
21764,
21937,
22109,
22281,
22454,
22626,
22799,
22971,
23488,
23661,
24178,
24523,
24695,
24868,
25040,
25557,
25902,
26247,
26419,
26592,
27281,
27626,
27799,
27971,
29006,
29178,
29695,
30040,
30385,
30557,
30730,
31419,
31764,
31937,
32109,
32281,
32626,
37454,
37626,
38143,
38488,
39006,
39350,
40730,
42281,
42454,
42799,
42971,
43316,
43661,
44178,
44350,
44523,
45730,
45902,
46419,
46764,
46937,
47281,
47454,
47626,
48661,
49523,
49695,
49868,
51247,
51419,
51937,
52281,
52454,
52799,
53316,
53488,
54178,
55126,
55471,
55902,
55988,
56764,
57109,
57799,
58143,
58833,
59523,
59868,
60557,
60902,
61247,
62281,
62971,
63316,
63661,
64006,
65040,
65212,
65385,
66419,
66592,
66764,
67799,
67971,
68143,
68316,
70212,
70385,
70557,
70730,
70902,
71075,
71764,
71937,
72799,
72971,
73143,
73316,
73488,
73661,
73833,
74523,
74695,
75385,
75557,
75902,
76075,
76247,
76419,
76592,
77281,
77454,
78316,
81247,
81419,
81592,
82626,
82799,
82971,
83833,
84178,
84350,
84523,
85212,
85557,
85730,
85902,
86937,
87109,
87626,
87971,
88316,
88488,
88661,
89350,
89695,
89868,
90040,
90212,
91592,
92109,
92281,
92454,
92799,
92971,
93143,
93661,
93833,
94006,
94350,
94695,
94868,
95040,
95212,
95385,
95902,
96075,
96247,
96592,
96764,
97626,
97885,
98316,
98488,
98919,
99350,
99523,
100040,
100385,
100730,
100902,
101592,
101764,
101937,
102109,
102281,
102454,
103661,
103833,
104350,
104695,
104868,
105212,
105385,
105557,
106592,
107454,
107626,
107799,
109178,
109350,
109868,
110212,
110385,
110730,
111247,
111419,
112109,
113057,
113402,
113833,
113919,
114695,
115040,
115730,
116075,
116764,
117454,
117799,
118488,
118833,
119178,
120212,
120902,
121247,
121592,
121937,
122971,
123143,
123316,
124350,
124523,
124695,
125730,
125902,
126075,
126247,
131764,
131879,
131994,
137281,
137396,
137511,
139006,
139523,
139695,
140040,
140557,
140902,
142454,
142799,
142971,
143833,
145212,
146592,
146937,
148833,
149006,
149264,
149609,
149868,
150040,
150385,
150730,
151075,
151419,
151592,
151764,
151937,
152109,
153316,
153488,
154006,
154350,
154523,
154868,
155040,
155212,
156247,
157109,
157281,
157454,
158833,
159006,
159523,
159868,
160040,
160385,
160902,
161075,
161764,
162626,
162799,
163057,
163747,
164350,
164523,
164868,
165040,
165385,
165557,
165902,
166075,
166247,
167281,
168143,
168316,
168488,
169609,
169868,
170040,
170385,
170557,
171075,
171419,
171592,
171937,
172109,
172281,
172799,
172971,
173143,
173316,
174695,
174781,
175040,
175212,
175385,
176075,
176247,
176419,
177109,
177281,
177454,
177971,
178143,
178833,
179006,
179178,
179695,
179868,
180212,
180730,
180902,
181592,
181937,
182281,
182626,
183661,
183833,
184006,
185040,
185212,
185385,
186419,
186592,
186764,
186937,
187971,
188143,
188316,
188833,
189178,
189695,
189868,
190212,
190557,
190730,
190902,
191592,
191764,
192195,
192368,
192454,
194006,
194350,
194695,
194868,

1 Column Long Note Times:
1075,
6075,
6333,
6506,
11678,
11850,
12023,
13316,
16075,
18833,
23143,
28488,
28661,
32971,
33143,
33488,
33833,
34178,
34868,
35730,
36419,
37109,
37799,
40040,
41419,
42109,
45212,
47799,
48143,
49006,
50040,
50212,
50385,
50557,
50730,
52971,
53661,
54523,
56247,
57281,
58316,
59006,
60040,
61506,
61764,
62454,
64350,
65730,
67109,
68833,
69178,
69350,
69695,
71247,
74006,
76764,
78488,
78661,
78833,
79006,
79178,
79350,
79695,
79868,
80040,
80212,
80385,
80557,
80730,
86419,
86592,
90557,
91850,
97109,
97281,
103143,
105730,
106075,
106937,
107971,
108143,
108316,
108488,
108661,
110902,
111592,
112454,
114178,
115212,
116247,
116937,
117971,
119437,
119695,
120385,
122281,
123661,
125040,
126764,
127109,
127281,
127971,
129006,
129350,
130040,
130730,
132109,
132799,
133029,
133258,
133488,
134523,
134868,
135557,
136247,
137626,
138316,
138661,
141247,
141937,
144006,
144178,
144350,
145557,
147885,
148402,
152799,
155385,
155730,
156592,
157626,
157799,
157971,
158143,
158316,
160557,
161247,
162109,
163575,
163833,
166419,
166764,
167626,
168661,
168833,
169006,
169178,
169350,
170730,
172454,
172626,
174178,
175557,
176592,
177626,
178316,
179350,
180385,
181075,
182971,
184350,
185730,
187454,
187799,

1 Column Release Times:
1419,
6247,
6419,
6592,
11764,
11937,
12109,
13661,
16419,
19178,
23316,
28575,
28833,
33057,
33230,
33575,
33919,
34523,
35212,
36075,
36764,
37195,
37885,
40385,
41764,
42195,
45557,
47971,
48316,
49178,
50126,
50299,
50471,
50643,
51075,
53143,
53833,
54695,
56419,
57454,
58488,
59178,
60212,
61592,
61937,
62626,
64695,
66075,
67454,
68919,
69264,
69437,
69781,
71592,
74350,
77109,
78575,
78747,
78919,
79092,
79264,
79437,
79781,
79954,
80126,
80299,
80471,
80643,
80902,
86506,
86764,
91419,
91937,
97195,
97454,
103488,
105902,
106247,
107109,
108057,
108230,
108402,
108575,
109006,
111075,
111764,
112626,
114350,
115385,
116419,
117109,
118143,
119523,
119868,
120557,
122626,
124006,
125385,
126850,
127195,
127368,
128891,
129235,
129925,
130615,
131649,
132684,
132914,
133143,
133373,
134408,
134753,
135442,
136132,
137166,
138201,
138546,
138891,
141419,
142109,
144092,
144264,
144437,
145643,
147971,
148488,
153143,
155557,
155902,
156764,
157712,
157885,
158057,
158230,
158661,
160730,
161419,
162281,
163661,
164178,
166592,
166937,
167799,
168747,
168919,
169092,
169264,
169523,
170902,
172540,
172712,
174264,
175730,
176764,
177799,
178488,
179523,
180557,
181247,
183316,
184695,
186075,
187540,
187885,

2 Column Hit Times:
9350,
10557,
10730,
11247,
11506,
13143,
14006,
14868,
15902,
16764,
17454,
17626,
18661,
19523,
20385,
21419,
21764,
22799,
22971,
24006,
24178,
25385,
25557,
26592,
26764,
27971,
28143,
29178,
29523,
29695,
30730,
30902,
32109,
32281,
32626,
34178,
34868,
35730,
36419,
36764,
38661,
39523,
39695,
40040,
42109,
42799,
43661,
44178,
44350,
45212,
45385,
45902,
46075,
46419,
46764,
46937,
47109,
47281,
47626,
47971,
48316,
48661,
48833,
50040,
50902,
51419,
51592,
51937,
52281,
52454,
52626,
52799,
53143,
53488,
53833,
54178,
54350,
55126,
55471,
55902,
55988,
56419,
56764,
57109,
57454,
58143,
58488,
59178,
59523,
59868,
60212,
60902,
61937,
62281,
62626,
62971,
63661,
64868,
65557,
66247,
66937,
67626,
67971,
68143,
68488,
69523,
71075,
71937,
72799,
73833,
74695,
75385,
75557,
76592,
77454,
78316,
80902,
82109,
83488,
83833,
84523,
84695,
85902,
86075,
87109,
87454,
87626,
88661,
88833,
90040,
90212,
90557,
90902,
91419,
91678,
92109,
92454,
92712,
93057,
93402,
93747,
94178,
94523,
94781,
95126,
95557,
95816,
96075,
96419,
96592,
96764,
96937,
97626,
97799,
98316,
98575,
99006,
99264,
99695,
99868,
100385,
100730,
100902,
101247,
101592,
101764,
102023,
102281,
102454,
103143,
103316,
103833,
104006,
104350,
104695,
104868,
105040,
105212,
105557,
105902,
106247,
106592,
106764,
107971,
108833,
109350,
109523,
109868,
110212,
110385,
110557,
110730,
111075,
111419,
111764,
112109,
112281,
113057,
113402,
113833,
113919,
114350,
114695,
115040,
115385,
116075,
116419,
117109,
117454,
117799,
118143,
118833,
119868,
120212,
120557,
120902,
121592,
122799,
123488,
124178,
124868,
125557,
125902,
126075,
126419,
131764,
131879,
131994,
137281,
137396,
137511,
139350,
139868,
140212,
140730,
141075,
141419,
141764,
142454,
143143,
143661,
144523,
146075,
147368,
147540,
147971,
148143,
148747,
148919,
149178,
149350,
149523,
149695,
149954,
152109,
152799,
152971,
153488,
153661,
154006,
154350,
154523,
154695,
154868,
155212,
155557,
155902,
156247,
156419,
157626,
158316,
158488,
159006,
159178,
159523,
159868,
160040,
160212,
160385,
160730,
161075,
161419,
161764,
161937,
162712,
162971,
163143,
163747,
164006,
164523,
164695,
165040,
165212,
165385,
165557,
165730,
165902,
166247,
166592,
166937,
167281,
167454,
168661,
169350,
169523,
170040,
170212,
170385,
170557,
170730,
170902,
171075,
171247,
171419,
171592,
171764,
171937,
172454,
172799,
172971,
173143,
173316,
174695,
174781,
175040,
175385,
175730,
175902,
176075,
176764,
176937,
177109,
177799,
178143,
178488,
178661,
178833,
179523,
179695,
179954,
180126,
180385,
180557,
180902,
181247,
181419,
181592,
182109,
182281,
182799,
183488,
184178,
184868,
185557,
186247,
186592,
186764,
187109,
188143,
188316,
189006,
189178,
189350,
189523,
189695,
190385,
190730,
190902,
191075,
191764,
191937,
192195,
192368,
194868,

2 Column Long Note Times:
6592,
7281,
7971,
13316,
16075,
18833,
22454,
23143,
24350,
25730,
27109,
28402,
29868,
31247,
32971,
33143,
33488,
33919,
37281,
38143,
40730,
41419,
42368,
45557,
49178,
49868,
50212,
50385,
50557,
51075,
54695,
57626,
58661,
60385,
61075,
61506,
63143,
63833,
64350,
65730,
67109,
69695,
71247,
74006,
76764,
79350,
79695,
80385,
85040,
86333,
87799,
89178,
91850,
103488,
107109,
107799,
108143,
108316,
108488,
109006,
112626,
115557,
116592,
118316,
119006,
119437,
121075,
121764,
122281,
123661,
125040,
127971,
129006,
129350,
130040,
130730,
132109,
132799,
133029,
133258,
133488,
134523,
134868,
135557,
136247,
137626,
138316,
145385,
145730,
146592,
146937,
147799,
148316,
153143,
156764,
157454,
157799,
157971,
158143,
158661,
162281,
163575,
164178,
167799,
168488,
168833,
169006,
169178,
169695,
172109,
172281,
174006,
176247,
177281,
179006,
181764,
182454,
182971,
184350,
185730,
188488,
189868,
191247,

2 Column Release Times:
6937,
7626,
8316,
13661,
16419,
19178,
22626,
23316,
24695,
26075,
27454,
28488,
30212,
31592,
33057,
33230,
33575,
34006,
37368,
38316,
41075,
41764,
42454,
45730,
49523,
49954,
50299,
50471,
50643,
51247,
55040,
57799,
58833,
60557,
61247,
61592,
63316,
64006,
64695,
66075,
67454,
69781,
71592,
74350,
77109,
79437,
79781,
80557,
85385,
86419,
88143,
89523,
91937,
103661,
107454,
107885,
108230,
108402,
108575,
109178,
112971,
115730,
116764,
118488,
119178,
119523,
121247,
121937,
122626,
124006,
125385,
128891,
129235,
129925,
130615,
131649,
132684,
132914,
133143,
133373,
134408,
134753,
135442,
136132,
137166,
138201,
138546,
145471,
145816,
146764,
147109,
147885,
148402,
153316,
157109,
157540,
157885,
158057,
158230,
158833,
162626,
163661,
164350,
168143,
168575,
168919,
169092,
169264,
169868,
172195,
172368,
174092,
176419,
177454,
179178,
181937,
182626,
183316,
184695,
186075,
188833,
190212,
191592,

3 Column Hit Times:
9350,
10557,
10730,
11333,
11592,
12109,
12626,
13488,
14523,
15385,
16247,
17281,
17885,
18143,
19006,
20040,
20902,
22885,
23057,
23316,
23488,
23661,
23833,
24006,
24868,
25040,
25212,
25385,
26247,
26419,
26764,
26937,
27626,
27799,
28143,
28316,
28661,
28919,
29350,
29523,
30385,
30557,
30902,
31075,
31764,
31937,
32454,
32799,
33316,
33661,
33833,
34523,
35212,
35385,
36075,
37799,
37971,
38833,
40385,
42454,
42799,
42971,
43316,
43661,
44006,
44523,
45471,
46075,
46247,
47109,
47799,
47971,
48143,
48316,
49006,
49178,
49954,
50730,
50988,
51592,
51764,
52626,
52971,
53143,
53661,
53833,
54523,
54695,
55040,
55385,
56075,
56161,
56419,
57109,
57454,
57799,
58488,
58833,
59178,
59523,
60212,
60557,
60902,
61247,
61937,
62626,
62971,
63316,
63661,
64006,
64695,
65212,
65385,
66075,
66592,
66764,
67454,
67971,
68316,
68488,
69609,
70040,
70557,
71419,
72454,
73316,
74178,
75212,
75816,
76075,
76937,
77971,
80988,
81937,
83316,
84178,
84350,
84695,
84868,
85557,
85730,
86075,
86247,
86592,
86850,
87281,
87454,
88316,
88488,
88833,
89006,
89695,
89868,
90385,
90988,
91333,
92368,
92626,
93143,
93316,
93488,
93661,
93833,
94006,
94178,
94523,
94695,
94868,
95212,
95385,
95557,
95730,
95902,
96161,
96506,
96850,
97971,
98230,
98661,
98833,
99350,
99609,
100040,
100212,
100730,
101247,
101678,
101937,
102109,
102368,
103402,
104006,
104178,
105040,
105730,
105902,
106075,
106247,
106937,
107109,
107885,
108661,
108919,
109523,
109695,
110557,
110902,
111075,
111592,
111764,
112454,
112626,
112971,
113316,
114006,
114092,
114350,
115040,
115385,
115730,
116419,
116764,
117109,
117454,
118143,
118488,
118833,
119178,
119868,
120557,
120902,
121247,
121592,
121937,
122626,
123143,
123316,
124006,
124523,
124695,
125385,
125902,
126247,
126419,
128661,
131419,
132454,
133143,
133488,
133833,
134178,
134523,
134868,
135557,
136592,
136937,
137971,
138661,
139006,
139523,
140040,
140212,
142109,
142799,
143488,
146247,
146419,
147281,
147454,
148057,
148230,
148661,
148833,
149006,
149264,
149609,
149868,
150040,
150385,
150730,
151075,
151419,
151592,
151764,
151937,
152109,
153057,
153661,
153833,
154695,
155385,
155557,
155730,
155902,
156592,
156764,
157540,
158575,
159178,
159350,
160212,
160557,
160730,
161247,
161419,
162109,
162281,
162626,
162799,
163057,
163833,
164092,
164695,
164868,
165730,
165902,
166419,
166592,
166764,
166937,
167626,
167799,
168143,
168575,
169609,
170212,
171075,
171247,
171592,
171764,
171937,
172109,
172885,
173057,
173230,
174523,
174609,
174868,
175040,
175557,
175730,
176419,
176592,
176764,
177454,
177799,
178143,
178488,
178833,
179178,
179350,
179523,
179781,
180040,
180299,
180557,
181247,
181592,
181937,
182281,
182454,
182626,
183316,
183833,
184006,
184695,
185212,
185385,
186075,
186592,
186937,
187109,
188143,
188316,
189006,
189350,
189523,
189695,
190385,
190557,
190730,
190902,
191075,
191764,
191937,
192109,
192281,
192454,

3 Column Long Note Times:
6592,
7281,
7971,
14695,
20212,
21592,
22281,
24350,
25730,
27109,
29868,
31247,
37454,
41075,
41764,
42195,
45730,
46419,
47454,
48488,
49695,
50471,
51247,
51937,
53316,
54006,
55212,
55557,
55730,
56592,
57971,
59695,
61419,
61592,
62109,
64178,
68833,
69178,
69350,
72626,
78143,
78833,
79523,
80212,
80557,
82281,
83661,
85040,
87799,
89178,
91764,
91937,
97109,
97281,
103661,
104350,
105385,
106419,
107626,
108402,
109178,
109868,
111247,
111937,
113143,
113488,
113661,
114523,
115902,
117626,
119350,
119523,
120040,
122109,
126764,
127109,
127281,
141592,
142281,
145212,
147626,
148488,
153316,
154006,
155040,
156075,
157281,
158057,
158230,
158833,
159523,
160902,
161592,
163316,
163488,
163661,
164350,
165040,
166075,
167109,
168316,
169092,
169350,
169868,
170385,
170730,
172454,
172626,
173833,
175212,
175902,
176937,
180730,
182799,
187454,
187799,
188488,
189868,
191247,

3 Column Release Times:
6937,
7626,
8316,
15040,
20557,
21937,
22454,
24695,
26075,
27454,
30212,
31592,
37540,
41419,
42109,
42281,
45902,
46764,
47626,
48661,
49781,
50557,
51419,
52281,
53488,
54178,
55299,
55643,
55902,
56764,
58143,
59868,
61506,
61678,
62281,
64350,
68919,
69264,
69437,
72971,
78488,
78919,
79868,
80385,
80730,
82626,
84006,
85385,
88143,
89523,
91850,
92023,
97195,
97454,
103833,
104695,
105557,
106592,
107712,
108488,
109350,
110212,
111419,
112109,
113230,
113575,
113833,
114695,
116075,
117799,
119437,
119609,
120212,
122281,
126850,
127195,
127368,
141764,
142454,
145299,
147712,
148575,
153488,
154350,
155212,
156247,
157368,
158143,
158316,
159006,
159868,
161075,
161764,
163402,
163575,
163747,
164523,
165385,
166247,
167281,
168402,
169178,
169523,
170040,
170557,
170902,
172540,
172712,
173919,
175385,
176075,
177109,
180902,
182971,
187540,
187885,
188833,
190212,
191592,

4 Column Hit Times:
1419,
1592,
5557,
5730,
6937,
7109,
7626,
8316,
8488,
9006,
9695,
9868,
10385,
10902,
11075,
11333,
11592,
12109,
12454,
12626,
13488,
13661,
13833,
14006,
14178,
14350,
14523,
15212,
15385,
16247,
16419,
16592,
16764,
16937,
17109,
17281,
17799,
17971,
18143,
19006,
19178,
19350,
19523,
19695,
19868,
20040,
20730,
20902,
22626,
22885,
23057,
23661,
23833,
24523,
25040,
25212,
25902,
26075,
26419,
26937,
27281,
27454,
27799,
28833,
29006,
29178,
29350,
30040,
30212,
30557,
31075,
31419,
31592,
31937,
32454,
32799,
33316,
35212,
37109,
37281,
38488,
38661,
38833,
39006,
39350,
41075,
42454,
42971,
43316,
44006,
44178,
44523,
45040,
45212,
45557,
45902,
46247,
47971,
48316,
48488,
48661,
48833,
49350,
50040,
50730,
51075,
51419,
51764,
53488,
53833,
54006,
54178,
54350,
55212,
55557,
56075,
56161,
56419,
56764,
57454,
57799,
58143,
58488,
58833,
59178,
59868,
60212,
60557,
61247,
61937,
62281,
62626,
63316,
64006,
64350,
64695,
64868,
65040,
65557,
65730,
66075,
66247,
66419,
66937,
67109,
67454,
67626,
67799,
68143,
68316,
68488,
70040,
70385,
70557,
71419,
71592,
71764,
71937,
72109,
72281,
72454,
73143,
73316,
74178,
74350,
74523,
74695,
74868,
75040,
75212,
75730,
75902,
76075,
76937,
77109,
77281,
77454,
77626,
77799,
77971,
81764,
83143,
83833,
84006,
84350,
84868,
85212,
85385,
85730,
86764,
86937,
87109,
87281,
87971,
88143,
88488,
89006,
89350,
89523,
89868,
90385,
90557,
91075,
91247,
92454,
92626,
92799,
93143,
93316,
93488,
93833,
94092,
94350,
94523,
95040,
95212,
95471,
95902,
96247,
96419,
96592,
96937,
97971,
98143,
98661,
99006,
99178,
99437,
99695,
100385,
100902,
101247,
101592,
101764,
101937,
102109,
102281,
102454,
102971,
103143,
103488,
103833,
104178,
105902,
106247,
106419,
106592,
106764,
107281,
107971,
108661,
109006,
109350,
109695,
111419,
111764,
111937,
112109,
112281,
113143,
113488,
114006,
114092,
114350,
114695,
115385,
115730,
116075,
116419,
116764,
117109,
117799,
118143,
118488,
119178,
119868,
120212,
120557,
121247,
121937,
122281,
122626,
122799,
122971,
123488,
123661,
124006,
124178,
124350,
124868,
125040,
125385,
125557,
125730,
126075,
126247,
126419,
127971,
128316,
129006,
129350,
129695,
130040,
130385,
130730,
131075,
131764,
132109,
132799,
135212,
135902,
136247,
137281,
137626,
138316,
139350,
139695,
140557,
141419,
141764,
142109,
143143,
143316,
143833,
144523,
145557,
145730,
146075,
146247,
146419,
146764,
148919,
149178,
149350,
149523,
149695,
149954,
152109,
152626,
152799,
153143,
153488,
153833,
155557,
155902,
156075,
156247,
156419,
156937,
157626,
158316,
158661,
159006,
159350,
161075,
161419,
161592,
161764,
161937,
162712,
162971,
163143,
163833,
164178,
164523,
164868,
166592,
166937,
167109,
167281,
167454,
167626,
167971,
168488,
168661,
169264,
169350,
169523,
169695,
170557,
170730,
170902,
171419,
171764,
172454,
172626,
172885,
173057,
173230,
174523,
174609,
175385,
175730,
176075,
176419,
176764,
177109,
177454,
177626,
177799,
178316,
178488,
179178,
179523,
179868,
180040,
180212,
180557,
180902,
181075,
181247,
181764,
181937,
182626,
182971,
183316,
183488,
183661,
184178,
184350,
184695,
184868,
185040,
185557,
185730,
186075,
186247,
186419,
186764,
186937,
187109,
187971,
188488,
188833,
189178,
189350,
189523,
190212,
190557,
191075,
191247,
191592,
191937,
192109,
192281,
192454,
194006,
194350,
194695,
194868,

4 Column Long Note Times:
1764,
2454,
6247,
6419,
11764,
11937,
14695,
20212,
21592,
22109,
28316,
33661,
34006,
34523,
35385,
36075,
36764,
37626,
37971,
40385,
41764,
42281,
46764,
47626,
49178,
49523,
50471,
52281,
53143,
54695,
55040,
55385,
55730,
56937,
59350,
60730,
61419,
61592,
62799,
63488,
68833,
69178,
69350,
69695,
72626,
78143,
78661,
78833,
79523,
80040,
80730,
81075,
86247,
91764,
91937,
97109,
97281,
104695,
105557,
107109,
107454,
108402,
110212,
111075,
112626,
112971,
113316,
113661,
114868,
117281,
118661,
119350,
119523,
120730,
121419,
126764,
127109,
127281,
138661,
142626,
144264,
144695,
144868,
145040,
147712,
148575,
154350,
155212,
156764,
157109,
158057,
159868,
160730,
162281,
163316,
163488,
163661,
165385,
166247,
167799,
168143,
169092,
170040,
172109,
172281,
173316,
173661,
174868,
177971,
178661,
181419,
182109,
187454,
187799,

4 Column Release Times:
2109,
2799,
6333,
6506,
11850,
12023,
15040,
20557,
21937,
22281,
28402,
33833,
34092,
34868,
35730,
36419,
36850,
37712,
38057,
40730,
42109,
42368,
47281,
47799,
49264,
49609,
50557,
52799,
53316,
54781,
55126,
55471,
55902,
57109,
59523,
60902,
61506,
61678,
62971,
63661,
68919,
69264,
69437,
69781,
72971,
78488,
78747,
78919,
79868,
80212,
80902,
81247,
86333,
91850,
92023,
97195,
97454,
105212,
105730,
107195,
107540,
108488,
110730,
111247,
112712,
113057,
113402,
113833,
115040,
117454,
118833,
119437,
119609,
120902,
121592,
126850,
127195,
127368,
139006,
142799,
144350,
144781,
144954,
145126,
147799,
148661,
154868,
155385,
156850,
157195,
158143,
160385,
160902,
162368,
163402,
163575,
163747,
165902,
166419,
167885,
168230,
169178,
170212,
172195,
172368,
173402,
173747,
175040,
178143,
178833,
181592,
182281,
187540,
187885,

