Artist : hololive
Song Name : hololive song pack
Difficulty : 0
BPM : 190
Background Image : charts\hololive-hololive song pack\Bitter Choco Decoration - Shirakami Fubuki.png
Audio : charts\hololive-hololive song pack\Bitter Choco Decoration - Shirakami Fubuki.ogg

1 Column Hit Times:
2109,
2799,
2971,
3488,
4178,
4350,
4868,
6333,
6506,
6937,
7109,
7626,
8316,
8488,
9006,
9695,
9868,
10385,
11247,
11506,
11678,
12281,
12454,
12626,
12799,
12971,
13143,
14178,
15040,
15212,
15385,
15557,
15730,
15902,
16937,
17454,
17626,
17971,
18143,
18316,
18488,
18661,
19695,
20557,
20730,
20902,
21075,
21247,
21419,
21937,
22109,
22281,
22454,
22626,
22799,
22971,
23143,
24178,
24695,
25557,
26592,
27971,
28488,
28661,
29006,
29695,
30730,
32109,
32281,
32626,
33833,
38488,
38661,
38833,
39006,
39350,
39523,
39695,
41937,
42454,
42799,
42971,
43316,
43661,
44178,
44523,
45730,
45902,
46764,
47109,
48661,
50040,
50212,
50385,
50557,
51247,
51419,
52281,
52626,
54178,
55988,
56764,
57109,
57799,
59868,
60557,
61247,
61506,
62281,
63316,
63661,
64006,
65557,
66937,
67971,
68143,
69350,
69695,
70212,
70385,
70557,
70730,
70902,
71075,
72109,
72971,
73143,
73316,
73488,
73661,
73833,
74868,
75385,
75557,
75902,
76075,
76247,
76419,
76592,
77626,
78488,
78661,
78833,
79006,
79178,
79350,
79868,
80040,
80212,
80385,
80557,
80730,
82626,
84523,
85902,
86419,
86592,
86937,
87626,
88661,
90040,
90212,
90557,
90902,
91592,
92109,
92971,
93143,
93661,
94350,
94868,
95385,
95902,
97109,
97281,
97454,
98316,
98488,
99350,
99523,
100385,
100730,
100902,
101592,
101764,
102023,
102281,
102454,
103661,
103833,
104695,
105040,
106592,
107971,
108143,
108316,
108488,
109178,
109350,
110212,
110557,
112109,
113919,
114695,
115040,
115730,
117454,
117799,
118488,
118833,
119178,
120212,
120902,
121247,
121592,
121937,
123488,
124868,
125902,
126075,
126764,
127281,
139523,
139695,
140557,
140902,
142454,
142971,
143833,
144006,
144178,
144350,
145902,
146592,
146937,
148833,
150040,
150385,
150730,
151075,
151419,
151592,
151764,
151937,
152109,
153316,
153488,
154350,
154695,
156247,
157626,
157799,
158833,
159006,
159868,
160212,
161764,
164350,
164523,
165385,
165730,
167281,
168143,
168316,
168488,
168661,
168833,
169868,
170040,
170902,
171247,
172109,
172454,
172626,
172799,
173143,
173833,
175385,
176419,
176764,
177109,
177454,
178833,
179868,
180902,
181247,
181592,
182626,
183833,
184695,
184868,
185040,
185212,
185385,
185557,
186419,
186592,
186764,
186937,
187109,
187454,
187626,
188575,
188833,
189006,
189350,
189523,
189781,
190212,
190385,
190730,
190902,
191161,
191592,
191764,
191937,
192109,
192281,
192454,
194006,
194350,
194695,
194868,

1 Column Long Note Times:
1075,
6075,
13316,
16075,
18833,
34178,
34868,
35557,
36247,
37109,
37799,
40040,
41075,
45212,
46247,
47454,
48143,
49006,
50730,
51764,
52971,
53661,
54523,
56247,
57281,
58316,
59006,
60040,
61764,
62454,
64350,
65730,
67109,
71247,
74006,
76764,
103143,
104178,
105385,
106075,
106937,
108661,
109695,
110902,
111592,
112454,
114178,
115212,
116247,
116937,
117971,
119695,
120385,
122281,
123661,
125040,
127971,
129006,
129350,
130040,
130730,
131764,
132109,
132799,
133029,
133258,
133488,
134523,
134868,
135557,
136247,
137281,
137626,
138316,
138661,
139006,
140040,
141247,
141937,
148143,
148488,
152799,
153833,
155040,
155730,
156592,
158316,
159350,
160557,
161247,
162109,
163488,
163661,
163833,
164868,
166075,
166764,
167626,
169006,
169178,
169350,
170385,
171592,
174523,
174695,
174868,
175557,
177626,
179178,
179523,
180385,
181764,
182971,
185730,
187971,

1 Column Release Times:
1419,
6247,
13661,
16419,
19178,
34523,
35212,
35902,
36764,
37281,
37971,
40385,
41419,
45557,
46419,
47626,
48316,
49178,
51075,
51937,
53143,
53833,
54695,
56419,
57454,
58488,
59178,
60212,
61937,
62626,
64695,
66075,
67454,
71592,
74350,
77109,
103488,
104350,
105557,
106247,
107109,
109006,
109868,
111075,
111764,
112626,
114350,
115385,
116419,
117109,
118143,
119868,
120557,
122626,
124006,
125385,
128891,
129235,
129925,
130615,
131649,
131879,
132684,
132914,
133143,
133373,
134408,
134753,
135442,
136132,
137166,
137396,
138201,
138546,
138891,
139350,
140212,
141419,
142109,
148316,
148661,
153143,
154006,
155212,
155902,
156764,
158661,
159523,
160730,
161419,
162281,
163575,
163747,
164178,
165040,
166247,
166937,
167799,
169092,
169264,
169695,
170557,
171764,
174609,
174781,
175040,
175730,
177799,
179350,
179695,
180557,
181937,
183316,
186075,
188143,

2 Column Hit Times:
9350,
10557,
10730,
11850,
12023,
13143,
14350,
15902,
17109,
18661,
19868,
21419,
22799,
24006,
24178,
24868,
25040,
25385,
25557,
26592,
26764,
27971,
28143,
28402,
29178,
29523,
29695,
30730,
30902,
32109,
32281,
32626,
32971,
33143,
33488,
33661,
33919,
34868,
35730,
36419,
36764,
37626,
40212,
40557,
43661,
44178,
44523,
46075,
46419,
46937,
47281,
47971,
48316,
48661,
49868,
51592,
51937,
52454,
52799,
53488,
53833,
54178,
55212,
55557,
56419,
56764,
57454,
58143,
58488,
59178,
59523,
59868,
60902,
61937,
62281,
62971,
64695,
65385,
66075,
66764,
67454,
67971,
68143,
69523,
71075,
72281,
73833,
75040,
76592,
77799,
79350,
80730,
80988,
82109,
82799,
82971,
83488,
84523,
84695,
85902,
86075,
86333,
87109,
87454,
87626,
88661,
88833,
90040,
90212,
90557,
90988,
91419,
91678,
92281,
92454,
93057,
93402,
93747,
94178,
94523,
95126,
95557,
95816,
96075,
96419,
96592,
97195,
97626,
97799,
99695,
99868,
100385,
100730,
100902,
101247,
101592,
101764,
102023,
102281,
102454,
104006,
104350,
104868,
105212,
105902,
106247,
106592,
107799,
109523,
109868,
110385,
110730,
111419,
111764,
112109,
113143,
113488,
114695,
115040,
115385,
116075,
116419,
117109,
117799,
118143,
119350,
119523,
119868,
120212,
120557,
121592,
122626,
123316,
124006,
124695,
125385,
125902,
126075,
139868,
140212,
140730,
141075,
141764,
143143,
143661,
144523,
145212,
145557,
146075,
146592,
146937,
148661,
148919,
149178,
149695,
149954,
153661,
154006,
154523,
154868,
155557,
155902,
156247,
157454,
158057,
158230,
159178,
159523,
160040,
160385,
161075,
161419,
161764,
162799,
163143,
164695,
165040,
165557,
165902,
166592,
166937,
167281,
168488,
168661,
170212,
170557,
171075,
171419,
172109,
172281,
172885,
173230,
174178,
175040,
175730,
176075,
176764,
178143,
178833,
179781,
179954,
180299,
180557,
181247,
181937,
182626,
182971,
183316,
184006,
184695,
185557,
186247,
186592,
188143,
188488,
189178,
189350,
189695,
190557,
190730,
191075,
192109,
194781,

2 Column Long Note Times:
7281,
13316,
16075,
18833,
24350,
25730,
27109,
29868,
31247,
41419,
42109,
45557,
49178,
51075,
54695,
57626,
58661,
60385,
61075,
63143,
63833,
69178,
71247,
74006,
76764,
82281,
83661,
85040,
87799,
89178,
103488,
107109,
109006,
112626,
115557,
116592,
118316,
119006,
121075,
121764,
127109,
128316,
129350,
130730,
131994,
132454,
133488,
134178,
135212,
136247,
137511,
138316,
139350,
147454,
147799,
152109,
153143,
156764,
158661,
162281,
164178,
167799,
169695,
176247,
176937,
178316,
180730,
182109,
185730,
187799,
189868,
191247,

2 Column Release Times:
7626,
13661,
16419,
19178,
24695,
26075,
27454,
30212,
31592,
41764,
42454,
45730,
49523,
51247,
55040,
57799,
58833,
60557,
61247,
63316,
64006,
69350,
71592,
74350,
77109,
82626,
84006,
85385,
88143,
89523,
103661,
107454,
109178,
112971,
115730,
116764,
118488,
119178,
121247,
121937,
127281,
128661,
129695,
131075,
132109,
132799,
133833,
134523,
135557,
136592,
137626,
138661,
139523,
147626,
147971,
152195,
153316,
157109,
158833,
162626,
164350,
168143,
169868,
176419,
177109,
178488,
180902,
182281,
186075,
187971,
190212,
191592,

3 Column Hit Times:
11592,
11764,
12109,
12971,
14523,
15730,
17281,
17885,
18316,
20040,
21247,
22626,
23316,
23488,
23661,
23833,
24006,
25212,
25385,
26247,
26419,
26764,
26937,
27626,
27799,
28143,
28316,
28919,
29350,
29523,
30385,
30557,
30902,
31075,
31764,
31937,
32454,
32799,
33316,
34006,
34523,
35385,
36075,
37281,
37971,
38488,
38833,
41592,
42281,
42454,
42799,
42971,
43316,
43661,
44006,
44350,
46247,
49006,
49695,
51764,
54523,
57109,
58488,
58833,
59523,
60212,
60557,
60902,
61419,
61592,
62626,
62971,
63316,
63661,
65212,
66592,
68316,
68488,
69609,
70040,
70902,
72454,
73661,
75212,
75816,
76247,
77971,
79178,
80557,
81247,
81419,
81592,
81937,
83316,
84178,
84350,
84695,
84868,
85557,
85730,
86075,
86247,
86850,
87281,
87454,
88316,
88488,
88833,
89006,
89695,
89868,
90385,
91075,
91333,
91850,
92023,
92368,
92712,
93316,
94006,
94437,
94781,
95212,
95730,
96161,
96506,
96850,
98661,
98833,
100040,
100212,
101247,
101678,
101937,
102109,
102368,
104178,
106937,
107626,
109695,
112454,
114350,
115385,
116764,
117109,
117454,
118488,
118833,
119868,
120902,
121247,
123143,
124523,
126247,
126419,
139006,
140040,
142799,
143488,
145385,
146247,
146419,
149006,
149264,
149609,
149868,
153833,
156592,
157281,
159350,
162109,
164868,
167626,
168316,
169350,
170385,
172454,
172626,
172971,
173316,
175040,
175385,
176075,
177109,
177799,
178488,
179006,
179695,
180040,
180212,
180557,
180902,
181592,
181937,
182281,
184178,
185385,
186075,
186937,
188402,
188833,
189006,
189350,
189523,
189781,
190212,
190385,
190730,
190902,
191161,
191592,
191937,
194523,

3 Column Long Note Times:
6592,
7971,
14695,
20212,
21592,
24350,
25730,
27109,
29868,
31247,
40730,
45730,
46419,
47799,
48488,
51247,
51937,
53316,
54006,
56592,
57971,
59695,
62109,
64178,
69006,
72626,
78143,
79523,
83661,
85040,
87799,
89178,
103661,
104350,
105730,
106419,
109178,
109868,
111247,
111937,
114523,
115902,
117626,
120040,
122109,
126937,
129006,
130040,
131075,
131879,
133143,
134523,
135557,
136592,
137396,
137971,
139523,
140212,
141592,
142281,
147971,
148316,
152109,
153316,
154006,
155385,
156075,
158833,
159523,
160902,
161592,
163575,
163747,
164350,
165040,
166419,
167109,
169868,
170557,
171937,
176592,
177281,
177971,
181075,
182454,
184350,
187626,

3 Column Release Times:
6937,
8316,
15040,
20557,
21937,
24695,
26075,
27454,
30212,
31592,
41075,
45902,
46764,
47971,
48661,
51419,
52281,
53488,
54178,
56764,
58143,
59868,
62281,
64350,
69178,
72971,
78488,
79868,
84006,
85385,
88143,
89523,
103833,
104695,
105902,
106592,
109350,
110212,
111419,
112109,
114695,
116075,
117799,
120212,
122281,
127109,
129350,
130385,
131419,
131994,
133488,
134868,
135902,
136937,
137511,
138316,
139695,
140557,
141764,
142454,
148143,
148488,
152195,
153488,
154350,
155557,
156247,
159006,
159868,
161075,
161764,
163661,
163833,
164523,
165385,
166592,
167281,
170040,
170902,
172109,
176764,
177454,
178143,
181247,
182626,
184695,
187799,

4 Column Hit Times:
1419,
1592,
5557,
5730,
6247,
6419,
6937,
7109,
7626,
8316,
8488,
9006,
9695,
9868,
10385,
10902,
11075,
11333,
11937,
12109,
12799,
13661,
13833,
14006,
14178,
14350,
14523,
15557,
16419,
16592,
16764,
16937,
17109,
17281,
17799,
18488,
19178,
19350,
19523,
19695,
19868,
20040,
21075,
22454,
22885,
23057,
23833,
25212,
26075,
26937,
27454,
28316,
28833,
29350,
30212,
31075,
31592,
32454,
32799,
33316,
39350,
39868,
40902,
41247,
42454,
42971,
43316,
44006,
44350,
45040,
45212,
45557,
47626,
47971,
48316,
48833,
49178,
49523,
50040,
50471,
50730,
51075,
53143,
53488,
53833,
54350,
54695,
55040,
55385,
55730,
55902,
56075,
56419,
57454,
57799,
58143,
58833,
59178,
60212,
61247,
61937,
62626,
64006,
64350,
64695,
64868,
65040,
65730,
66075,
66247,
66419,
67109,
67454,
67626,
67799,
68316,
68488,
69350,
69695,
70040,
70730,
71592,
71764,
71937,
72109,
72281,
72454,
73488,
74350,
74523,
74695,
74868,
75040,
75212,
75730,
76419,
77109,
77281,
77454,
77626,
77799,
77971,
79006,
80385,
80902,
81075,
81764,
83143,
84006,
84868,
85385,
86247,
86764,
87281,
88143,
89006,
89523,
90385,
91247,
91764,
91937,
92626,
92799,
93488,
93833,
94092,
94695,
95040,
95471,
96247,
96764,
96937,
97368,
97540,
97971,
98143,
99006,
99178,
100385,
100902,
101247,
101678,
101937,
102109,
102368,
102971,
103143,
103488,
105557,
105902,
106247,
106764,
107109,
107454,
107971,
108402,
108661,
109006,
111075,
111419,
111764,
112281,
112626,
112971,
113316,
113661,
113833,
114006,
114350,
115730,
116075,
116419,
116764,
118143,
119178,
119437,
120557,
121937,
122281,
122626,
122799,
122971,
123661,
124006,
124178,
124350,
125040,
125385,
125557,
125730,
126247,
126419,
127281,
139350,
141419,
142109,
143316,
143833,
144264,
144523,
144695,
144868,
145040,
145730,
146075,
146247,
146419,
146764,
148661,
149350,
149523,
150040,
150385,
150730,
151075,
151419,
151592,
151764,
151937,
152109,
152626,
152799,
153143,
155212,
155557,
155902,
156419,
156764,
157109,
157626,
157971,
158143,
158316,
158661,
160730,
161075,
161419,
161937,
162281,
162626,
162971,
163316,
163833,
164178,
166247,
166592,
166937,
167454,
167799,
168143,
169695,
171764,
172109,
172281,
173057,
173316,
173661,
174006,
175730,
176419,
177454,
177799,
178143,
178488,
180126,
180557,
181247,
181937,
182281,
182626,
183316,
183488,
183661,
183833,
184006,
184178,
185212,
186075,
186247,
186419,
186592,
186764,
186937,
187109,
187799,
187971,
188316,
189178,
189695,
190557,
191075,
191764,
192109,
192281,
192454,
194006,
194350,
194695,
194868,

4 Column Long Note Times:
1764,
2454,
14695,
20212,
21592,
34523,
35212,
35902,
36764,
37454,
38143,
40385,
41764,
45902,
46764,
51419,
52281,
56937,
59350,
60730,
62799,
63488,
68833,
72626,
78143,
79523,
103833,
104695,
109350,
110212,
114868,
117281,
118661,
120730,
121419,
126764,
127971,
128661,
129695,
130385,
131419,
132109,
132799,
133833,
134868,
135902,
136937,
137626,
138661,
139695,
140557,
142626,
147281,
147626,
153488,
154350,
159006,
159868,
164523,
165385,
169092,
169264,
170040,
170902,
174609,
174781,
175212,
175902,
178661,
179350,
181419,
182799,
184350,
187454,
188488,
189868,
191247,

4 Column Release Times:
2109,
2799,
15040,
20557,
21937,
34868,
35557,
36247,
36937,
37626,
38488,
40730,
42109,
46247,
47281,
51764,
52799,
57109,
59523,
60902,
62971,
63661,
69006,
72971,
78488,
79868,
104178,
105212,
109695,
110730,
115040,
117454,
118833,
120902,
121592,
126937,
128316,
129006,
130040,
130730,
131764,
132454,
133143,
134178,
135212,
136247,
137281,
137971,
139006,
140040,
141075,
142799,
147454,
147799,
153833,
154868,
159350,
160385,
164868,
165902,
169178,
169350,
170385,
171419,
174695,
174868,
175385,
176075,
178833,
179523,
181592,
182971,
184695,
187626,
188833,
190212,
191592,

