Artist : hololive
Song Name : hololive song pack
Difficulty : 0.584286
BPM : 100
Background Image : charts\hololive-hololive song pack\Cry Baby - Hoshimachi Suisei.png
Audio : charts\hololive-hololive song pack\Cry Baby - Hoshimachi Suisei.ogg

1 Column Hit Times:
2490,
2790,
2990,
4090,
4290,
4890,
5490,
5940,
6490,
6690,
7290,
7590,
7790,
8490,
10290,
12090,
12390,
12690,
12990,
13290,
13590,
13890,
14190,
15090,
16290,
17190,
17490,
17790,
18090,
18690,
18990,
19190,
19890,
20090,
20190,
20390,
20790,
21090,
22790,
23190,
23490,
24090,
24390,
24690,
25290,
25890,
26490,
26790,
27090,
27690,
27990,
28290,
28890,
29490,
30690,
30990,
31290,
31590,
31890,
32490,
32790,
34190,
34290,
34890,
35490,
36090,
36690,
37290,
37590,
37890,
38490,
39090,
41190,
41790,
41990,
42690,
42990,
43290,
43590,
43890,
44190,
44490,
44790,
45090,
45290,
45690,
45990,
46290,
46890,
47390,
47790,
48390,
48690,
48890,
49290,
49490,
49690,
49890,
50090,
50290,
51090,
51590,
51990,
52290,
52890,
53490,
53790,
54690,
55590,
56790,
56990,
57390,
58790,
59490,
60090,
60990,
61190,
61590,
61890,
62490,
62790,
63090,
64290,
64590,
64890,
65190,
65390,
65490,
66090,
66690,
66890,
67290,
67590,
67790,
68190,
68390,
68690,
68990,
69290,
69490,
69590,
70290,
70590,
70890,
71490,
72390,
72590,
72990,
73790,
74790,
75990,
76290,
76590,
77990,
78690,
79290,
80190,
80390,
80790,
81090,
81690,
81990,
82290,
82490,
83490,
83690,
84090,
84890,
85290,
85890,
86190,
86390,
86790,
87090,
87290,
88090,
88290,
88490,
88690,
89490,
89790,
90090,
90690,
90990,
91890,
92190,
92990,
93390,
94790,
95190,
95490,
95640,
95790,
96015,
98490,
98790,
99090,
99390,
99690,
99990,
100290,
100490,
100790,
101190,
101490,
101990,
102690,
102990,
103290,
103590,
103890,
104190,
104490,
104790,
105390,
105890,
106290,
106490,
106590,
106790,
107190,
107490,
108590,
109290,
109490,
109590,
109890,
110190,
110490,
111090,
111290,
111590,
112290,
112890,
113490,
113790,
114390,
114690,
114890,
115190,
115890,
116190,
116790,
117090,
117390,
117690,
134490,
138990,
139140,
139590,
139740,
142590,
142740,
144990,
145290,
145590,
145890,
146190,
146490,
146690,
147890,
148890,
149290,
149890,
150690,
151290,
152590,
152890,
153690,
153890,
154490,
154890,
155490,
156090,
156890,
157290,
157490,
157990,
158490,
159290,
159690,
162190,
165090,
165740,
166940,
172290,
172490,
172690,
173490,
174090,
174390,
174690,
175290,
175890,
176190,
177090,
177690,
177990,
179190,
179390,
179790,
181190,
181890,
182490,
183390,
183590,
183990,
184290,
184890,
185190,
185490,
186690,
186990,
187290,
187590,
187790,
187890,
188490,
189090,
189290,
189690,
189990,
190290,
190490,
190890,
190990,
191190,
191290,
191490,
191790,
192090,
193290,
193590,
193890,
194990,
195390,
196190,
196890,
197190,
198390,
198690,
198990,
200490,
201090,
201290,
201690,
202590,
202790,
203190,
203490,
204090,
204390,
204690,
205890,
206090,
206490,
207290,
207690,
208290,
208590,
208790,
209190,
209490,
209690,
210690,
210990,
211890,
212190,
212490,
213090,
213390,
214290,
214590,
215390,
215790,
217290,
217890,
218090,
218490,
219090,
219390,
219690,
220290,
220490,
221490,
221790,
222090,
222290,
222590,
222990,
223590,
223890,
224190,
224390,
224790,
224990,
225390,
225590,
225990,
226290,
226890,
227190,
227490,
227990,
228090,
228390,
228990,
229890,
230190,
231090,
231390,
231990,
232140,
232290,
232440,
232590,
232740,

1 Column Long Note Times:
3390,
5190,
8190,
9090,
10890,
21690,
30090,
33390,
35190,
39240,
39690,
40290,
50490,
53990,
54990,
55890,
57690,
60390,
63690,
71790,
73190,
74190,
75090,
76890,
79590,
82890,
87690,
88890,
92490,
93690,
93990,
94190,
97890,
108090,
108990,
110790,
111690,
113190,
114090,
119490,
120090,
120990,
122190,
122490,
123590,
124290,
124890,
126090,
127290,
128490,
129390,
129690,
130140,
130890,
132090,
133290,
133890,
135090,
135690,
136890,
138090,
140490,
141690,
142890,
144090,
160290,
160890,
161790,
162690,
163290,
164490,
167490,
168290,
168890,
169490,
169890,
170490,
172890,
176390,
177390,
178290,
180090,
182790,
186090,
192690,
194190,
195590,
196590,
197490,
199290,
201990,
205290,
210090,
211290,
214890,
216090,
216390,
216590,
220890,
229290,
230490,
231690,
232890,

1 Column Release Times:
3540,
5340,
8340,
9690,
11990,
22290,
30390,
33690,
35290,
39315,
39765,
40890,
50790,
54390,
55190,
56490,
58290,
60690,
63990,
72090,
73590,
74390,
75690,
77490,
79890,
83190,
87990,
89090,
92790,
93890,
94090,
94590,
98190,
108290,
109190,
110990,
111890,
113390,
114290,
119890,
120490,
121190,
122390,
122690,
123690,
124690,
125290,
126290,
127890,
129090,
129540,
129990,
130290,
131190,
132690,
133590,
134190,
135390,
136290,
137490,
138690,
141390,
142290,
143190,
144690,
160590,
161190,
162090,
162990,
163590,
164790,
167790,
168390,
168990,
169590,
169990,
171690,
173190,
176790,
177590,
178890,
180690,
183090,
186390,
192990,
194490,
195990,
196790,
198090,
199890,
202290,
205590,
210390,
211490,
215190,
216290,
216490,
216990,
221190,
229590,
230790,
231890,
237690,

2 Column Hit Times:
4290,
5790,
6090,
6390,
6590,
6890,
7290,
7890,
9290,
12090,
12390,
12690,
12990,
13290,
14190,
15390,
16290,
17790,
18090,
18390,
18690,
18990,
19190,
19590,
19890,
20090,
20190,
20490,
20790,
20990,
21390,
21690,
22290,
22590,
22790,
23490,
23790,
24090,
24690,
24990,
25590,
25890,
26190,
26790,
27090,
27390,
27690,
28290,
28590,
29490,
29790,
30090,
30290,
30690,
30890,
31190,
31890,
32190,
32390,
32790,
33090,
33390,
33690,
33990,
34190,
34590,
34890,
35790,
36090,
36390,
36990,
37190,
37890,
38190,
40290,
40890,
41490,
41790,
42090,
42390,
42990,
43290,
43890,
44390,
44790,
45190,
45390,
45990,
46290,
46590,
47390,
48090,
48290,
48590,
48990,
49290,
49490,
49690,
49990,
50190,
50390,
50490,
50790,
51090,
51390,
51690,
52890,
53190,
53990,
54990,
55290,
55590,
55790,
56390,
56790,
57990,
58190,
58490,
59790,
60090,
60690,
61890,
62190,
62390,
63390,
63690,
63990,
64290,
64590,
64790,
65790,
66090,
66390,
66590,
66690,
66890,
67190,
67690,
67890,
68090,
68390,
68690,
68990,
69290,
69490,
69590,
70590,
70890,
72090,
73290,
74190,
74390,
74790,
75090,
75590,
75990,
77190,
77390,
77690,
78890,
79190,
79790,
80090,
81090,
81290,
81590,
82790,
83190,
83490,
83690,
83990,
84390,
84590,
84690,
84890,
85190,
85290,
85590,
85790,
85890,
86190,
86490,
87090,
87390,
87690,
87890,
88790,
89790,
90090,
90390,
90990,
91290,
91890,
92190,
92490,
92690,
94190,
94590,
94890,
95190,
95340,
95490,
95715,
95865,
99690,
99890,
100290,
100590,
101790,
102390,
102890,
104090,
104490,
104790,
105090,
105290,
105390,
105590,
105890,
105990,
106290,
106890,
107190,
107390,
107790,
108290,
108390,
108590,
108990,
109190,
109490,
109890,
110190,
110490,
110690,
110990,
111290,
111390,
111690,
111990,
112290,
112890,
113490,
114390,
114690,
114990,
115890,
116490,
116690,
117090,
117290,
117690,
137790,
137940,
142590,
142740,
146540,
146890,
147490,
147690,
148490,
148940,
149090,
149590,
150090,
150290,
151340,
151690,
152290,
152540,
153090,
153490,
153790,
154290,
154690,
155290,
155690,
156090,
156490,
157090,
157340,
157940,
158290,
158590,
159090,
159490,
162140,
166890,
172390,
172590,
172790,
172890,
173190,
173490,
173790,
174090,
175290,
175590,
176390,
177090,
177390,
177690,
177990,
178190,
178790,
179190,
180390,
180690,
180890,
181290,
181890,
182190,
182490,
183090,
184290,
184590,
184790,
185790,
186090,
186390,
186690,
186990,
187190,
188190,
188490,
188790,
188990,
189090,
189290,
189590,
189990,
190190,
190590,
190890,
190990,
191190,
191290,
191490,
191790,
192690,
192990,
193290,
194190,
194490,
194790,
195690,
196290,
196590,
196790,
197190,
197490,
197990,
198390,
199590,
199890,
200090,
201290,
201590,
202490,
203490,
203990,
205190,
205590,
205890,
206090,
206390,
206790,
206990,
207090,
207290,
207590,
207690,
207990,
208190,
208290,
208590,
208890,
209490,
209790,
210090,
210390,
211890,
212190,
212490,
212790,
213390,
213690,
214290,
214590,
214890,
215090,
215290,
215890,
216590,
216990,
217290,
217590,
217890,
218190,
218390,
218790,
219590,
219990,
220590,
220890,
221090,
221390,
221790,
222690,
223290,
223590,
223890,
224190,
224390,
224790,
224990,
225390,
225590,
225990,
226290,
226590,
226890,
227190,
227690,
227990,
228390,
228690,
230490,
231090,
231390,
232065,
232215,
232365,
232515,
232665,
232815,

2 Column Long Note Times:
2490,
3540,
4890,
5340,
8490,
9690,
14490,
16890,
28890,
35390,
38640,
38940,
39390,
39990,
52290,
53390,
54390,
57090,
58890,
61290,
62790,
69990,
71190,
72590,
73590,
76290,
78090,
80490,
81990,
88290,
89190,
93090,
93690,
96090,
97890,
98490,
100890,
103290,
108690,
112590,
113090,
113990,
115290,
118590,
118890,
119890,
120390,
121190,
121590,
122090,
122390,
122790,
123990,
124690,
125690,
125990,
126290,
126690,
127290,
139290,
139890,
140490,
142890,
143490,
144090,
144690,
161490,
162490,
164190,
165990,
167190,
167790,
168490,
169290,
169690,
170290,
174690,
175790,
176790,
179490,
183690,
185190,
192090,
193590,
194990,
195990,
198690,
200490,
202890,
204390,
210690,
211590,
215490,
216090,
222090,
229290,
229890,
230790,
231690,
232927,

2 Column Release Times:
3090,
3690,
5190,
5490,
9090,
11990,
15090,
17490,
29190,
35490,
38715,
39015,
39465,
40065,
52590,
53790,
54590,
57690,
59490,
61590,
63090,
70290,
71490,
72990,
73790,
76890,
78690,
80790,
82290,
88590,
89390,
93390,
93890,
97790,
98190,
99090,
101490,
103890,
108890,
112790,
113190,
114090,
115590,
118790,
119090,
120090,
120590,
121290,
121790,
122190,
122490,
122990,
124190,
124890,
125790,
126090,
126490,
127090,
136290,
139590,
140190,
141390,
143190,
143790,
144390,
144990,
161790,
162690,
164490,
166290,
167490,
168090,
168590,
169390,
169790,
170390,
174990,
176190,
176990,
180090,
183990,
185490,
192390,
193890,
195390,
196190,
199290,
201090,
203190,
204690,
210990,
211690,
215790,
216290,
222390,
229590,
230190,
230990,
231890,
237990,

3 Column Hit Times:
3090,
6990,
7690,
7890,
8890,
9090,
9690,
12090,
12690,
13190,
13590,
13890,
14490,
14790,
15090,
15690,
15990,
16590,
16890,
17190,
17490,
17990,
18690,
18890,
19290,
19790,
20490,
20790,
21090,
21690,
21990,
22290,
22590,
22890,
23190,
23490,
24990,
25890,
27990,
28590,
29190,
29790,
30390,
30590,
31290,
31590,
32490,
33090,
33690,
33990,
34290,
34890,
35490,
36090,
36690,
36990,
37290,
37590,
38190,
39690,
40290,
40590,
40890,
41190,
41490,
41690,
41990,
42390,
42690,
43190,
43590,
44090,
44490,
44890,
45090,
45690,
46190,
46890,
47190,
47490,
47790,
48390,
48690,
48990,
49390,
49590,
49790,
49990,
50190,
50390,
51390,
51690,
52590,
52890,
53190,
53390,
54390,
54590,
54990,
55890,
56190,
58590,
60690,
60990,
61290,
61890,
62190,
63090,
63290,
63690,
64290,
64490,
64890,
65190,
65390,
65490,
66990,
68490,
68590,
68790,
68890,
69090,
69390,
69690,
69990,
70290,
70790,
71490,
71790,
72090,
72390,
72690,
73590,
73890,
74190,
75290,
77790,
78990,
79890,
80190,
80490,
81090,
81390,
82290,
82590,
82890,
83390,
83790,
84090,
84390,
84590,
84690,
84990,
85190,
85590,
85790,
85890,
86090,
86490,
86790,
87290,
87690,
87990,
88190,
89990,
90390,
90690,
91290,
91590,
91890,
92390,
93290,
93590,
94290,
94490,
94890,
95190,
95415,
95565,
95790,
98490,
98790,
99090,
99390,
99590,
99990,
100490,
100890,
101390,
101690,
102090,
102690,
102890,
103290,
103590,
103890,
104090,
104390,
105090,
105290,
105590,
105690,
105990,
106190,
106290,
106490,
106890,
107190,
107490,
108090,
108290,
108690,
108890,
108990,
109190,
109290,
109890,
110790,
111390,
111590,
112290,
112590,
114090,
114590,
114890,
115190,
115590,
116490,
116790,
116990,
117390,
117590,
128190,
128340,
132990,
133140,
135090,
138990,
139140,
139590,
139740,
146590,
147290,
147740,
148090,
148690,
148990,
149540,
150140,
150490,
151390,
151890,
152490,
153740,
154090,
155090,
155890,
156140,
156290,
157390,
157890,
158540,
158890,
159290,
162090,
165790,
172390,
172590,
172790,
173790,
173990,
174990,
175290,
175590,
175790,
176490,
176790,
176990,
177390,
178290,
178590,
179790,
180990,
182190,
183090,
183390,
183690,
184290,
184590,
185490,
186090,
186690,
187290,
187590,
187790,
187890,
189390,
190790,
191090,
191390,
191690,
191890,
191990,
192990,
193190,
193890,
194490,
194790,
195090,
195690,
195990,
196290,
196590,
197690,
200190,
201390,
202290,
202590,
202890,
203490,
203790,
204690,
204990,
205290,
205790,
206190,
206490,
206790,
206990,
207090,
207390,
207590,
207990,
208190,
208290,
208490,
208890,
209190,
209690,
210090,
210690,
212390,
212790,
213090,
213690,
213990,
214290,
214790,
215690,
215990,
216690,
216890,
217190,
217590,
217790,
218190,
218490,
218790,
219090,
219290,
219690,
220290,
220890,
221190,
221990,
222390,
223290,
223490,
223790,
224090,
224490,
224690,
225090,
225290,
227490,
227690,
228090,
228690,
229290,
232065,
232215,
232365,
232515,
232665,
232815,

3 Column Long Note Times:
3690,
4740,
5490,
8340,
10290,
24090,
26490,
38790,
39840,
50790,
51990,
53790,
55190,
56490,
57690,
58890,
60090,
62490,
67290,
72990,
74390,
75690,
76890,
78090,
79290,
81690,
88590,
89490,
92790,
93990,
96090,
97890,
108390,
109590,
110490,
111090,
111990,
112890,
113490,
113790,
115890,
117990,
118790,
119990,
120890,
121490,
122290,
123390,
124590,
124890,
126090,
127090,
128490,
129690,
130290,
130890,
132090,
133290,
133890,
134490,
135690,
136890,
138090,
140490,
141690,
143490,
144090,
144690,
160590,
161190,
163290,
163890,
165090,
166590,
168090,
168690,
169090,
170090,
170490,
173190,
174390,
176190,
177590,
178890,
180090,
181290,
182490,
184890,
189690,
192390,
195390,
196790,
198090,
199290,
200490,
201690,
204090,
210990,
211790,
215190,
216390,
221490,
222690,
225690,
229590,
230190,
230990,
232965,

3 Column Release Times:
4290,
4890,
6690,
8490,
11990,
24690,
27090,
38865,
39915,
51090,
52290,
53990,
55590,
57090,
58290,
59490,
60390,
62790,
68190,
73190,
74790,
76290,
77490,
78690,
79590,
81990,
88890,
89790,
93090,
94090,
97790,
98190,
108590,
109790,
110690,
111290,
112190,
113090,
113690,
113990,
116190,
118190,
118890,
120090,
120990,
121590,
122490,
123590,
124790,
125090,
126290,
127290,
129090,
129990,
130590,
131190,
132690,
133590,
134190,
134790,
136290,
137490,
138690,
140790,
142290,
143790,
144390,
144990,
160890,
161490,
163590,
164190,
165390,
166890,
168190,
168790,
169190,
170190,
172290,
173490,
174690,
176390,
177990,
179490,
180690,
181890,
182790,
185190,
190590,
192690,
195590,
197190,
198690,
199890,
201090,
201990,
204390,
211290,
212190,
215490,
216490,
221790,
222990,
227190,
229890,
230490,
231890,
237690,

4 Column Hit Times:
2490,
2890,
3090,
3990,
4190,
4890,
5490,
6090,
6690,
8490,
8790,
8990,
9390,
9690,
10290,
13190,
13890,
14490,
14790,
15090,
15390,
15690,
15990,
16290,
16590,
16890,
17490,
17990,
18390,
18890,
19290,
19590,
19790,
19890,
20390,
20490,
21090,
21390,
21690,
21990,
22290,
22890,
23790,
24390,
24690,
25290,
25590,
26190,
26490,
27090,
27390,
28290,
28890,
29190,
30090,
30390,
30990,
31290,
31890,
32190,
32390,
33690,
34290,
34590,
35490,
35790,
36390,
36690,
37190,
37890,
40590,
40890,
41490,
42090,
42690,
43190,
43890,
44190,
44490,
44990,
45390,
45690,
46190,
46590,
46890,
47190,
47490,
48090,
48590,
48990,
49390,
49590,
49790,
49890,
50090,
50290,
50490,
51690,
52290,
53790,
54090,
54390,
55190,
55590,
55890,
56090,
57290,
57590,
57990,
59490,
59790,
60390,
60690,
60890,
61290,
62090,
62490,
63090,
63390,
63590,
64790,
65490,
66390,
66590,
66690,
67890,
68190,
68490,
68590,
68790,
68890,
69090,
69390,
70890,
71190,
72090,
72990,
73190,
73590,
74490,
74790,
75090,
75390,
76490,
76890,
77190,
78690,
78990,
79290,
79590,
79890,
80490,
81390,
81690,
82190,
82590,
82890,
83190,
83390,
83790,
83990,
84090,
84690,
84990,
85290,
86090,
86390,
87090,
87790,
88390,
88590,
90090,
90690,
91290,
91590,
92790,
93090,
94890,
95265,
95490,
95790,
95940,
98490,
99090,
99590,
99890,
100290,
100590,
100890,
101190,
101490,
101790,
102090,
102390,
102690,
102990,
103190,
103890,
104190,
104490,
105090,
105690,
106190,
106590,
106790,
106890,
107490,
107790,
108090,
108390,
108690,
108890,
109590,
110690,
110790,
110990,
111090,
111690,
111990,
113190,
114090,
114690,
114990,
115290,
115590,
116190,
116490,
116790,
117090,
117390,
128190,
128340,
130890,
131190,
131490,
131790,
132990,
133140,
137790,
137940,
140790,
141090,
141390,
147090,
147790,
148290,
149490,
149690,
150190,
151090,
151490,
152090,
152690,
153290,
153690,
154290,
154890,
155490,
156190,
156690,
157290,
157690,
157890,
158090,
158490,
158690,
159490,
160290,
164490,
165690,
166990,
172290,
172490,
172690,
172890,
174090,
174690,
175890,
176190,
176490,
176790,
177590,
177990,
178290,
178490,
179990,
180390,
181890,
182190,
182790,
183090,
183290,
183690,
184890,
185490,
185790,
185990,
187190,
187890,
188790,
188990,
189090,
190290,
190590,
190790,
191090,
191390,
191690,
191890,
191990,
192390,
192690,
193290,
194490,
195090,
195390,
195590,
195990,
196890,
197190,
197490,
197790,
198890,
199290,
199590,
201090,
201390,
201690,
201990,
202290,
202890,
203790,
204090,
204990,
205290,
205590,
205790,
206190,
206390,
206490,
207090,
207390,
207690,
208490,
208790,
209490,
212490,
213090,
213690,
213990,
215190,
215490,
218490,
219090,
219390,
219690,
219990,
220290,
220590,
220790,
221190,
221490,
222090,
222390,
222690,
222990,
223290,
223890,
224090,
224490,
224690,
225090,
225290,
225690,
226290,
226590,
226890,
227490,
228090,
228690,
229590,
231090,
231990,
232140,
232290,
232440,
232590,
232740,

4 Column Long Note Times:
4590,
7290,
11490,
12090,
29490,
33090,
35290,
38490,
39090,
39540,
40140,
51090,
52590,
53190,
54590,
56490,
58290,
61590,
63990,
65790,
66990,
69690,
70290,
71490,
72390,
73790,
75690,
77490,
80790,
87390,
87990,
88890,
89190,
89490,
92190,
93390,
94190,
96090,
109290,
110190,
111390,
112790,
113690,
117690,
119190,
119790,
120090,
121290,
121890,
122490,
123690,
124490,
124790,
125190,
125790,
126290,
127290,
128490,
129540,
129990,
130290,
132090,
133290,
134490,
135090,
135690,
136890,
138090,
139290,
139890,
141690,
142890,
143490,
144690,
159690,
160890,
162090,
163590,
166290,
168090,
173490,
174990,
175590,
176990,
178890,
180690,
183990,
186390,
188190,
189390,
193890,
194790,
196190,
198090,
199890,
203190,
209790,
210390,
211290,
211590,
211790,
214590,
215790,
216590,
228990,
229890,
230490,
231690,
233002,

4 Column Release Times:
4740,
7890,
11990,
12690,
29790,
33390,
35390,
38565,
39165,
39615,
40215,
51390,
52890,
53390,
54990,
57090,
58890,
61890,
64290,
66090,
67290,
69990,
70590,
71790,
72590,
74190,
76290,
78090,
81090,
87690,
88290,
89090,
89390,
89790,
92490,
93690,
94590,
97890,
109490,
110390,
111590,
112890,
113790,
117890,
119390,
119990,
120290,
121490,
122290,
122890,
123890,
124590,
124890,
125390,
125990,
126490,
127890,
129090,
129690,
130140,
130590,
132690,
133590,
134790,
135390,
136290,
137490,
138690,
139590,
140190,
142290,
143190,
143790,
146490,
159990,
161190,
162490,
163890,
166590,
170490,
173790,
175290,
175790,
177390,
179490,
181290,
184290,
186690,
188490,
189690,
194190,
194990,
196590,
198690,
200490,
203490,
210090,
210690,
211490,
211690,
212190,
214890,
216090,
218190,
229290,
230190,
230790,
231890,
237690,

