Artist : hololive
Song Name : hololive song pack
Difficulty : 0
BPM : 190
Background Image : charts\hololive-hololive song pack\Ghost In A Flower - Uruha Rushia.png
Audio : charts\hololive-hololive song pack\Ghost In A Flower - Uruha Rushia.mp3

1 Column Hit Times:
7444,
8111,
9444,
11444,
12778,
16778,
18111,
18778,
22111,
23444,
29444,
30778,
41438,
42438,
44438,
45438,
46771,
48105,
50771,
51438,
52438,
53105,
53771,
54438,
56105,
56771,
57438,
58771,
59771,
63438,
65438,
65771,
66771,
67605,
68105,
68605,
69105,
69438,
69605,
70271,
70771,
71605,
72105,
73105,
73438,
73605,
75105,
75771,
76105,
77105,
78271,
78771,
79271,
79771,
80438,
81438,
82438,
83605,
84105,
85105,
85438,
88771,
89438,
90771,
92771,
97438,
99438,
102771,
104771,
109438,
120099,
121099,
122266,
122766,
124099,
125432,
126766,
129432,
130099,
131099,
131766,
132432,
133099,
134766,
135432,
136099,
137432,
138432,
146099,
146766,
147182,
147599,
148432,
148932,
149599,
150432,
151099,
152099,
155432,
156099,
156432,
157099,
157766,
158766,
159432,
170766,
181426,
182759,
184759,
185093,
195759,
196426,
197426,
198759,
200093,
200259,
200926,
201259,
202426,
205426,
206593,
208093,
208426,
209426,
210593,
210926,
211259,
213509,
214259,
215093,
216759,
217093,
217759,
218093,
218759,
220259,
221426,
221926,
222759,
224093,
224426,
224926,
226426,
226759,
227093,
227426,
227759,
228093,
232759,
234093,
234759,

1 Column Long Note Times:
14778,
24778,
39438,
47438,
49438,
60771,
74438,
80605,
105438,
118766,
126099,
128099,
139432,
143766,
149766,
153099,
159766,
162099,
162766,
178759,
188093,
190759,
193426,
198093,
201759,
202759,
206759,
212093,
212926,
215593,
219593,
220593,
225593,
241426,

1 Column Release Times:
15444,
25444,
40105,
47771,
50105,
62771,
74771,
80938,
106105,
119432,
126432,
128766,
141432,
145432,
150099,
153432,
160099,
162599,
165432,
179426,
188759,
191426,
194093,
198426,
202093,
204093,
207426,
212426,
213426,
216093,
220093,
220926,
225926,
242093,

2 Column Hit Times:
6111,
8444,
9778,
11111,
12444,
16444,
17778,
19111,
20111,
21778,
23111,
31459,
34808,
41771,
43105,
44105,
44605,
46105,
46605,
47271,
48771,
49438,
50438,
51605,
53105,
54105,
54771,
57438,
57938,
59605,
59938,
60771,
63605,
65771,
66771,
67771,
68188,
68438,
68771,
69105,
70438,
70938,
71771,
73271,
73605,
75438,
76438,
77105,
78438,
78771,
79271,
79771,
80105,
81271,
81771,
82605,
83438,
87438,
88438,
89771,
91105,
92438,
93771,
98771,
101438,
101771,
103438,
110120,
113469,
120766,
121432,
122099,
122766,
123266,
124766,
125266,
125932,
127432,
128099,
129099,
130266,
131766,
132766,
133432,
136099,
136599,
138266,
138599,
139432,
141432,
142099,
144432,
144932,
145932,
146266,
146682,
147099,
147266,
147932,
148766,
150099,
150599,
150932,
153432,
153932,
154266,
154599,
154932,
155266,
155599,
156182,
156599,
157266,
157682,
158543,
159099,
159599,
171447,
174796,
181759,
182093,
184426,
185426,
192759,
194759,
196759,
197093,
198759,
199426,
199759,
202259,
202593,
203426,
205426,
206426,
208593,
209426,
210426,
210843,
211343,
211926,
212759,
213593,
214426,
215259,
216093,
216426,
216593,
217593,
219093,
219426,
220093,
220426,
221093,
221593,
222009,
222259,
222926,
223426,
223593,
224259,
224759,
225259,
225759,
226093,
226593,
233759,
236093,
238759,
239093,
239426,

2 Column Long Note Times:
14111,
38771,
51105,
52105,
55438,
58438,
62105,
67271,
72271,
74105,
77605,
81938,
84105,
94771,
106105,
119432,
129766,
130766,
134099,
137099,
140099,
143099,
149099,
151266,
152432,
160432,
161432,
162099,
179426,
188759,
191426,
195093,
201426,
214759,
216926,
218259,

2 Column Release Times:
14778,
39438,
51438,
52438,
55771,
58938,
62771,
67605,
72605,
74438,
77938,
82438,
85438,
95438,
106771,
120099,
130099,
131099,
134432,
137599,
140766,
143432,
149432,
151599,
152766,
160766,
161932,
162599,
180093,
189426,
192093,
195426,
201759,
215093,
217426,
218759,

3 Column Hit Times:
5778,
7111,
8778,
10778,
17444,
20444,
21444,
32141,
34126,
41438,
43771,
45438,
46438,
47105,
48105,
49105,
49938,
50271,
50605,
51771,
52438,
53771,
54438,
55105,
56105,
57271,
57771,
58771,
59438,
60105,
62771,
63771,
65938,
67105,
67938,
68271,
68688,
68938,
69438,
70605,
71938,
72771,
73438,
75771,
76271,
77271,
78105,
78605,
78855,
79105,
79438,
79938,
81105,
81605,
82438,
82771,
83271,
83938,
87105,
88105,
90105,
91438,
93438,
97771,
99105,
100771,
103105,
104105,
110802,
112787,
120432,
121766,
122432,
124099,
125099,
125766,
126766,
127766,
128599,
128932,
129266,
130432,
131099,
132432,
133099,
133766,
134766,
135932,
136432,
137432,
138099,
138766,
141766,
144599,
145099,
145766,
146599,
148099,
149516,
150182,
150682,
151766,
151932,
153766,
154432,
155099,
155766,
156266,
156766,
156932,
157599,
157932,
158321,
159182,
159349,
167099,
172129,
174114,
182426,
183093,
184093,
185759,
194093,
196426,
197093,
197926,
200093,
200759,
202093,
206259,
208426,
208759,
209593,
210259,
210759,
211093,
211759,
213426,
214593,
215426,
217426,
217926,
219259,
220093,
221259,
221509,
221759,
222093,
222759,
223093,
223759,
223926,
225093,
225426,
226259,
227759,
228093,
232426,
233426,
235093,
236426,

3 Column Long Note Times:
24111,
40105,
44771,
61438,
66271,
71271,
76605,
95438,
114766,
118099,
123432,
140766,
142766,
143432,
160182,
160766,
161432,
180759,
187426,
190093,
195426,
198426,
208926,
212426,
213926,
240759,

3 Column Release Times:
24778,
40771,
45105,
62105,
66771,
71771,
77105,
96105,
117432,
118766,
123766,
141432,
143099,
143766,
160432,
161266,
161932,
181426,
188093,
190759,
195759,
198926,
209426,
212759,
214259,
241426,

4 Column Hit Times:
5444,
6778,
10111,
12111,
16111,
19444,
20778,
22778,
33445,
42105,
42771,
43438,
44105,
46105,
46771,
48771,
49271,
49771,
51938,
52438,
53105,
54105,
54771,
55271,
57105,
62771,
63938,
65438,
66105,
66605,
66938,
68105,
68605,
69271,
69771,
70771,
71105,
71771,
72605,
72938,
75438,
76105,
76938,
77438,
77938,
78938,
79355,
79605,
80105,
80271,
80938,
81438,
82271,
83771,
84438,
84771,
85105,
85438,
86771,
92105,
94105,
98105,
100105,
100438,
102105,
104438,
112106,
120099,
122599,
123099,
124766,
125432,
127432,
127932,
128432,
130599,
131099,
131766,
132766,
133432,
133932,
135766,
141432,
144099,
144766,
146432,
146932,
147432,
147766,
148266,
148599,
148932,
149432,
150266,
150766,
151599,
152099,
154099,
154766,
155432,
155932,
156682,
157432,
158099,
158766,
159266,
160099,
165766,
173433,
181426,
183426,
183759,
186093,
186426,
195759,
196759,
197426,
197759,
199426,
199926,
200593,
201259,
202093,
202759,
206093,
208093,
209259,
209759,
210759,
211426,
211593,
212093,
212759,
213426,
213759,
215426,
216093,
216426,
217093,
217426,
218759,
219093,
219926,
220926,
221426,
221926,
222426,
222593,
223259,
224093,
225426,
225926,
232093,
235426,
236759,
237426,
237759,
238093,

4 Column Long Note Times:
13444,
25444,
36105,
40771,
45105,
47771,
50771,
55771,
58105,
60105,
64105,
69938,
73771,
74438,
82938,
96105,
106771,
117432,
123766,
126432,
129432,
134432,
136766,
138766,
142432,
145266,
152432,
153099,
160766,
162766,
176093,
180093,
186759,
189426,
192093,
203426,
209926,
214759,
224593,
226759,
240093,

4 Column Release Times:
14111,
29444,
38771,
41438,
45605,
48271,
51438,
56271,
58438,
61438,
64771,
70271,
74105,
75105,
83271,
96771,
108105,
118099,
124266,
126932,
130099,
134932,
137099,
140099,
142766,
145766,
152766,
153432,
161266,
164099,
178759,
180759,
187426,
190093,
192759,
205426,
210259,
215093,
225093,
228093,
240759,

