Artist : hololive
Song Name : hololive song pack
Difficulty : 0
BPM : 190
Background Image : charts\hololive-hololive song pack\Ghost Rule - Amane Kanata.png
Audio : charts\hololive-hololive song pack\Ghost Rule - Amane Kanata.ogg

1 Column Hit Times:
10191,
10334,
11763,
12620,
14406,
14549,
16049,
16191,
16334,
16620,
17334,
18906,
19049,
19191,
21049,
21334,
23191,
23620,
24049,
24334,
24620,
24906,
25477,
25763,
26049,
26334,
26620,
27049,
27334,
27763,
28334,
28620,
28763,
29477,
29620,
29906,
30191,
30477,
30763,
31049,
31334,
32334,
32763,
33120,
33477,
33763,
34049,
34334,
34620,
34906,
35191,
35477,
35763,
36191,
36477,
36906,
37191,
37334,
46906,
47334,
48191,
48477,
49191,
49477,
49691,
49834,
49977,
50120,
50263,
50477,
50763,
51049,
51191,
51477,
51763,
52049,
52191,
52620,
52906,
53191,
53477,
53834,
54120,
54334,
54477,
54691,
54906,
55191,
55477,
55763,
56049,
56191,
56334,
56620,
56906,
57191,
57334,
57620,
57763,
57906,
58049,
58191,
58763,
59191,
59906,
60406,
60549,
61763,
61906,
62049,
62406,
62549,
62691,
62834,
63049,
63191,
63477,
63763,
64191,
64477,
64620,
64906,
65049,
66406,
66620,
67477,
68906,
69763,
71549,
71691,
73191,
73334,
73477,
73763,
74477,
76049,
76191,
76334,
76620,
77620,
78763,
80191,
80334,
84191,
85763,
85906,
86620,
86763,
87049,
87334,
87620,
87906,
88191,
88477,
89191,
89477,
89906,
90334,
90620,
90906,
91191,
91477,
91763,
92049,
92334,
92620,
92906,
93334,
93620,
94049,
106334,
106620,
106834,
106977,
107120,
107263,
107406,
107620,
107906,
108191,
108334,
108620,
108906,
109191,
109334,
109763,
110049,
110334,
110477,
110620,
110763,
110906,
111263,
111477,
111620,
111834,
112049,
112334,
112620,
112906,
113191,
113334,
113477,
113763,
114049,
114334,
114477,
114763,
114906,
115049,
115191,
115334,
115906,
116334,
117049,
117549,
117691,
118906,
119049,
119191,
119549,
119691,
119834,
119977,
120191,
120334,
120620,
120906,
121334,
121620,
121763,
122049,
122191,
123549,
123763,
133763,
134191,
134477,
135906,
136763,
139049,
140477,
141334,
143049,
143477,
143763,
144049,
145191,
145477,
146049,
147477,
147763,
148191,
148763,
149620,
150191,
150763,
152049,
152334,
154620,
154763,
155334,
157620,
160906,
161263,
161477,
161906,
162191,
162334,
162477,
162620,
162763,
163049,
163191,
163477,
163620,
163763,
163906,
164049,
164191,
164620,
164906,
165191,
165334,
165477,
165620,
165763,
166049,
166191,
166334,
166477,
166691,
166906,
167191,
167477,
167763,
168049,
168191,
168334,
168549,
168906,
169120,
169263,
169406,
169620,
169763,
169906,
170049,
170191,
170334,
170549,
170691,
170834,
170977,
171191,
171406,
171763,
171906,
172191,
172334,
172763,
172977,
173191,
173334,
173620,
173763,
174049,
174334,
174477,
174620,
174763,
174906,
175120,
175263,
175477,
175620,
175834,
176049,
176334,
176477,
176620,
176906,
177191,
177334,
177477,
177620,
177763,
177977,
178334,
178477,
178620,
178763,
178977,
179120,
179263,
179906,
180191,
180334,
180763,
181049,
181549,
181691,
182906,
183049,
183191,
183334,
183549,
183691,
183834,
183977,
184191,
184334,
184477,
184620,
184763,
184906,
185049,
185620,
185763,
185906,
186049,
186191,
187549,
187763,
188049,
189049,
189334,
189477,
189906,
190191,
190691,
190834,
192049,
192191,
192334,
192691,
192834,
192977,
193120,
193334,
193477,
193620,
193763,
193906,
194049,
194191,
194763,
194906,
195049,
195191,
195334,
196691,
196906,
197191,
198334,
198763,
200049,
200477,
201049,
201477,
203763,
206049,

1 Column Long Note Times:
1620,
2620,
3906,
4906,
6191,
7191,
8477,
9477,
10906,
11049,
11191,
12049,
12906,
13191,
13334,
13620,
15191,
15477,
16906,
17763,
17906,
18334,
18620,
19477,
19906,
20334,
21763,
22191,
22620,
31620,
37763,
39763,
40906,
42334,
44049,
45049,
58334,
58906,
59477,
60049,
60191,
60763,
61049,
61191,
61620,
65191,
65477,
65620,
66049,
68049,
68191,
68334,
69191,
70049,
70334,
70477,
70763,
72334,
72620,
74049,
74906,
75049,
75477,
75763,
83334,
83763,
84620,
88763,
94906,
96906,
98049,
99477,
101191,
102191,
104477,
115477,
116049,
116620,
117191,
117334,
117906,
118191,
118334,
118763,
122334,
122620,
122763,
123191,
124620,
126620,
128049,
129191,
129763,
130191,
131334,
131620,
132620,
134906,
139477,
142334,
153191,
158620,
179477,
181191,
181334,
181906,
182191,
182334,
182763,
185191,
186334,
186620,
186763,
187191,
188620,
190334,
190477,
191049,
191334,
191477,
191906,
192477,
194334,
195477,
195763,
195906,
196334,
202334,
202763,
203191,
204620,
205049,
205477,

1 Column Release Times:
2049,
2906,
4334,
5191,
6620,
7477,
8906,
9763,
10977,
11120,
11477,
12334,
12977,
13263,
13406,
13906,
15263,
15549,
17191,
17834,
17977,
18477,
18763,
19763,
20191,
20620,
22049,
22477,
22906,
31906,
39477,
40049,
42049,
43763,
44620,
46334,
58549,
59120,
59691,
60120,
60263,
60834,
61120,
61477,
61691,
65263,
65549,
65691,
66120,
68120,
68263,
68620,
69477,
70120,
70406,
70549,
71049,
72406,
72691,
74334,
74977,
75120,
75620,
75906,
83477,
83906,
84763,
89049,
96620,
97191,
99191,
100906,
101763,
103477,
105049,
115691,
116263,
116834,
117263,
117406,
117977,
118263,
118620,
118834,
122406,
122691,
122834,
123263,
124763,
126763,
128191,
129334,
129906,
130334,
131477,
131763,
132763,
135191,
139763,
142763,
153477,
158906,
179620,
181263,
181406,
181977,
182263,
182620,
182834,
185334,
186406,
186691,
186834,
187263,
188763,
190406,
190549,
191120,
191406,
191763,
191977,
192620,
194477,
195549,
195834,
195977,
196406,
202620,
203049,
203477,
204906,
205334,
205763,

2 Column Hit Times:
9763,
9906,
10049,
10334,
11477,
11620,
11906,
12049,
12334,
12620,
12763,
14763,
14906,
15049,
16334,
16477,
16620,
16906,
17191,
18620,
18906,
19049,
19191,
19477,
19763,
20334,
20763,
21334,
21477,
22191,
22477,
22763,
23191,
23334,
23620,
23763,
24191,
24334,
24620,
24763,
24906,
25477,
25620,
25906,
26191,
26334,
26620,
26906,
27477,
27906,
28334,
28620,
28906,
29049,
29477,
29620,
30620,
30906,
31620,
31906,
32334,
32477,
33049,
33191,
33334,
33477,
33763,
34049,
34620,
34763,
35049,
35334,
35477,
35763,
35906,
36049,
36191,
36620,
36763,
36906,
37477,
47191,
47334,
47620,
47763,
48049,
48191,
48477,
48620,
49191,
49334,
49549,
49763,
50049,
50334,
50620,
50977,
51191,
51477,
51620,
51763,
51906,
52049,
52334,
52477,
52691,
52977,
53263,
53406,
53620,
53906,
54049,
54263,
54477,
54620,
54906,
55120,
55334,
55620,
55763,
56120,
56406,
56549,
56763,
57049,
57191,
57334,
57477,
57620,
57763,
57906,
58049,
58191,
58334,
58477,
58906,
59477,
59620,
60049,
60406,
60549,
61763,
61977,
62191,
62406,
62549,
62691,
62906,
63191,
63477,
63906,
64049,
64334,
64763,
64906,
65049,
66477,
66620,
66763,
67477,
67620,
68620,
68763,
69049,
69191,
69477,
69763,
69906,
71906,
72049,
72191,
73477,
73620,
73763,
74049,
74334,
75763,
76049,
76191,
76334,
77191,
79191,
79906,
80477,
81763,
82477,
83906,
85763,
86049,
86191,
86620,
86763,
87763,
88049,
88763,
89049,
89477,
89620,
90049,
90191,
90334,
90477,
90906,
91191,
91763,
91906,
92191,
92477,
92620,
92906,
93049,
93334,
93763,
93906,
94049,
94406,
94549,
106334,
106477,
106691,
106906,
107191,
107477,
107763,
108120,
108334,
108620,
108763,
108906,
109049,
109191,
109477,
109620,
109834,
110120,
110334,
110477,
110620,
110763,
110906,
111049,
111191,
111406,
111620,
111763,
112049,
112263,
112477,
112763,
112906,
113263,
113549,
113691,
113906,
114191,
114334,
114477,
114620,
114763,
114977,
115120,
115263,
115406,
115620,
116049,
116620,
116763,
117191,
117549,
117691,
118906,
119120,
119334,
119549,
119691,
119834,
120049,
120334,
120620,
121049,
121191,
121477,
121906,
122049,
122191,
123620,
123763,
123906,
134049,
134620,
136334,
136906,
137191,
138477,
138906,
141049,
141620,
142191,
142906,
143334,
143620,
144191,
145191,
145620,
145906,
146334,
146477,
147477,
148049,
148477,
148906,
149763,
150191,
150620,
152763,
155049,
155763,
155906,
156906,
157477,
161191,
161334,
161477,
161620,
161763,
161906,
162049,
162191,
162334,
162620,
162763,
162977,
163191,
163477,
163620,
163763,
164334,
164477,
164620,
164763,
164906,
165049,
165191,
165334,
165477,
165763,
165906,
166049,
166263,
166477,
166620,
166763,
166906,
167120,
167334,
167620,
167763,
168120,
168334,
168477,
168620,
168763,
168906,
169049,
169263,
169406,
169549,
169834,
169977,
170120,
170263,
170406,
170620,
170906,
171120,
171334,
171477,
171691,
171906,
172120,
172334,
172620,
172906,
173049,
173191,
173334,
173477,
173620,
173834,
174049,
174191,
174406,
174549,
174691,
174906,
175049,
175191,
175406,
175620,
175763,
175977,
176263,
176477,
176763,
176906,
177191,
177334,
177834,
178049,
178191,
178334,
178549,
178691,
178977,
179120,
179263,
179406,
179620,
180049,
180620,
180763,
181191,
181549,
181691,
182906,
183120,
183334,
183549,
183691,
183834,
184049,
184191,
184334,
185049,
185191,
185906,
186049,
186191,
187620,
187763,
187906,
188191,
188334,
188763,
189191,
189763,
189906,
190334,
190691,
190834,
192049,
192263,
192477,
192691,
192834,
192977,
193191,
193334,
193477,
194191,
194334,
195049,
195191,
195334,
196763,
196906,
197049,
197191,
198049,
198620,
199049,
199334,
200334,
200763,
201334,
203620,
203906,
205049,
205906,

2 Column Long Note Times:
1191,
2049,
3477,
4334,
5763,
6620,
8049,
8906,
10620,
10906,
11049,
12906,
13191,
13477,
13906,
14191,
15334,
15477,
15763,
17477,
17620,
17906,
27049,
37763,
39477,
40049,
41477,
42334,
44334,
45477,
46334,
58620,
59191,
59763,
60763,
60906,
61049,
61477,
65191,
65334,
65620,
65906,
66191,
67763,
68049,
68191,
70049,
70334,
70620,
71049,
71334,
72477,
72620,
72906,
74620,
74763,
75049,
84191,
84763,
94906,
96620,
97191,
98620,
99477,
101477,
102620,
103477,
105334,
115763,
116334,
116906,
117906,
118049,
118191,
118620,
122334,
122477,
122763,
123049,
123334,
125191,
126334,
127191,
128334,
129477,
130334,
130620,
130906,
131477,
131906,
132477,
132906,
133620,
137620,
150906,
154049,
179763,
180334,
180906,
181906,
182049,
182191,
182620,
184620,
185477,
186334,
186477,
186763,
187049,
187334,
188906,
189477,
190049,
191049,
191191,
191334,
191763,
193763,
194620,
195477,
195620,
195906,
196191,
196477,

2 Column Release Times:
1620,
2906,
3906,
5191,
6191,
7477,
8477,
9477,
10691,
10977,
11120,
12977,
13263,
13549,
14049,
14334,
15406,
15549,
16049,
17549,
17691,
17977,
27334,
39191,
39763,
41191,
42049,
44049,
44620,
46049,
46906,
58834,
59406,
59977,
60834,
60977,
61120,
61549,
65263,
65406,
65691,
65977,
66334,
67834,
68120,
68263,
70120,
70406,
70691,
71191,
71477,
72549,
72691,
73191,
74691,
74834,
75120,
84477,
84906,
96334,
96906,
98334,
99191,
101191,
101763,
103191,
104049,
105906,
115977,
116549,
117120,
117977,
118120,
118263,
118691,
122406,
122549,
122834,
123120,
123477,
125334,
126477,
127334,
128477,
129620,
130477,
130763,
131049,
131620,
132049,
132620,
133049,
133763,
138191,
151477,
154334,
179906,
180477,
181049,
181977,
182120,
182263,
182691,
184763,
185620,
186406,
186549,
186834,
187120,
187477,
189049,
189620,
190191,
191120,
191263,
191406,
191834,
193906,
194763,
195549,
195691,
195977,
196263,
196620,

3 Column Hit Times:
9763,
10049,
10334,
10477,
11763,
11906,
12191,
12334,
12620,
13763,
14049,
14334,
14477,
14620,
14906,
16049,
16191,
16477,
16763,
16906,
17191,
17334,
18334,
19334,
19763,
20049,
20191,
20620,
20906,
21049,
21763,
22049,
22620,
23049,
23763,
24049,
24763,
25049,
25334,
26049,
26334,
26763,
27049,
27334,
27620,
27906,
28049,
28191,
28334,
28906,
29191,
29334,
29906,
30049,
30191,
30620,
30906,
31191,
32191,
32620,
32977,
33191,
33620,
33906,
34191,
34477,
35191,
35477,
35763,
35906,
36191,
36477,
36763,
37049,
37263,
37406,
46906,
47334,
47763,
48191,
48620,
49263,
49406,
49620,
49906,
50191,
50334,
50763,
51120,
51620,
51906,
52191,
52334,
52620,
52763,
52906,
53049,
53477,
53763,
54049,
54191,
54334,
54620,
54763,
55049,
55334,
55691,
56263,
56477,
56620,
56906,
57120,
57263,
57406,
57549,
57834,
57977,
58120,
58334,
58620,
58906,
59049,
59334,
59477,
59763,
60049,
60191,
60334,
60477,
61906,
62334,
62477,
62620,
62763,
62906,
63620,
64049,
64620,
64977,
65120,
66334,
66620,
66763,
67477,
67620,
68906,
69049,
69334,
69477,
69763,
70906,
71191,
71477,
71620,
71763,
72049,
73191,
73334,
73620,
73906,
74049,
74334,
74477,
75477,
76477,
77477,
78191,
79334,
79620,
82049,
82620,
82763,
83477,
83763,
86049,
86334,
86477,
87049,
87191,
87334,
87763,
88049,
88334,
89334,
89763,
90120,
90263,
90620,
90763,
91049,
91334,
91620,
92334,
92620,
92906,
93191,
93620,
93906,
94191,
106334,
106549,
106763,
107049,
107334,
107477,
107906,
108263,
108763,
109049,
109334,
109477,
109763,
109906,
110049,
110191,
110406,
110549,
110691,
110834,
110977,
111191,
111334,
111477,
111763,
111906,
112191,
112477,
112834,
113406,
113620,
113763,
114049,
114263,
114406,
114549,
114691,
114834,
114977,
115120,
115263,
115477,
115763,
116049,
116191,
116477,
116620,
116906,
117191,
117334,
117477,
117620,
119049,
119477,
119620,
119763,
119906,
120049,
120763,
121191,
121763,
122120,
122263,
123477,
123763,
123906,
130549,
133763,
134334,
134763,
136049,
136477,
138620,
139191,
140620,
141477,
143191,
144049,
145049,
145334,
145763,
146191,
146620,
147906,
148334,
148620,
149763,
150477,
152906,
153049,
154477,
154906,
156620,
157334,
161191,
161477,
161763,
161977,
162120,
162334,
162549,
162763,
163120,
163549,
163691,
163906,
164049,
164191,
164334,
164906,
165049,
165263,
165406,
165549,
165691,
165834,
166049,
166334,
166620,
166834,
167049,
167191,
167334,
167691,
168191,
168406,
168620,
168906,
169049,
169191,
169334,
169477,
169691,
169834,
169977,
170120,
170334,
170477,
170620,
170763,
171049,
171263,
171477,
171620,
171763,
171906,
172263,
172620,
172763,
172906,
173120,
173334,
173477,
173763,
173906,
174049,
174191,
174334,
174477,
174620,
174763,
174906,
175191,
175334,
175477,
175763,
175906,
176049,
176191,
176334,
176477,
176834,
177477,
177620,
177763,
177906,
178049,
178191,
178406,
178620,
178763,
178906,
179049,
179191,
179334,
179477,
179620,
179763,
179906,
180049,
180191,
180477,
180906,
181049,
181191,
181334,
181477,
181620,
183049,
183191,
183477,
183620,
183763,
183906,
184049,
184763,
185191,
185334,
185477,
185620,
185763,
186120,
186263,
187477,
187763,
187906,
188049,
188477,
188620,
188763,
188906,
189049,
189191,
189334,
189620,
190049,
190191,
190334,
190477,
190620,
190763,
192191,
192334,
192477,
192620,
192763,
192906,
193049,
193191,
193906,
194334,
194477,
194620,
194763,
194906,
195263,
195406,
196620,
196906,
197049,
197191,
199191,
202477,
202906,
203334,
205334,
205763,

3 Column Long Note Times:
1620,
2906,
3906,
5191,
6191,
7477,
8477,
10763,
10906,
11191,
13049,
13334,
15191,
15334,
15620,
17620,
17763,
18049,
18477,
18763,
31334,
37763,
40049,
41763,
43763,
44620,
46049,
60620,
60763,
61049,
61334,
61620,
63191,
63763,
64334,
65191,
65477,
65763,
66049,
67906,
68049,
68334,
70191,
70477,
72334,
72477,
72763,
74763,
74906,
75191,
75620,
75906,
84477,
84906,
88477,
94906,
97191,
98906,
100906,
101763,
103191,
104906,
117763,
117906,
118191,
118477,
118763,
120334,
120906,
121477,
122334,
122620,
122906,
123191,
124906,
125477,
126049,
126906,
127763,
128620,
129334,
129620,
130049,
130763,
131191,
131763,
132191,
133191,
135334,
139763,
146763,
155477,
158049,
180620,
181763,
181906,
182191,
182477,
182763,
184334,
184906,
186334,
186620,
186906,
187191,
189763,
190906,
191049,
191334,
191620,
191906,
193477,
194049,
195477,
195763,
196049,
196334,

3 Column Release Times:
2620,
3477,
4906,
5763,
7191,
8049,
9477,
10834,
10977,
11477,
13120,
13406,
15263,
15406,
15691,
17691,
17834,
18120,
18620,
18906,
31620,
39763,
41191,
42334,
44334,
45763,
46334,
60691,
60834,
61120,
61406,
61763,
63406,
63977,
64549,
65263,
65549,
65834,
66191,
67977,
68120,
68620,
70263,
70549,
72406,
72549,
72834,
74834,
74977,
75263,
75763,
76049,
84620,
85049,
88763,
96906,
98334,
99477,
101477,
102906,
103477,
105477,
117834,
117977,
118263,
118549,
118906,
120549,
121120,
121691,
122406,
122691,
122977,
123334,
125049,
125620,
126191,
127049,
127906,
128763,
129477,
129763,
130191,
130906,
131334,
131906,
132334,
133334,
135763,
139906,
147191,
155763,
158334,
180763,
181834,
181977,
182263,
182549,
182906,
184477,
185049,
186406,
186691,
186977,
187334,
189906,
190977,
191120,
191406,
191691,
192049,
193620,
194191,
195549,
195834,
196120,
196477,

4 Column Hit Times:
11477,
11620,
11763,
12049,
12763,
14334,
14477,
14620,
14906,
16334,
17191,
18977,
19120,
19477,
20049,
20191,
20620,
20906,
21477,
21763,
22049,
22477,
22763,
23049,
23334,
25334,
25620,
25906,
26763,
28120,
28263,
28620,
29191,
29334,
29763,
30049,
30334,
30906,
31191,
31620,
31906,
32191,
32477,
32906,
33191,
34191,
34477,
34763,
35049,
36049,
36477,
36620,
37049,
46906,
47191,
47620,
47763,
48049,
48620,
49191,
49477,
49763,
49906,
50049,
50191,
50620,
50906,
51191,
51549,
51691,
51834,
51977,
52334,
52477,
52834,
53049,
53334,
53477,
53763,
53977,
54406,
54549,
54763,
55191,
55549,
55763,
56049,
56191,
56334,
56477,
56834,
57191,
57477,
57691,
57834,
57977,
58120,
58263,
58620,
59191,
59763,
60334,
60477,
61834,
62049,
62191,
62334,
62477,
62620,
62763,
63334,
63763,
64334,
64977,
65120,
66334,
66549,
66763,
68620,
68763,
68906,
69191,
69906,
71477,
71620,
71763,
72049,
73477,
74334,
76120,
76263,
76906,
77906,
78049,
78906,
81477,
82191,
83477,
85763,
86334,
86477,
86906,
87191,
87477,
88049,
88334,
88763,
89049,
89334,
89620,
90334,
91334,
91620,
91906,
92191,
93049,
93334,
93620,
93763,
94191,
94334,
94477,
106406,
106620,
106906,
107049,
107191,
107334,
107763,
108049,
108334,
108691,
108834,
108977,
109120,
109477,
109620,
109977,
110191,
110406,
110549,
110691,
110834,
111120,
111549,
111691,
111906,
112334,
112691,
112906,
113191,
113334,
113477,
113620,
113977,
114334,
114620,
114906,
115049,
115191,
115334,
115477,
115763,
116334,
116906,
117477,
117620,
118977,
119191,
119334,
119477,
119620,
119763,
119906,
120477,
120906,
121477,
122120,
122263,
123477,
123691,
123906,
130477,
133906,
136191,
136620,
137049,
137477,
138334,
138763,
139334,
140906,
142906,
143477,
143906,
144334,
145763,
146334,
147620,
148049,
148620,
150049,
152620,
154334,
155191,
157191,
160906,
161191,
161406,
161549,
161691,
161834,
162049,
162263,
162620,
162906,
163191,
163549,
163691,
163834,
163977,
164334,
164477,
164691,
164834,
165049,
165263,
165406,
165549,
165763,
165977,
166120,
166406,
166549,
166763,
166906,
167191,
167334,
167549,
167763,
168049,
168263,
168477,
168620,
168834,
169049,
169191,
169334,
169477,
169620,
169763,
169906,
170049,
170191,
170334,
170620,
170906,
171049,
171191,
171334,
171477,
171763,
172049,
172334,
172691,
172834,
173049,
173191,
173477,
173620,
173763,
173977,
174191,
174406,
174549,
174691,
174834,
174977,
175191,
175549,
175691,
175906,
176049,
176334,
176691,
176906,
177191,
177334,
177477,
177620,
177906,
178120,
178334,
178477,
178620,
178763,
178906,
179049,
179191,
179334,
179477,
179763,
180334,
180477,
180620,
180906,
181334,
181477,
181620,
182977,
183191,
183334,
183477,
183620,
183763,
183906,
184477,
184620,
184906,
185334,
185477,
186120,
186263,
187477,
187691,
187906,
188334,
188620,
188906,
189477,
189620,
189763,
190049,
190477,
190620,
190763,
192120,
192620,
192763,
192906,
193049,
193620,
193763,
194049,
194477,
194620,
195263,
195406,
196620,
196834,
197049,
201620,
202620,
203191,
204620,
204906,

4 Column Long Note Times:
1191,
3477,
5763,
8049,
9763,
10620,
10763,
12334,
13049,
13191,
13477,
13763,
14049,
15477,
15620,
15763,
16620,
17477,
17763,
18049,
18191,
24049,
24477,
24906,
37477,
39191,
40477,
42334,
44620,
60620,
60906,
61191,
61477,
62906,
63477,
64049,
64620,
64763,
65334,
65477,
65763,
66191,
67191,
67763,
67906,
69477,
70191,
70334,
70620,
70906,
71191,
72620,
72763,
72906,
73763,
74620,
74906,
75191,
75334,
83906,
85049,
94620,
96334,
97620,
99477,
101763,
104049,
105763,
117763,
118049,
118334,
118620,
120049,
120620,
121191,
121763,
121906,
122477,
122620,
122906,
123334,
124334,
125763,
127477,
128906,
129906,
131049,
132049,
132334,
133477,
135191,
139906,
141763,
144477,
149049,
150906,
153477,
156334,
157763,
180049,
181763,
182049,
182334,
182620,
184049,
185763,
185906,
186477,
186620,
186906,
187334,
189191,
190906,
191191,
191477,
191763,
192334,
193191,
194906,
195049,
195620,
195763,
196049,
196477,
197763,
198191,
198620,
200049,
200477,
200906,
206191,

4 Column Release Times:
2620,
4906,
7191,
9477,
10334,
10691,
10834,
12620,
13120,
13263,
13549,
13906,
14191,
15549,
15691,
16049,
16906,
17549,
17834,
18120,
18477,
24334,
24763,
25191,
37763,
40049,
42049,
44334,
46334,
60691,
60977,
61263,
61620,
63120,
63691,
64263,
64691,
64834,
65406,
65549,
66049,
66263,
67477,
67834,
67977,
69763,
70263,
70406,
70691,
71049,
71334,
72691,
72834,
73191,
74049,
74691,
74977,
75263,
75620,
84191,
85620,
96049,
97191,
99191,
101477,
103477,
104620,
106334,
117834,
118120,
118406,
118763,
120263,
120834,
121406,
121834,
121977,
122549,
122691,
123191,
123406,
124620,
125906,
127620,
129049,
130049,
131191,
132191,
132477,
133620,
135334,
140334,
142191,
144906,
149477,
151477,
153906,
156620,
158049,
180191,
181834,
182120,
182406,
182763,
184191,
185834,
185977,
186549,
186691,
187191,
187406,
189334,
190977,
191263,
191549,
191906,
192477,
193334,
194977,
195120,
195691,
195834,
196334,
196549,
198049,
198477,
198906,
200334,
200763,
201191,
206763,

