Artist : hololive
Song Name : hololive song pack
Difficulty : 0
BPM : 90
Background Image : charts\hololive-hololive song pack\Ghost In A Flower - Uruha Rushia.png
Audio : charts\hololive-hololive song pack\Ghost In A Flower - Uruha Rushia.mp3

1 Column Hit Times:
10111,
11444,
16778,
18111,
22111,
25778,
27111,
28444,
29444,
30778,
36605,
37105,
38438,
41730,
43105,
43938,
44438,
44771,
45438,
46438,
47438,
48105,
48938,
50771,
51438,
55438,
56105,
56771,
58271,
58771,
60105,
60438,
63438,
65438,
65771,
66271,
66605,
66771,
67771,
67938,
68271,
68771,
69105,
69438,
69605,
69771,
70271,
70771,
71271,
71605,
71771,
72105,
73105,
73438,
73605,
75438,
76105,
76271,
76938,
77105,
78271,
78605,
78771,
79271,
79771,
80105,
80438,
81105,
81438,
81605,
82105,
82438,
82771,
83438,
84105,
85438,
88771,
92771,
96771,
99438,
102105,
109438,
115432,
120099,
121099,
122599,
123099,
123432,
124099,
125099,
126099,
126766,
127599,
129432,
130099,
134099,
134766,
135432,
136932,
137432,
138432,
138599,
139099,
145766,
146099,
146599,
147099,
147599,
148099,
148432,
148766,
149599,
150266,
150432,
150766,
155099,
155432,
155766,
156099,
156432,
156766,
156932,
157432,
157766,
157932,
158321,
158766,
159099,
159432,
165766,
170766,
181426,
182093,
184759,
185426,
186426,
186759,
189426,
190759,
192759,
198093,
198759,
199426,
200093,
200593,
200926,
201426,
202593,
202759,
203093,
206093,
208093,
208426,
208926,
209259,
209426,
210426,
210593,
210759,
211093,
211426,
211593,
211759,
212093,
212426,
212759,
212926,
213426,
214093,
214426,
214759,
215093,
215426,
216759,
217093,
217759,
217926,
218759,
219093,
219426,
220259,
220426,
221093,
221426,
221593,
221926,
222259,
222759,
223093,
223426,
223593,
223759,
224093,
224426,
224593,
224926,
225093,
225426,
226093,
226426,
226759,
227093,
227426,
227759,
232759,
238093,
241093,

1 Column Long Note Times:
5444,
8111,
12444,
14778,
20444,
22778,
38771,
41105,
46771,
49438,
52438,
53105,
54105,
54771,
57438,
60605,
67271,
72271,
74438,
77605,
80605,
91105,
94771,
97438,
102771,
105438,
106938,
117432,
119432,
125432,
128099,
131099,
131766,
132766,
133432,
136099,
139266,
142432,
143766,
149099,
149766,
151266,
152099,
153099,
159766,
160182,
160932,
161432,
161766,
162349,
162766,
179426,
180759,
195759,
196759,
197426,
203259,
207426,
209926,
215593,
219593,
220593,
225593,
228093,
233426,
234759,
238759,

1 Column Release Times:
5778,
8444,
12778,
15111,
20778,
23111,
39105,
41438,
47105,
50105,
52771,
53438,
54271,
55105,
57771,
62771,
67605,
72605,
74771,
77938,
80938,
91438,
95105,
97771,
103105,
106105,
108105,
117766,
119766,
125766,
128766,
131432,
132099,
132932,
133766,
136432,
141432,
142599,
145432,
149432,
150099,
151599,
152432,
153432,
160099,
160432,
161182,
161682,
162099,
162599,
165432,
179759,
181093,
196093,
196926,
197759,
205426,
207759,
210259,
216093,
220093,
220926,
225926,
231426,
233759,
235093,
239093,

2 Column Hit Times:
7444,
25111,
26111,
27444,
28111,
31459,
34808,
37771,
41771,
42771,
43771,
44938,
45438,
45771,
46271,
46605,
47271,
48105,
48438,
48771,
49271,
50105,
50271,
51605,
52105,
54605,
55605,
56105,
56438,
56938,
57938,
59771,
59938,
60771,
62105,
62771,
63438,
63938,
65771,
65938,
66438,
66771,
67105,
67771,
68188,
68438,
68688,
68938,
69105,
69271,
69605,
69938,
70438,
70771,
70938,
71438,
71771,
71938,
72771,
72938,
73271,
73605,
75105,
75771,
76105,
76438,
76771,
77105,
77271,
78105,
78438,
78771,
79105,
79271,
79605,
79771,
79938,
80105,
80438,
80771,
81271,
81438,
81771,
82605,
82771,
83105,
83605,
87438,
110120,
113469,
116099,
117099,
120766,
121432,
122099,
123599,
124099,
124432,
124932,
125266,
125932,
126766,
127099,
127432,
127932,
128766,
128932,
130266,
130766,
133266,
134266,
134766,
135099,
135599,
136599,
138766,
139432,
140766,
141432,
142099,
144099,
144766,
144932,
145932,
146266,
146432,
146682,
146932,
147099,
147266,
147766,
147932,
148266,
148432,
148766,
149516,
150099,
150266,
150599,
150766,
150932,
151766,
151932,
153432,
153766,
153932,
154599,
154932,
155266,
155599,
155932,
156266,
156599,
157099,
157266,
157599,
157932,
158099,
158321,
158543,
159099,
159349,
159599,
160099,
171447,
174796,
182426,
183759,
184426,
185093,
186093,
187426,
190093,
190759,
192093,
197259,
197759,
198259,
198759,
199093,
199593,
200093,
200759,
201426,
202259,
203426,
204759,
205426,
206093,
206593,
208426,
208593,
209093,
209426,
209759,
210426,
210843,
211093,
211343,
211593,
211759,
211926,
212259,
213093,
213509,
213759,
214093,
214426,
214593,
215093,
215259,
215759,
216093,
216426,
216593,
217593,
217759,
218093,
219093,
219426,
219926,
220093,
220426,
220759,
221093,
221259,
221426,
221593,
221759,
222009,
222259,
222426,
222593,
222926,
223259,
223426,
223593,
223926,
224259,
224759,
225093,
225259,
225759,
226093,
226259,
226593,
227093,
227426,
240426,

2 Column Long Note Times:
5778,
8444,
10778,
12111,
14111,
15111,
16444,
18778,
20111,
21778,
23111,
24111,
39105,
40438,
41105,
44105,
49605,
50771,
53105,
53771,
54105,
57438,
58438,
61105,
64105,
67271,
72271,
74105,
77605,
81938,
84105,
88438,
89771,
90771,
92438,
93771,
95438,
98771,
100438,
101438,
104771,
106105,
117766,
118432,
119766,
122766,
128266,
129432,
131099,
132432,
132766,
136099,
137099,
139766,
142766,
145266,
149099,
151266,
152432,
160432,
161016,
161516,
162266,
163099,
178759,
180426,
181093,
188759,
194093,
195759,
196426,
196759,
200259,
200926,
203759,
206759,
207759,
209926,
216926,
218259,
228093,
233759,
236093,
239093,

2 Column Release Times:
6111,
8778,
11111,
12444,
14444,
15444,
16778,
19111,
20444,
22111,
23444,
24444,
39438,
40771,
41438,
44438,
49938,
51438,
53438,
53938,
54271,
57771,
58938,
61438,
64771,
67605,
72605,
74438,
77938,
82438,
85438,
88771,
90105,
91105,
92771,
94105,
95771,
99105,
100771,
101771,
105105,
106771,
118099,
118766,
120099,
123099,
128599,
130099,
131432,
132599,
132932,
136432,
137599,
140099,
142932,
145766,
149432,
151599,
152766,
160766,
161266,
161766,
162516,
165766,
179093,
180759,
181426,
189426,
194759,
196093,
196593,
196926,
200593,
201259,
204093,
207426,
208093,
210259,
217426,
218759,
232093,
234093,
236426,
239426,

3 Column Hit Times:
8778,
13778,
15444,
23444,
26444,
27778,
32141,
34126,
36771,
37438,
38105,
38771,
41438,
42105,
43605,
44105,
44605,
46105,
46771,
47105,
47605,
48105,
49105,
49438,
49938,
50438,
50605,
51438,
51771,
52105,
54771,
55105,
55438,
55771,
56105,
57271,
57771,
58105,
58771,
59105,
59438,
60105,
60771,
61438,
62105,
63105,
63771,
65438,
65938,
66105,
66938,
67105,
67605,
68105,
68438,
68605,
68938,
69438,
69771,
70105,
70438,
70605,
70938,
71105,
71938,
72438,
72771,
73105,
73438,
75438,
75771,
76271,
77271,
77438,
77938,
78438,
78605,
78855,
79105,
79438,
79938,
80271,
80605,
81105,
81271,
81605,
81938,
82438,
82605,
82938,
83271,
83605,
83771,
83938,
84438,
84771,
91438,
95771,
100771,
110802,
112787,
120099,
120432,
121766,
122266,
122766,
123266,
124766,
125432,
125766,
126266,
126766,
127766,
128099,
128599,
129099,
129266,
130099,
130432,
130766,
133432,
133766,
134099,
134432,
134766,
135932,
136432,
136766,
137432,
137766,
138099,
138766,
139432,
140099,
140766,
141766,
144432,
144599,
144932,
145099,
145766,
145932,
146266,
146599,
146766,
147266,
147432,
148099,
148599,
149432,
150182,
150432,
150682,
150932,
151099,
151599,
151766,
151932,
154266,
154432,
154766,
155099,
155266,
155432,
155599,
155766,
156099,
156266,
156432,
156682,
156932,
157266,
157599,
157766,
158099,
158321,
158543,
158766,
159266,
159432,
159599,
159766,
167099,
172129,
174114,
181718,
183093,
184093,
185759,
186759,
188093,
192093,
193426,
197426,
197926,
198093,
198426,
198759,
199926,
200759,
200926,
201259,
201426,
201759,
202093,
202426,
202759,
203426,
204093,
204759,
205759,
206426,
208093,
208593,
208759,
209593,
209759,
210259,
210759,
210926,
211259,
211426,
211676,
212093,
212426,
212759,
213093,
213259,
213426,
213593,
214593,
215259,
215426,
215593,
216093,
216426,
216593,
216926,
217093,
217426,
217926,
218093,
218926,
219259,
219426,
219759,
220093,
220593,
220926,
221259,
221509,
221759,
221926,
222093,
222759,
222926,
223093,
223759,
224093,
224426,
225093,
225259,
225426,
225593,
225926,
226259,
226759,
227759,
239426,

3 Column Long Note Times:
7111,
9778,
11111,
17444,
19111,
21444,
24778,
28778,
39438,
40105,
40771,
45105,
52438,
53771,
54438,
62438,
66271,
71271,
73771,
74438,
76605,
85105,
87105,
88105,
89438,
93438,
96438,
97771,
99105,
101771,
103105,
104105,
105771,
106438,
114766,
118766,
119432,
123766,
131766,
132432,
133099,
141099,
143099,
143432,
148932,
149766,
152099,
153099,
160182,
160849,
161682,
162099,
162432,
163266,
179093,
180093,
195426,
196426,
197093,
200259,
205093,
208926,
213926,
214759,
228093,
232426,
235093,
236426,
237759,
240759,

3 Column Release Times:
7444,
10111,
11444,
17778,
19444,
21778,
25111,
29444,
39771,
40438,
41105,
45605,
52771,
53938,
54605,
62771,
66771,
71771,
74105,
74938,
77105,
85438,
87438,
88438,
89771,
93771,
96771,
98105,
99438,
102105,
103438,
104438,
106105,
106771,
117432,
119099,
119766,
124266,
132099,
132599,
133266,
141432,
143266,
143599,
149099,
150099,
152432,
153432,
160432,
161099,
161932,
162349,
162766,
164099,
179426,
181426,
195759,
196593,
197259,
200593,
205426,
209426,
214259,
215093,
230759,
232759,
235426,
236759,
238093,
241093,

4 Column Hit Times:
6111,
12778,
14444,
19444,
20778,
24444,
33445,
41438,
42438,
43438,
44771,
45438,
46105,
47438,
48771,
49438,
49771,
50105,
50771,
51938,
54271,
55271,
56771,
57105,
57438,
58105,
58771,
59438,
59605,
61438,
62771,
63605,
66105,
66771,
66938,
67438,
67605,
68105,
68605,
69271,
69438,
70605,
70771,
71105,
71771,
72105,
72605,
72938,
73271,
73438,
73605,
75438,
76105,
76438,
76605,
77105,
77438,
77771,
78105,
78271,
78938,
79355,
79605,
80105,
80271,
80938,
81438,
81771,
82271,
82438,
83771,
84105,
85438,
90105,
94105,
95105,
98105,
112106,
116766,
117432,
122432,
123432,
124099,
124766,
126099,
127432,
128099,
128432,
128766,
129432,
130599,
132932,
133932,
135432,
135766,
136099,
136766,
137432,
138099,
138266,
140099,
141432,
144099,
144432,
144599,
144766,
145099,
146099,
146432,
146766,
146932,
147182,
147432,
147766,
148266,
148599,
149432,
149599,
150099,
150599,
151099,
151599,
152099,
154766,
154932,
155432,
155932,
156182,
156599,
156766,
157099,
157432,
157682,
158099,
158766,
159182,
159432,
159766,
160099,
173433,
181426,
181759,
182759,
183426,
188093,
189426,
193426,
194759,
196926,
199426,
199759,
200093,
200593,
201259,
202093,
204093,
205426,
206259,
208759,
209426,
209593,
210093,
210259,
210759,
210926,
211259,
211926,
212093,
212593,
212926,
213259,
213426,
213593,
213759,
214259,
215426,
215926,
216093,
216426,
216759,
217093,
217426,
217593,
218759,
219093,
219259,
219593,
219926,
220093,
220259,
220426,
220926,
221426,
221926,
222093,
222426,
222593,
222759,
223259,
223926,
224093,
224259,
225426,
225926,
226426,
226593,
234093,
235426,
236759,

4 Column Long Note Times:
6778,
9444,
13444,
16111,
17778,
25444,
36105,
39771,
40771,
44105,
46771,
47771,
51105,
52438,
53105,
53771,
54771,
55771,
60105,
61771,
64438,
65438,
69938,
73771,
74438,
82938,
86771,
92105,
96105,
100105,
103438,
104438,
106771,
118099,
119099,
119766,
122766,
125432,
126432,
129766,
131099,
131766,
132432,
133432,
134432,
138766,
140432,
142432,
142766,
143099,
143432,
143766,
145266,
148932,
152432,
153099,
160766,
161099,
161599,
162182,
162766,
163432,
179759,
191426,
195093,
195759,
196426,
197426,
198426,
202759,
204426,
207093,
208093,
214759,
218259,
224593,
226759,
232093,
237426,
240093,
241426,

4 Column Release Times:
7111,
9778,
13778,
16444,
18111,
29444,
38771,
40105,
41105,
44438,
47105,
48271,
51438,
52771,
53438,
53938,
55105,
56271,
60771,
62105,
64771,
65771,
70271,
74105,
75105,
83271,
87105,
92438,
96438,
100438,
103771,
104771,
108105,
118432,
119432,
120099,
123099,
125766,
126932,
130099,
131432,
132099,
132599,
133766,
134932,
139432,
140766,
142599,
142932,
143266,
143599,
143932,
145766,
149099,
152766,
153432,
161016,
161432,
161849,
162432,
163099,
167099,
180093,
192093,
195426,
196093,
196593,
197759,
198926,
203426,
204759,
207426,
208426,
215093,
218593,
225093,
228093,
232426,
237759,
240426,
242093,

