Artist : hololive
Song Name : hololive song pack
Difficulty : 0
BPM : 170
Background Image : charts\hololive-hololive song pack\Goodbye Sengen - Uruha Rushia.png
Audio : charts\hololive-hololive song pack\Goodbye Sengen - Uruha Rushia.ogg

1 Column Hit Times:
2184,
2890,
3243,
5007,
5713,
10831,
11184,
11713,
14184,
14537,
16301,
16654,
19125,
20184,
20890,
24066,
24772,
25125,
25831,
26360,
27243,
29713,
30772,
32537,
33772,
34125,
34478,
34831,
37125,
37831,
38537,
39949,
40654,
42419,
43478,
44184,
44890,
46654,
47007,
47713,
48772,
49125,
50537,
50890,
51949,
52301,
53713,
54772,
55478,
56890,
57243,
57949,
58125,
59713,
60243,
60772,
64301,
64478,
65360,
65890,
66419,
67478,
68537,
72949,
73478,
78949,
79478,
81949,
82301,
84066,
84419,
86890,
92537,
94654,
95360,
97831,
98360,
99949,
101007,
118125,
118654,
118831,
119360,
119537,
121478,
121654,
121831,
122007,
126772,
126949,
128890,
129066,
130301,
131007,
131537,
131713,
132596,
133301,
134007,
134713,
137890,
138772,
139478,
140184,
141596,
142301,
144066,
145125,
145831,
146537,
148301,
149007,
149537,
150419,
150772,
152184,
152537,
153066,
153596,
153949,
155007,
155360,
156419,
157125,
158537,
158890,
159596,
161360,
161890,
162419,
165949,
166125,
168066,
168419,
169478,
170184,

1 Column Long Note Times:
3949,
6419,
7831,
8537,
9596,
12419,
22654,
28301,
38890,
41360,
45243,
45949,
49478,
53007,
58654,
62184,
62713,
63243,
70654,
71713,
74537,
75596,
76301,
77360,
80184,
88301,
91478,
93243,
96066,
102419,
104537,
107360,
111596,
113007,
114066,
116184,
117243,
123419,
125007,
125713,
127478,
128184,
143007,
146890,
147596,
151125,
160301,
163831,
164360,
164890,
166654,
167360,

1 Column Release Times:
4301,
6772,
8007,
8890,
9949,
12772,
23007,
28831,
39243,
41713,
45596,
46301,
49831,
53360,
59007,
62537,
63066,
63419,
71007,
72066,
74890,
75772,
76654,
77713,
80537,
88654,
91831,
93772,
96596,
102772,
104890,
108772,
111860,
113360,
114243,
116360,
117596,
123772,
125184,
126419,
127831,
128537,
143360,
147243,
147949,
151478,
160654,
164184,
164713,
165066,
166831,
167537,

2 Column Hit Times:
2360,
2713,
4831,
5360,
6066,
10478,
11360,
12772,
13125,
15596,
15949,
17713,
18066,
18772,
25478,
27949,
30066,
32890,
35184,
35537,
35890,
36066,
37478,
40125,
40831,
41360,
42772,
44890,
45949,
47007,
47537,
48066,
49831,
50537,
52125,
54066,
54772,
57066,
57949,
61125,
61831,
63949,
64654,
66772,
67478,
68537,
68890,
70301,
71537,
72596,
73301,
73831,
78243,
78772,
80890,
81066,
83360,
83713,
85478,
85831,
86537,
92713,
95007,
95713,
97831,
98537,
99243,
100831,
117419,
120243,
120419,
121301,
130478,
131890,
132419,
132949,
134360,
134890,
138066,
139125,
141772,
142478,
143007,
144419,
146537,
147596,
148831,
149625,
150066,
151478,
152184,
154125,
155007,
155713,
156419,
159949,
160125,
162772,
163478,
165596,
166301,
168772,
169125,
170890,

2 Column Long Note Times:
8184,
23360,
26537,
28831,
31831,
51596,
52654,
55125,
55831,
56537,
58654,
63419,
76125,
79831,
87596,
90772,
93772,
96596,
101713,
103125,
106654,
109125,
109831,
111860,
112831,
114243,
116360,
117949,
120596,
124125,
125360,
129419,
140537,
153243,
157478,
158184,
165066,
166654,
167713,

2 Column Release Times:
8360,
23713,
26890,
29360,
32184,
51949,
53007,
55478,
56184,
56890,
59007,
63596,
76301,
80184,
87949,
91125,
94301,
97125,
102066,
103831,
107007,
109478,
110184,
112125,
113007,
114419,
116537,
118301,
120949,
124301,
125537,
129772,
140890,
153596,
157831,
158537,
165243,
166831,
167890,

3 Column Hit Times:
2537,
3772,
4301,
5537,
6243,
8890,
9419,
9949,
11007,
12949,
13301,
14890,
15243,
18419,
19478,
24419,
24949,
27243,
27949,
30066,
30772,
31478,
32184,
33596,
37125,
37831,
38537,
39243,
39596,
40301,
41007,
41713,
43125,
43478,
44184,
45772,
47360,
48419,
49125,
49831,
51419,
52654,
54066,
56184,
58301,
61125,
61831,
63949,
64654,
67125,
67301,
67831,
68890,
70125,
70478,
72066,
72772,
74007,
76654,
77184,
77713,
78419,
79125,
80537,
80713,
82654,
83007,
86184,
87243,
89007,
89360,
91831,
92184,
92890,
93243,
95713,
96419,
98184,
98890,
99419,
100654,
104184,
104360,
117772,
121125,
130831,
133125,
133654,
133831,
134360,
134890,
138243,
138772,
139478,
140184,
140890,
141243,
141949,
142654,
143360,
144772,
145125,
145831,
147419,
148301,
148654,
149713,
150772,
151478,
152007,
154301,
154831,
155713,
157831,
159596,
159772,
162772,
163478,
165596,
166301,
168949,
169301,

3 Column Long Note Times:
6772,
7478,
8360,
12066,
20537,
23007,
26007,
29360,
44537,
50890,
57243,
74890,
75949,
90419,
94301,
97125,
102066,
107007,
109478,
110184,
112125,
112566,
113537,
114684,
115125,
116713,
117066,
118301,
123949,
124478,
125184,
129772,
152537,
156772,
158890,
167360,

3 Column Release Times:
7125,
7654,
8537,
12419,
20890,
23360,
26537,
29713,
44890,
51243,
57596,
75066,
76125,
90772,
94654,
97478,
102419,
107360,
109831,
111596,
112301,
112831,
114066,
114949,
115478,
116890,
117243,
118654,
124125,
125007,
125360,
130125,
152890,
157125,
159243,
167537,

4 Column Hit Times:
1478,
1831,
3949,
5184,
8537,
9596,
10654,
12419,
17007,
17360,
21243,
21596,
21949,
22301,
25125,
26890,
27596,
28301,
28654,
29184,
30419,
33243,
33772,
34301,
34654,
35007,
36772,
39243,
42772,
45243,
45596,
46301,
47713,
48419,
51243,
51596,
53007,
54419,
55478,
56184,
56537,
57596,
58301,
58478,
61478,
61654,
62537,
63066,
63596,
66772,
67831,
69243,
69949,
70654,
71007,
71713,
73125,
76301,
77360,
78596,
80184,
84772,
85125,
87949,
88654,
89713,
90066,
92890,
93596,
94125,
95007,
95537,
96066,
96949,
97478,
98537,
99596,
100301,
103831,
104007,
118478,
119007,
119184,
119713,
120949,
122537,
122713,
122890,
123066,
126419,
126596,
128537,
128713,
130125,
130654,
132066,
132596,
133301,
134007,
134713,
138419,
140890,
144419,
146890,
147243,
147949,
148478,
149007,
150066,
151831,
152890,
153243,
154301,
154654,
156066,
157125,
157831,
158184,
158713,
159243,
159949,
163125,
163301,
164184,
164713,
165243,
168243,
168596,
169478,
170184,

4 Column Long Note Times:
2890,
5713,
7125,
11360,
13654,
19831,
23713,
25478,
31125,
38184,
39596,
40301,
41007,
41713,
43831,
50184,
52301,
59360,
59890,
60419,
65007,
65537,
66066,
73478,
74184,
75243,
79125,
81419,
91125,
101360,
102772,
104890,
108949,
112301,
113360,
114419,
114949,
116537,
116890,
117596,
119890,
123772,
125537,
127125,
127831,
131184,
135419,
139831,
141243,
141949,
142654,
143360,
145478,
146184,
160301,
161007,
161537,
162066,
167007,

4 Column Release Times:
3243,
6066,
7301,
11713,
14184,
20184,
24066,
26007,
31478,
38537,
39949,
40654,
41360,
42066,
44184,
50537,
52654,
59713,
60243,
60772,
65360,
65890,
66419,
73831,
74537,
75419,
79478,
81949,
91478,
101713,
103125,
106654,
109125,
112566,
113537,
114684,
115125,
116713,
117066,
117949,
120243,
123949,
125713,
127478,
128184,
131537,
136478,
140184,
141596,
142301,
143007,
143713,
145831,
146537,
160654,
161360,
161890,
162419,
167184,

