Artist : hololive
Song Name : hololive song pack
Difficulty : 0
BPM : 190
Background Image : charts\hololive-hololive song pack\Goodbye Sengen - Uruha Rushia.png
Audio : charts\hololive-hololive song pack\Goodbye Sengen - Uruha Rushia.ogg

1 Column Hit Times:
2184,
2360,
2890,
3949,
4125,
4654,
5184,
6066,
6596,
7478,
7831,
8184,
8537,
8713,
9243,
9772,
10478,
11007,
11537,
12066,
13125,
13301,
16301,
18596,
19125,
19478,
20007,
20713,
21949,
23360,
23713,
24066,
24772,
25125,
25831,
26360,
26890,
27243,
27419,
27772,
29713,
30066,
30243,
30772,
30949,
31301,
32096,
32537,
33772,
34125,
34478,
35007,
35537,
36066,
36949,
37125,
37831,
38360,
39419,
39949,
40125,
40654,
40831,
41713,
42419,
42949,
44537,
44713,
46654,
47007,
47537,
47713,
48772,
49654,
50537,
50713,
51949,
52125,
52654,
53007,
53713,
54243,
55831,
56007,
58301,
58478,
59007,
59184,
59713,
59890,
60419,
60772,
60949,
61831,
62184,
64654,
64831,
65360,
65537,
66066,
67125,
67301,
67654,
70654,
71713,
71890,
72419,
72949,
73831,
74360,
75243,
75596,
75949,
76301,
76478,
77007,
77537,
78243,
78772,
79301,
79831,
84066,
86360,
86890,
87243,
87772,
88478,
89713,
91125,
91478,
91831,
92537,
92890,
93596,
94125,
94654,
95007,
95184,
95537,
97478,
97831,
98007,
98360,
99066,
99596,
100125,
100478,
100831,
101184,
101713,
103831,
104007,
109125,
115831,
116449,
125007,
125360,
125713,
128537,
128713,
129243,
129772,
129949,
130301,
131184,
131537,
131713,
133301,
134007,
134360,
134713,
134890,
135419,
135772,
136125,
137890,
138596,
138772,
139125,
139478,
140007,
140537,
141066,
141596,
141772,
142301,
142478,
143360,
144066,
144596,
145831,
146360,
148301,
148654,
149184,
149537,
150066,
150419,
151301,
152007,
152537,
152890,
153596,
153772,
154301,
154831,
155007,
155360,
155890,
156419,
157478,
157654,
159596,
159949,
160125,
160654,
161360,
161537,
162066,
162419,
162596,
163125,
163301,
163831,
165596,
165772,
166125,
166654,
166831,
167537,
168066,
168772,
169125,
169478,
170890,

1 Column Long Note Times:
13654,
14184,
15243,
17007,
17890,
20360,
21066,
22654,
28301,
33066,
43654,
45243,
45949,
54949,
56537,
57243,
62713,
68890,
81949,
83007,
84772,
85831,
88125,
88831,
90419,
96066,
102772,
104537,
107360,
109478,
111596,
112566,
113360,
114243,
115125,
117066,
118301,
118478,
118654,
119360,
120243,
121125,
121478,
121654,
121831,
122007,
123419,
127125,
127831,
132596,
145301,
146890,
147596,
156596,
158184,
158890,
164360,
168419,

1 Column Release Times:
13831,
14713,
15772,
17537,
18066,
20537,
21243,
23007,
28654,
33243,
44007,
45596,
46301,
55301,
56890,
57596,
63243,
69243,
82478,
83537,
85301,
86184,
88301,
89007,
90772,
96419,
103125,
104713,
108772,
109654,
111860,
112831,
113537,
114419,
115478,
117243,
118390,
118566,
119007,
119713,
120419,
121301,
121566,
121743,
121919,
122096,
123772,
127478,
128184,
132949,
145654,
147243,
147949,
156949,
158537,
159243,
164890,
168596,

2 Column Hit Times:
2713,
3419,
3860,
4301,
5007,
5272,
5713,
5890,
6772,
7301,
7831,
8184,
8801,
9596,
9860,
10654,
10919,
11360,
11713,
12154,
12419,
12772,
12949,
14537,
15243,
15949,
16478,
16831,
17713,
18772,
19301,
19654,
22301,
22478,
24243,
24949,
25478,
26007,
27949,
28125,
29360,
30596,
31390,
32007,
32890,
35537,
36066,
36772,
37037,
37301,
38713,
39066,
39596,
40301,
41007,
41360,
43478,
44360,
45243,
45949,
47007,
47360,
48066,
48331,
48949,
49831,
51243,
51419,
52301,
53890,
54066,
54772,
55654,
59007,
59184,
59890,
60243,
60419,
61125,
61301,
62007,
64301,
64478,
65007,
65537,
65890,
66066,
66419,
66596,
67831,
69243,
69949,
70478,
71184,
71625,
72066,
72772,
73037,
73478,
73654,
74537,
75066,
75596,
75949,
76566,
77360,
77625,
78419,
78684,
79125,
79478,
79919,
80184,
80537,
80713,
82654,
83360,
84243,
84596,
85125,
86537,
87066,
87419,
90066,
90243,
92007,
92713,
93243,
93772,
95007,
95184,
96066,
97125,
98537,
98713,
99243,
99596,
99949,
100125,
100566,
100831,
101360,
102419,
103125,
103301,
103831,
104007,
109213,
115478,
116360,
119184,
125096,
125449,
125625,
125890,
126066,
126419,
126596,
127125,
128184,
129419,
130125,
131007,
131890,
132066,
132419,
133125,
133654,
138066,
138419,
138684,
138949,
139478,
140360,
140713,
141243,
141596,
141949,
142301,
142654,
143007,
144419,
144772,
145301,
146007,
146537,
146890,
147596,
148654,
149007,
149360,
149625,
149978,
150596,
150949,
151478,
151831,
152184,
152360,
153949,
154301,
155537,
155713,
156066,
156419,
157125,
157301,
158537,
160301,
160654,
161537,
161890,
162066,
162419,
163125,
163301,
165949,
166213,
166654,
167184,
167890,
168419,
168860,
169213,
170184,

2 Column Long Note Times:
18066,
23007,
26537,
28831,
33596,
41713,
46301,
53007,
57596,
62184,
63243,
68184,
81596,
85654,
90772,
94301,
96596,
101713,
104713,
107184,
109831,
112301,
112831,
113537,
114949,
116890,
117949,
118125,
120419,
124125,
130478,
143360,
147949,
152890,
159243,
163831,
164890,
168066,

2 Column Release Times:
18419,
23360,
26890,
29184,
33772,
42066,
46654,
53360,
57949,
62713,
63419,
68537,
81772,
85831,
91125,
94654,
96949,
102066,
104890,
107360,
110007,
112566,
113007,
114066,
115125,
117066,
118037,
118213,
120596,
124301,
130654,
143713,
148301,
153243,
159596,
164360,
165066,
168243,

3 Column Hit Times:
1478,
1831,
2625,
3243,
3772,
4478,
5007,
5360,
5537,
6243,
6949,
7654,
8096,
8360,
8890,
9066,
9419,
10301,
10831,
11184,
11625,
12243,
12596,
14890,
15596,
16301,
16654,
17360,
18949,
19478,
21596,
22301,
24419,
24772,
25037,
26537,
27243,
27419,
28301,
28831,
30066,
30243,
30772,
30949,
32360,
34301,
34654,
34831,
35184,
35890,
37654,
38537,
39243,
42419,
42684,
43125,
44184,
45596,
45772,
46654,
47360,
47890,
48243,
48419,
50184,
50360,
50890,
51596,
53713,
53978,
54419,
55478,
56537,
57066,
57949,
58125,
58654,
58831,
61831,
62007,
62713,
63066,
63243,
63596,
63772,
64654,
66772,
66949,
67478,
67831,
68537,
69243,
70301,
71007,
71537,
72243,
72772,
73125,
73301,
74007,
74713,
75419,
75860,
76125,
76654,
76831,
77184,
78066,
78596,
78949,
79390,
80007,
80360,
81066,
82301,
83007,
83713,
84066,
84419,
85478,
85831,
86713,
87243,
89360,
90066,
92184,
92537,
92801,
94301,
95713,
95890,
96596,
97831,
98007,
98890,
99419,
99860,
100301,
100654,
101007,
101360,
102772,
103037,
103478,
103654,
104184,
104360,
109301,
115390,
116272,
118831,
119537,
125184,
125537,
125978,
126243,
126772,
126949,
127478,
127831,
128890,
129419,
129772,
130654,
130831,
131007,
131537,
132949,
133831,
138243,
138772,
139301,
139654,
140184,
140890,
143890,
144066,
144331,
144772,
145125,
145831,
146184,
147243,
147419,
148301,
149007,
149713,
149890,
150066,
150419,
150772,
151478,
151831,
152007,
152360,
153243,
153596,
154125,
154478,
155007,
155360,
155625,
156066,
157125,
157478,
157831,
158184,
158713,
159243,
159596,
159772,
160390,
160831,
162772,
163478,
164360,
164713,
164890,
165243,
165419,
165949,
166301,
166566,
167007,
167360,
167713,
168949,
169390,

3 Column Long Note Times:
14007,
19831,
20537,
23713,
26007,
29360,
31654,
33419,
41360,
52654,
59360,
60419,
65007,
66066,
81772,
87596,
88301,
91478,
93772,
97125,
102066,
107007,
109654,
110184,
112125,
114684,
116537,
117596,
117772,
119890,
120596,
122537,
122713,
122890,
123949,
124478,
128184,
143007,
161007,
162066,

3 Column Release Times:
14184,
20007,
20713,
24066,
26360,
29713,
31831,
33596,
41713,
53007,
59890,
60772,
65537,
66419,
81949,
87772,
88478,
91831,
94125,
97478,
102419,
107184,
109831,
111596,
112301,
114949,
116713,
117684,
117860,
120243,
120949,
122625,
122801,
122978,
124125,
125007,
128537,
143360,
161537,
162419,

4 Column Hit Times:
2537,
2890,
3066,
3596,
3949,
4831,
5360,
5713,
6419,
6772,
7125,
8007,
8537,
9596,
9949,
10125,
10654,
11007,
11360,
11890,
12419,
14184,
16654,
17007,
18066,
18419,
18772,
19125,
20096,
20801,
21243,
21949,
22125,
22654,
23007,
24596,
25125,
27066,
27596,
27949,
28125,
28654,
29184,
29890,
30419,
32537,
33772,
34301,
34654,
34831,
35184,
35890,
36772,
37478,
38890,
41890,
42066,
42596,
42772,
43301,
44007,
44890,
45066,
46831,
47184,
47625,
48066,
48596,
49125,
50007,
53184,
53360,
54596,
55301,
56184,
56360,
56890,
57243,
58743,
59360,
61478,
61654,
62537,
62713,
63243,
63949,
64125,
64831,
67478,
67654,
68537,
70125,
70654,
70831,
71360,
71713,
72596,
73125,
73478,
74184,
74537,
74890,
75772,
76301,
77360,
77713,
77890,
78419,
78772,
79125,
79654,
80184,
80890,
81949,
84419,
84772,
86184,
86537,
86890,
87860,
88566,
89007,
89713,
89890,
90419,
90772,
92360,
92890,
94831,
95360,
95713,
95890,
96419,
96949,
97654,
98184,
98537,
98713,
99772,
100301,
101007,
101537,
102066,
102949,
104184,
104360,
109390,
115301,
115654,
116184,
125272,
125713,
128537,
128890,
129066,
129596,
130478,
130831,
131890,
132596,
134007,
134360,
134713,
134890,
138419,
139125,
140184,
140537,
140890,
143537,
143713,
144243,
144419,
144949,
145125,
145654,
146184,
146537,
146713,
147243,
147949,
148478,
148831,
149272,
149713,
150243,
150772,
151654,
152184,
153949,
155184,
155713,
156243,
156596,
156949,
157831,
158007,
158537,
158890,
159949,
160478,
160831,
161007,
162772,
162949,
163478,
163654,
164184,
164360,
164890,
165596,
165772,
166301,
166478,
167007,
167360,
167713,
169037,
169301,
169478,
170184,

4 Column Long Note Times:
13831,
14713,
15772,
17537,
23360,
25478,
31125,
31831,
33243,
38007,
39596,
40301,
41007,
49301,
50890,
51596,
52301,
59890,
63419,
65537,
81419,
82478,
83537,
85301,
91125,
93243,
102419,
104890,
106654,
108949,
110007,
111860,
113007,
114066,
114419,
116713,
117243,
117419,
119007,
119713,
120949,
121301,
123066,
123772,
127478,
130125,
131184,
133301,
137007,
137360,
137713,
139654,
141243,
141949,
142654,
150949,
152537,
153243,
154478,
161537,
165066,
168243,
168596,

4 Column Release Times:
14007,
15243,
16301,
17890,
23713,
25831,
31301,
32007,
33419,
38360,
39949,
40654,
41360,
49654,
51243,
51949,
52654,
60419,
63596,
66066,
81596,
83007,
84066,
85654,
91478,
93596,
102772,
106566,
107007,
109125,
110184,
112125,
113360,
114243,
114684,
116890,
117331,
117507,
119360,
119890,
121125,
121478,
123154,
123949,
127831,
130301,
131537,
133654,
137184,
137625,
138243,
140007,
141596,
142301,
143007,
151301,
152890,
153596,
155007,
162066,
165243,
168419,
168949,

