Artist : hololive
Song Name : hololive song pack
Difficulty : 0
BPM : 170
Background Image : charts\hololive-hololive song pack\Goodbye Sengen - Uruha Rushia.png
Audio : charts\hololive-hololive song pack\Goodbye Sengen - Uruha Rushia.ogg

1 Column Hit Times:
2184,
2890,
3154,
3419,
3949,
4125,
4301,
4478,
4654,
5007,
5360,
5537,
5713,
5890,
6066,
6243,
6596,
6772,
6949,
7125,
7478,
7831,
8184,
8449,
8537,
8713,
9243,
9596,
9860,
10125,
10478,
11007,
11184,
11625,
11890,
12066,
12772,
13125,
13301,
13654,
13831,
14007,
14184,
14537,
14890,
15243,
15596,
15949,
16301,
16654,
17007,
17360,
17713,
18066,
18419,
18772,
19125,
19478,
19831,
20184,
20537,
20890,
21243,
21596,
21949,
22301,
22654,
23007,
23360,
23713,
24066,
25125,
25654,
26890,
27419,
27949,
28125,
29184,
29360,
29890,
30419,
30772,
31125,
31654,
31831,
32360,
32537,
33419,
34301,
34654,
35007,
36419,
37125,
37743,
38537,
38713,
39066,
39243,
40301,
40654,
41890,
42419,
42772,
43390,
44184,
44360,
44713,
44890,
45949,
47184,
47360,
47713,
48419,
48596,
48772,
48949,
49125,
49478,
50890,
51243,
53007,
53360,
54066,
54243,
54419,
54596,
54772,
55125,
55654,
56007,
56184,
57243,
58301,
58478,
58743,
59007,
59272,
59713,
59890,
60243,
60419,
60772,
63596,
65360,
65537,
65890,
66066,
66419,
67831,
68537,
69243,
70301,
70478,
70654,
70919,
71184,
71713,
71890,
72066,
72243,
72419,
72772,
73125,
73301,
73478,
73654,
73831,
74007,
74360,
74537,
74713,
74890,
75243,
75596,
75949,
76125,
76301,
76566,
76831,
77184,
77360,
77537,
78419,
78772,
79125,
79301,
79478,
79654,
80007,
80360,
81419,
81596,
81772,
84066,
84243,
87772,
88125,
88478,
88831,
89713,
90066,
92360,
94654,
95184,
95713,
96949,
97125,
97654,
98184,
98537,
98890,
99243,
99596,
99772,
99949,
100654,
101007,
101272,
101537,
101713,
102066,
102419,
102596,
102772,
103125,
103301,
103478,
103654,
103831,
104007,
104360,
105243,
105596,
105949,
106301,
110537,
111243,
112301,
115301,
115478,
115831,
123949,
124301,
126066,
126243,
126419,
126949,
128713,
129066,
129419,
129596,
129949,
130301,
130478,
131007,
131184,
131537,
131890,
132243,
132419,
133125,
133831,
134007,
134360,
134713,
134890,
138772,
139390,
140184,
140360,
140625,
140801,
141949,
142301,
142478,
143360,
143537,
144066,
144419,
145037,
145831,
146007,
146272,
146537,
147596,
148654,
148831,
149184,
149272,
150066,
150243,
150419,
150596,
150772,
151125,
152360,
152537,
152713,
152890,
153772,
154566,
155007,
155184,
155713,
155890,
156066,
156243,
156419,
156772,
157301,
157566,
157831,
158890,
159243,
159772,
159949,
160301,
160478,
160654,
160831,
161360,
161537,
161890,
162419,
165243,
166125,
166301,
166566,
166654,
166831,
167007,
167184,
167360,
167537,
167713,
167890,
168066,
168596,
168772,
168949,
169125,
169301,
169478,
170184,

1 Column Long Note Times:
8890,
12419,
24772,
25831,
26360,
28301,
28831,
31301,
32007,
33772,
35184,
35537,
35890,
36066,
36949,
37301,
38007,
39596,
41007,
41537,
42596,
42949,
43654,
45243,
46301,
48066,
49654,
50184,
50360,
51596,
52301,
53713,
55301,
56537,
57419,
57772,
61125,
61478,
61654,
62184,
62713,
63243,
63949,
64301,
64478,
66949,
67301,
67478,
77713,
80537,
81949,
83007,
84772,
86360,
86890,
87419,
90419,
91654,
93243,
93596,
94125,
96066,
96596,
104537,
106654,
107360,
109125,
109831,
110007,
111860,
112831,
113360,
114419,
116449,
116713,
117066,
117596,
117772,
118478,
118654,
119096,
119360,
120243,
121125,
121478,
121654,
121831,
122007,
122449,
123419,
125184,
125625,
127125,
127831,
128360,
132596,
133301,
137007,
137360,
137713,
138596,
138949,
139654,
141243,
142654,
143184,
144243,
144596,
145301,
146890,
147772,
147949,
149713,
151301,
151831,
152007,
153243,
153949,
155360,
156949,
158184,
159066,
159507,
161007,
162066,
162772,
163125,
163301,
163831,
164360,
164890,
165596,
165949,
168243,

1 Column Release Times:
9066,
12596,
24860,
25919,
26449,
28654,
28919,
31390,
32096,
34125,
35272,
35625,
35978,
36154,
37037,
37478,
38360,
39949,
41360,
41713,
42684,
43125,
44007,
45596,
46654,
48243,
49831,
50272,
50537,
51949,
52654,
53890,
55478,
56890,
57596,
57949,
61213,
61566,
61743,
62537,
63066,
63419,
64037,
64390,
64566,
67037,
67390,
67566,
77890,
81066,
82478,
83537,
85301,
86537,
87066,
87596,
90772,
91831,
93331,
93684,
94213,
96419,
96684,
104890,
107007,
108772,
109213,
109919,
110096,
112125,
113007,
114066,
114949,
116537,
116801,
117154,
117684,
117860,
118566,
119007,
119184,
119713,
120949,
121301,
121566,
121743,
121919,
122096,
122537,
123596,
125272,
125713,
127478,
128184,
128537,
132772,
133654,
137316,
137669,
138022,
138684,
139125,
140007,
141596,
143007,
143272,
144331,
144772,
145654,
147243,
147860,
148301,
149890,
151478,
151919,
152184,
153596,
154301,
155537,
157125,
158537,
159154,
159596,
161184,
162243,
162860,
163213,
163390,
164184,
164713,
165066,
165684,
166037,
168419,

2 Column Hit Times:
2184,
2360,
2713,
2890,
3154,
3596,
3860,
4125,
4831,
5007,
5360,
5713,
5978,
6419,
6772,
7478,
7654,
7831,
8184,
8449,
8713,
8890,
9066,
9596,
9860,
10301,
10478,
10654,
10831,
11007,
11184,
11360,
11537,
12243,
12419,
12949,
17890,
19831,
20096,
20537,
20801,
21243,
22125,
24066,
24419,
25301,
25831,
26360,
27066,
27243,
27596,
27772,
28654,
30066,
30243,
30419,
30684,
30949,
32713,
33066,
33243,
33772,
34125,
34301,
34478,
34654,
34831,
36441,
36772,
37478,
37654,
37831,
38360,
38537,
38890,
39772,
39949,
40125,
40301,
40566,
40831,
41360,
41713,
41912,
42419,
43125,
43301,
43478,
44007,
44184,
45066,
45243,
45419,
45596,
45772,
45949,
46831,
47360,
47713,
48066,
48772,
48949,
49125,
49566,
50184,
51154,
51419,
51596,
51772,
51949,
52125,
53382,
53713,
54419,
54684,
55213,
55478,
55831,
56184,
56360,
56537,
56890,
57066,
57243,
58125,
58301,
58478,
58831,
59007,
59184,
59360,
59713,
59890,
60243,
60419,
60772,
65007,
65360,
65537,
65890,
66066,
66419,
68890,
70125,
70654,
70919,
71360,
71625,
71890,
72596,
72772,
73125,
73478,
73743,
74184,
74537,
75243,
75419,
75596,
75949,
76125,
76301,
76566,
77007,
77272,
77537,
77713,
77890,
78066,
78419,
78684,
79125,
79390,
79919,
80184,
80360,
81243,
84419,
84596,
85831,
87860,
88125,
88566,
88831,
90243,
91831,
92007,
92184,
93507,
94125,
94831,
95007,
95360,
96243,
96419,
97831,
98007,
98184,
98449,
99066,
99243,
99419,
99860,
100125,
100566,
100831,
101007,
101184,
101360,
101537,
101713,
101890,
102331,
102772,
102949,
103125,
103301,
103478,
103654,
103831,
104184,
104360,
107713,
108066,
108419,
108772,
112654,
113713,
114066,
114419,
115301,
115478,
120066,
122537,
122890,
123243,
125713,
126066,
126419,
126596,
126772,
127125,
127478,
127831,
128184,
129243,
129596,
129772,
130125,
130654,
130831,
131007,
131184,
132949,
133125,
134007,
134360,
134713,
134890,
138419,
139125,
139301,
139478,
140007,
140184,
140360,
140537,
141419,
141596,
141772,
141949,
142213,
142478,
142654,
143007,
143360,
143559,
144066,
144772,
144949,
145125,
145654,
145831,
146713,
146890,
147066,
147243,
147419,
147596,
148301,
148478,
149184,
149272,
149713,
149890,
150419,
150596,
150772,
151213,
151831,
152007,
152801,
153066,
153243,
153419,
153596,
153860,
154213,
154478,
154654,
154919,
155184,
155360,
155537,
156066,
156331,
156860,
157125,
157478,
157743,
158007,
158184,
158537,
158713,
158890,
159772,
159949,
160125,
160566,
160919,
161360,
161890,
162066,
162419,
166213,
166566,
166831,
167007,
167184,
167360,
167537,
167713,
167890,
168066,
168419,
168596,
168772,
169125,
169301,
169478,
170184,
170890,

2 Column Long Note Times:
4301,
7125,
11713,
18949,
19301,
23007,
25037,
26007,
26537,
28831,
29360,
31390,
32096,
35890,
36066,
37037,
38007,
39243,
39419,
42684,
43654,
44537,
44713,
46125,
46478,
48419,
49301,
49831,
50537,
50713,
52654,
52831,
54066,
57596,
60949,
61125,
61301,
61654,
62007,
62184,
62890,
63419,
63772,
64125,
64301,
64654,
66596,
67125,
67301,
67654,
72066,
74890,
82478,
83537,
85301,
86537,
87243,
91125,
92537,
92713,
92890,
93772,
94301,
95713,
96596,
97125,
98713,
104713,
106699,
109213,
109390,
109919,
110184,
111596,
113007,
114684,
116272,
116537,
116978,
117154,
117684,
117860,
118213,
118390,
118919,
119184,
119625,
120419,
123596,
124125,
124478,
125272,
125537,
128537,
131713,
132066,
133301,
137360,
137713,
138684,
139654,
140890,
141066,
142831,
144331,
145301,
146184,
146360,
147860,
150066,
150949,
151478,
152184,
152360,
155713,
159243,
161537,
162596,
162772,
162949,
163301,
163654,
163831,
164537,
165066,
165419,
165772,
165949,
170537,

2 Column Release Times:
4478,
7301,
11890,
19125,
19478,
23360,
25125,
26096,
26890,
29184,
29449,
31654,
32360,
35978,
36154,
37125,
38184,
39331,
39596,
42772,
43831,
44625,
44890,
46301,
46654,
48596,
49478,
50007,
50625,
50890,
52743,
53007,
54243,
57949,
61037,
61213,
61390,
61743,
62096,
62713,
63243,
63596,
63860,
64213,
64390,
64743,
66684,
67213,
67390,
67743,
72243,
75066,
83007,
84066,
85654,
86713,
87419,
91478,
92625,
92801,
93243,
93860,
94654,
96066,
96949,
97213,
98890,
104890,
107007,
109301,
109478,
110007,
110890,
112301,
113360,
114949,
116360,
116625,
117066,
117243,
117772,
117949,
118301,
118478,
119007,
119272,
119713,
120596,
123772,
124301,
125007,
125360,
125625,
128890,
131890,
132243,
133566,
137669,
138022,
138772,
139831,
140978,
141243,
142919,
144419,
145478,
146272,
146537,
147949,
150243,
151125,
151654,
152272,
152537,
155890,
159596,
161713,
162684,
162860,
163037,
163390,
163743,
164360,
164890,
165243,
165507,
165860,
166037,
170846,

3 Column Hit Times:
2360,
2625,
3066,
3772,
3949,
4213,
4654,
5007,
5272,
5537,
5890,
6507,
6949,
7301,
7478,
7654,
8007,
8184,
8360,
8537,
8801,
9243,
9507,
9772,
9949,
10125,
10301,
10654,
10919,
11360,
11625,
12154,
12419,
12596,
16654,
16831,
18066,
20096,
20360,
20801,
21066,
22478,
24243,
24596,
25301,
26537,
27243,
27419,
27949,
28125,
28478,
28831,
29890,
30066,
30596,
30949,
31390,
32096,
32890,
33419,
34125,
34654,
34831,
36265,
36772,
37478,
37743,
38272,
38890,
39243,
39596,
39860,
40478,
40654,
41007,
42088,
43125,
43390,
43919,
44537,
44890,
45243,
45507,
46301,
46654,
47007,
47184,
47537,
47625,
48772,
49037,
49654,
49831,
50184,
50360,
50537,
50890,
51066,
51243,
51419,
51860,
52125,
53206,
53713,
54419,
54684,
55301,
55478,
56537,
56801,
57066,
57596,
57949,
58125,
58478,
58654,
58831,
59184,
62537,
62713,
63066,
63243,
63419,
67831,
68537,
68890,
69243,
69949,
70125,
70831,
71537,
71713,
71978,
72419,
72772,
73037,
73301,
73654,
74272,
74713,
75066,
75243,
75419,
75772,
75949,
76213,
76478,
76654,
76831,
77360,
77625,
78066,
78243,
78419,
78596,
78772,
78949,
79125,
79301,
80007,
80184,
80713,
81154,
85654,
87596,
87860,
88301,
88566,
89007,
89890,
92096,
93419,
93596,
94301,
95007,
95184,
95625,
96331,
96596,
97654,
97831,
98360,
98537,
98890,
99154,
99419,
99596,
99949,
100125,
100301,
100566,
100831,
101360,
101625,
101978,
102243,
102419,
102596,
102772,
102949,
103037,
103213,
103566,
103831,
104007,
104184,
115654,
121478,
121831,
122184,
125713,
125890,
125978,
126419,
126772,
126949,
129243,
129949,
130125,
130301,
130478,
130654,
131007,
132243,
132419,
132949,
133478,
133654,
133831,
134007,
134360,
134713,
134890,
138419,
138596,
139125,
139390,
139919,
140537,
140713,
140890,
141243,
141507,
141860,
142125,
142301,
142654,
143735,
144243,
144772,
145037,
145566,
146184,
146449,
146890,
147154,
147949,
148654,
148831,
149007,
149360,
150419,
150684,
151301,
151478,
152007,
152537,
152713,
152890,
153066,
153507,
153772,
153949,
154831,
155096,
155272,
156066,
156331,
156949,
157125,
158184,
158449,
158801,
159596,
159772,
160125,
160390,
160743,
164184,
164713,
164890,
165066,
166213,
166478,
166654,
166919,
167272,
167625,
167978,
168243,
168419,
168949,
169213,
169390,
169478,
170184,

3 Column Long Note Times:
3243,
6066,
14713,
15772,
17537,
18772,
19478,
23360,
24949,
25478,
26007,
29360,
31654,
32360,
33596,
37125,
38537,
41360,
42243,
42772,
44184,
47890,
48331,
52654,
53978,
54949,
55831,
56007,
59360,
60066,
60596,
61301,
61831,
62007,
64125,
64478,
64654,
64831,
65007,
65713,
66243,
66596,
66772,
66949,
67654,
71007,
73831,
79478,
86713,
87066,
90772,
91478,
93772,
95890,
97125,
104890,
107184,
109301,
109566,
109743,
110184,
112301,
113537,
114243,
114949,
115125,
116360,
116625,
116890,
117331,
117507,
117949,
118125,
118301,
118831,
119272,
119537,
119890,
120596,
123949,
125096,
125360,
127654,
128184,
128890,
129419,
131537,
131890,
132596,
137713,
138772,
140184,
143007,
143890,
144419,
145831,
148213,
149625,
149978,
152184,
154301,
155625,
156596,
157478,
157654,
159154,
161007,
161713,
162243,
162949,
163478,
163654,
164360,
165772,
168596,
169831,

3 Column Release Times:
3419,
6243,
15243,
16301,
17890,
18949,
19654,
23713,
25037,
25566,
26360,
29713,
31831,
32537,
33772,
37301,
38713,
41713,
42419,
42949,
44360,
48066,
48419,
53007,
54066,
55125,
55919,
56184,
59890,
60419,
60772,
61390,
61919,
62096,
64213,
64566,
64743,
64919,
65537,
66066,
66419,
66684,
66860,
67037,
67743,
71184,
74007,
79654,
86890,
87243,
91125,
91654,
94125,
96066,
97478,
106654,
107360,
109390,
109654,
109831,
111596,
113007,
114066,
114419,
115037,
115478,
116449,
116713,
116978,
117419,
117596,
118037,
118213,
118390,
118919,
119360,
119625,
120243,
120949,
124125,
125184,
125449,
127831,
128537,
129066,
129772,
131713,
132066,
132860,
138022,
138949,
140360,
143360,
144066,
144596,
146007,
148301,
149713,
150066,
152360,
154654,
155713,
156772,
157566,
157831,
159243,
161537,
162066,
162419,
163037,
163566,
163743,
164537,
165860,
168772,
170140,

4 Column Hit Times:
1478,
1831,
2537,
2890,
3066,
3243,
3419,
3596,
3949,
4213,
4478,
4831,
5184,
5360,
5713,
5978,
6243,
6596,
7125,
7301,
7831,
8007,
8360,
8537,
8801,
9066,
9419,
9596,
9772,
10654,
11007,
11360,
11537,
11713,
11890,
12243,
12596,
13654,
13831,
14007,
16301,
16478,
20007,
20360,
20713,
21066,
21949,
22301,
24419,
24772,
26184,
27066,
27596,
27772,
29007,
29713,
30243,
30596,
30772,
31478,
32184,
32537,
33066,
33243,
34301,
34831,
35007,
36243,
37125,
37301,
37478,
37654,
37831,
38184,
39419,
39596,
39949,
40125,
41713,
42066,
42772,
42949,
43125,
43301,
43478,
43831,
44537,
45596,
45772,
46654,
46831,
47007,
47537,
47625,
48066,
48419,
49037,
49831,
50007,
50537,
50713,
51596,
51949,
53007,
53184,
54066,
54596,
54772,
55831,
56713,
56890,
57949,
58125,
58654,
58919,
59096,
62537,
62713,
63066,
63243,
63419,
63596,
67831,
68537,
69243,
69949,
70654,
70831,
71007,
71184,
71360,
71713,
71978,
72243,
72596,
72949,
73125,
73478,
73743,
74007,
74360,
74890,
75066,
75596,
75772,
76213,
76301,
76478,
77007,
77360,
77625,
77890,
78243,
78772,
78949,
79390,
79654,
79831,
80537,
80890,
81066,
81419,
81596,
81772,
81949,
82301,
82654,
83007,
83360,
83713,
84066,
84419,
84772,
85125,
85478,
85831,
86184,
86537,
86890,
87243,
87596,
87949,
88301,
88654,
89007,
89360,
89713,
90066,
90419,
90772,
91125,
91478,
91831,
92184,
92537,
92890,
93949,
94831,
95360,
95537,
95713,
96772,
97478,
98007,
99243,
99949,
100301,
100478,
100654,
101007,
101272,
101713,
102066,
102419,
102596,
103037,
103390,
103743,
104007,
104184,
104360,
110890,
111596,
111949,
113007,
113360,
114772,
115125,
115390,
115654,
115831,
124301,
125713,
125890,
125978,
126243,
126596,
126772,
127125,
129419,
130654,
130831,
131713,
132066,
132419,
133125,
133654,
133831,
134007,
134360,
134713,
134890,
135419,
135772,
136125,
138772,
138949,
139125,
139301,
139478,
139831,
141066,
141243,
141596,
141772,
142566,
143713,
144419,
144596,
144772,
144949,
145125,
145478,
146184,
146360,
147243,
147419,
148301,
148478,
149007,
149360,
149713,
150066,
150684,
151478,
151654,
152184,
152360,
153243,
153596,
153949,
154125,
154301,
154654,
154831,
155007,
155360,
155713,
156243,
156419,
157478,
157654,
158360,
158537,
159596,
160125,
160301,
160478,
160654,
160831,
164184,
164360,
164713,
164890,
165066,
165243,
166125,
166301,
166478,
166919,
167272,
167625,
167978,
168066,
168243,
168419,
168772,
169213,
169390,
169478,
170184,

4 Column Long Note Times:
6772,
9949,
12772,
14184,
15243,
17007,
18596,
19125,
19654,
22654,
23713,
25125,
25478,
26537,
28301,
28654,
29184,
31125,
31831,
33772,
35184,
35537,
36772,
38360,
38890,
39066,
40301,
41184,
42419,
44007,
44890,
45066,
45949,
48243,
48596,
49301,
50890,
52301,
52478,
53537,
53890,
54243,
54949,
55478,
56184,
56360,
57243,
59360,
59890,
60419,
60949,
61478,
61831,
63772,
63949,
64831,
65007,
65537,
66066,
66772,
67125,
67478,
74537,
76654,
80184,
93243,
94301,
96066,
96419,
96949,
98537,
104537,
104890,
107007,
108949,
109478,
109654,
110096,
112125,
112566,
114066,
116184,
116801,
117243,
117419,
118037,
118566,
118743,
119007,
119449,
119713,
120949,
121301,
122360,
122537,
122713,
122890,
123066,
123772,
125007,
125449,
127478,
128007,
128537,
128890,
129772,
131184,
132596,
133301,
137890,
138066,
138243,
138419,
140007,
140537,
140713,
141949,
142919,
143272,
144066,
145654,
146537,
146713,
147596,
148125,
149537,
149890,
150243,
150949,
151831,
152537,
155537,
155890,
156596,
157125,
157831,
158007,
158890,
159419,
161007,
161537,
162066,
162596,
163125,
163478,
163831,
165419,
165596,
165949,
166654,
167007,
167360,
167713,
168949,

4 Column Release Times:
6949,
10125,
13301,
14713,
15772,
17537,
18772,
19301,
19831,
23007,
24066,
25213,
25831,
26625,
28390,
28743,
29272,
31301,
32007,
34125,
35272,
35625,
36949,
38537,
38978,
39243,
40654,
41360,
42596,
44184,
44978,
45243,
46301,
48331,
48772,
49654,
51243,
52390,
52654,
53713,
53978,
54419,
55301,
55654,
56272,
56537,
57596,
59713,
60243,
60772,
61037,
61566,
61919,
63860,
64037,
64919,
65360,
65890,
66419,
66860,
67213,
67566,
74713,
76831,
80360,
93596,
94390,
96154,
96507,
97037,
98890,
104713,
105949,
107360,
109125,
109566,
109743,
110184,
112301,
112831,
114419,
116272,
116890,
117331,
117507,
118125,
118654,
118831,
119360,
119537,
120243,
121125,
121478,
122449,
122625,
122801,
122978,
123154,
123949,
125096,
125537,
127831,
128184,
128713,
129243,
130125,
131537,
132949,
133478,
138022,
138199,
138375,
138596,
140184,
140625,
140890,
142301,
143007,
143360,
144243,
145831,
146625,
146890,
147949,
148213,
149625,
149978,
150419,
151301,
152007,
152890,
155625,
156066,
156949,
157301,
157919,
158184,
159243,
159507,
161360,
161890,
162419,
162684,
163213,
163566,
164007,
165507,
165684,
166037,
166831,
167184,
167537,
167890,
169125,

