Artist : hololive
Song Name : hololive song pack
Difficulty : 0
BPM : 170
Background Image : charts\hololive-hololive song pack\Goodbye Sengen - Uruha Rushia.png
Audio : charts\hololive-hololive song pack\Goodbye Sengen - Uruha Rushia.ogg

1 Column Hit Times:
1478,
1831,
2890,
3419,
3949,
4301,
4654,
5007,
5537,
5890,
6243,
6596,
6949,
7478,
7831,
8184,
8360,
8713,
8890,
9772,
10125,
10478,
11184,
11537,
11890,
12331,
12596,
14890,
16654,
18596,
19125,
19654,
20007,
20801,
21066,
21243,
21596,
23360,
23713,
24066,
24772,
25301,
25831,
26007,
26360,
26890,
27419,
27949,
28831,
29184,
29713,
30066,
30419,
31301,
32360,
32537,
33596,
34125,
34654,
34831,
35007,
35890,
36066,
36949,
37125,
38713,
39243,
40654,
41890,
42066,
42419,
42949,
43125,
44537,
44713,
45596,
46654,
47184,
47537,
47890,
48243,
48419,
50007,
50537,
51949,
53184,
53360,
53713,
54243,
54419,
55831,
56007,
56890,
57949,
58478,
58743,
59007,
59713,
59890,
60419,
60772,
61301,
61831,
63596,
63949,
64831,
65360,
65537,
65890,
66066,
66419,
66949,
67654,
68537,
69243,
70654,
71184,
71713,
72066,
72419,
72772,
73301,
73654,
74007,
74360,
74713,
75243,
75596,
75949,
76125,
76478,
76654,
77537,
77890,
78243,
78949,
79301,
79654,
80096,
80360,
80890,
81066,
82654,
84419,
87066,
87243,
87860,
88125,
88478,
89007,
90772,
91301,
91654,
92007,
92537,
92890,
93772,
94125,
94654,
95007,
95360,
96596,
96949,
97478,
98360,
98713,
99066,
99596,
100125,
100478,
100831,
101184,
101537,
102066,
102419,
102596,
103125,
103478,
103831,
104007,
112301,
112654,
114066,
115654,
116184,
116625,
116890,
117154,
117684,
118037,
118390,
119096,
120772,
122537,
122890,
123949,
125007,
125625,
125890,
126066,
126419,
126772,
128537,
129066,
129596,
129949,
130301,
131184,
132419,
134360,
134713,
134890,
138596,
138772,
140360,
140890,
142301,
143537,
143713,
144066,
144596,
146184,
146360,
147243,
148301,
148831,
149184,
149537,
149713,
149890,
150066,
151654,
152184,
153243,
153596,
153949,
154478,
154831,
155360,
155625,
155890,
156066,
157478,
157654,
158537,
159596,
160125,
160390,
160654,
161360,
161537,
162066,
162419,
162949,
163478,
165243,
165596,
166478,
166831,
167007,
167360,
168243,
168860,
169125,
169301,
169478,
170890,

1 Column Long Note Times:
2360,
14184,
15243,
16301,
17007,
17890,
20537,
21949,
22654,
28301,
31831,
33066,
37478,
38007,
39596,
41007,
43654,
45949,
48772,
49301,
50890,
52301,
54949,
57243,
62713,
70301,
81949,
83007,
84066,
84772,
85654,
87596,
90066,
93243,
96066,
104537,
107184,
108949,
109478,
109831,
110096,
111596,
113360,
114419,
115125,
118654,
119360,
120243,
121125,
121478,
121831,
123419,
127125,
127831,
131537,
132596,
133654,
137007,
139125,
139654,
141243,
142654,
145301,
147596,
150419,
150949,
152537,
156596,
158890,
164360,
167713,
168419,
169831,

1 Column Release Times:
2537,
14713,
15772,
16478,
17537,
18066,
20713,
22125,
23007,
28654,
32007,
33419,
37654,
38360,
39949,
41360,
44007,
46301,
48949,
49654,
51243,
52654,
55301,
57596,
63243,
70478,
82478,
83537,
84243,
85301,
85831,
87772,
90243,
93596,
96419,
104890,
107360,
109125,
109566,
109919,
110184,
111860,
113537,
114684,
115478,
119007,
119713,
120419,
121301,
121654,
122007,
123772,
127478,
128184,
131713,
132949,
134184,
137537,
139301,
140007,
141596,
143007,
145654,
147949,
150596,
151301,
152890,
156949,
159243,
164890,
168066,
168596,
170184,

2 Column Hit Times:
1831,
2801,
3066,
3331,
3596,
3772,
4125,
4390,
5007,
5360,
5713,
6066,
6419,
6772,
7125,
7478,
8007,
8537,
8801,
9066,
9596,
10125,
10654,
10919,
11360,
11713,
12066,
12419,
12772,
14537,
14713,
15243,
15772,
17007,
17537,
18772,
19301,
19478,
20007,
20184,
20537,
20801,
21066,
21772,
22654,
23537,
24066,
24419,
24949,
25301,
25478,
25831,
26007,
27066,
27596,
27949,
28301,
29360,
29713,
30243,
30772,
30949,
31390,
31831,
32096,
32713,
33772,
34654,
34831,
35007,
36243,
36419,
36772,
37037,
37301,
38360,
38537,
38890,
39243,
39949,
40301,
40831,
41890,
42066,
42596,
42772,
43478,
43654,
44007,
44360,
44890,
45066,
45596,
45949,
46301,
46831,
47360,
47625,
48066,
48331,
48596,
49654,
49831,
50184,
50537,
51243,
51596,
52125,
53184,
53360,
53890,
54066,
54772,
54949,
55301,
55654,
56184,
56360,
56890,
57243,
57596,
58125,
58743,
59184,
59713,
59890,
60243,
60419,
60949,
61125,
61478,
61831,
63066,
63772,
64125,
64478,
64654,
65007,
65537,
66066,
67125,
67301,
67831,
68890,
69243,
70831,
71096,
71360,
71537,
71890,
72154,
72772,
73125,
73478,
73831,
74184,
74537,
74890,
75243,
75772,
76301,
76566,
76831,
77360,
77890,
78419,
78684,
79125,
79478,
79831,
80184,
80890,
81066,
81596,
82301,
82478,
83007,
83537,
84772,
85301,
86713,
87154,
87419,
87596,
87860,
88125,
88478,
88654,
89184,
92801,
93243,
93772,
94831,
95360,
95713,
96066,
97125,
97478,
97654,
98007,
98537,
99419,
99772,
99949,
100125,
100566,
100831,
101007,
101360,
101625,
101978,
102419,
102772,
102949,
103301,
103654,
104184,
104360,
107360,
108066,
108772,
113360,
115125,
115390,
115831,
116272,
116449,
117066,
117419,
117860,
118213,
118478,
118919,
119184,
119625,
120066,
121125,
123243,
125096,
125272,
125537,
125890,
126066,
126596,
127125,
128007,
128360,
128713,
129066,
129419,
129772,
130125,
130654,
131007,
133125,
134360,
134713,
134890,
138419,
138684,
138949,
140007,
140184,
140537,
140890,
141596,
141949,
142478,
143890,
144243,
144419,
144772,
145125,
145301,
145654,
146007,
146537,
146713,
147243,
147596,
147949,
148478,
149007,
149272,
149537,
149713,
150243,
151301,
151478,
151831,
152007,
152184,
152537,
153772,
154125,
154478,
154919,
155184,
155537,
155713,
156419,
156596,
156949,
157301,
157831,
158007,
158537,
158890,
159243,
159772,
160390,
160831,
161360,
161537,
161890,
162066,
162596,
162772,
163125,
163478,
164713,
165419,
165772,
166125,
166301,
166478,
167625,
168419,
168772,
168949,
169301,
170184,

2 Column Long Note Times:
14007,
16478,
18066,
22125,
26537,
28831,
37831,
41360,
49125,
52654,
62184,
63243,
70125,
84243,
85831,
90243,
90772,
91478,
94301,
96596,
109301,
109566,
110007,
111860,
112831,
114066,
114684,
120419,
121654,
122007,
124125,
131713,
133301,
133831,
137360,
139478,
143007,
150772,
152890,
163831,
164890,
167007,
168066,

2 Column Release Times:
14184,
16654,
18419,
22301,
26890,
29184,
38007,
41713,
49301,
53007,
62713,
63419,
70301,
84419,
86184,
90419,
91125,
91831,
94654,
96949,
109390,
109654,
110096,
112125,
113007,
114243,
114949,
120596,
121831,
122184,
124301,
131890,
133654,
134184,
137890,
139654,
143360,
150949,
153243,
164360,
165066,
167360,
168243,

3 Column Hit Times:
2625,
3243,
3684,
3860,
4125,
4478,
5272,
5537,
5890,
6154,
6507,
7301,
7831,
8184,
8537,
8890,
9243,
9507,
9772,
10037,
10831,
11007,
11537,
11801,
12243,
12596,
12949,
15596,
15949,
16301,
17360,
17890,
18419,
18949,
19390,
19654,
19831,
20096,
20360,
20713,
20890,
21419,
24243,
24596,
25037,
25478,
26537,
26890,
27243,
27772,
28125,
28301,
28654,
28831,
29890,
30596,
30949,
31125,
31390,
31654,
32096,
32360,
32890,
33419,
33772,
34125,
34478,
35184,
35537,
35890,
36066,
36949,
37125,
39066,
39596,
40125,
40654,
41007,
42419,
42684,
42949,
43125,
43478,
44184,
44537,
45243,
45772,
46654,
47007,
47537,
47713,
47890,
48243,
48419,
50360,
50890,
51419,
51949,
52301,
53713,
53978,
54243,
54419,
54772,
55478,
55831,
56537,
57066,
57949,
58301,
58654,
58831,
59007,
60243,
61654,
62184,
62537,
62713,
63066,
63243,
63419,
63949,
64301,
64654,
65890,
66596,
66772,
67478,
67831,
68184,
68537,
68890,
70478,
71007,
71449,
71625,
71890,
72243,
73037,
73301,
73654,
73919,
74272,
75066,
75596,
75949,
76301,
76654,
77007,
77272,
77537,
77801,
78596,
78772,
79301,
79566,
80007,
80360,
80537,
80713,
81419,
81772,
83360,
83713,
84066,
85125,
85654,
86184,
86537,
87772,
87949,
88301,
88566,
88831,
89537,
90419,
91831,
92007,
92360,
92713,
93066,
93243,
93596,
94301,
94654,
95184,
95537,
95890,
96066,
96419,
96596,
97831,
98184,
98537,
98713,
99066,
99331,
99596,
99860,
100301,
100654,
101713,
101890,
102243,
102772,
103213,
103566,
103831,
104007,
104537,
107713,
108419,
113007,
114772,
115478,
115831,
116537,
116801,
117243,
117507,
117772,
117949,
118301,
118831,
119272,
119537,
122184,
123596,
125360,
125713,
125978,
126243,
126419,
126949,
127654,
128890,
129243,
130125,
130301,
130654,
130831,
131537,
132419,
134360,
134713,
134890,
138596,
138772,
140713,
141243,
141772,
142301,
142654,
144066,
144331,
144596,
144949,
145125,
145831,
146184,
146890,
147419,
148301,
148654,
149184,
149360,
149625,
149890,
150066,
152007,
152360,
152713,
153066,
153596,
153949,
154301,
154654,
155007,
155360,
155890,
156066,
156419,
157125,
157478,
158184,
158713,
159596,
159949,
160301,
160478,
160654,
161890,
163301,
163831,
164184,
164360,
164713,
164890,
165066,
165596,
165949,
166125,
166301,
166654,
166919,
167184,
167890,
168066,
169213,
169478,
170184,
170890,

3 Column Long Note Times:
13831,
16654,
22478,
23007,
23713,
26007,
29360,
37654,
41713,
48949,
53007,
59360,
60419,
65007,
66066,
84419,
89890,
91125,
93772,
97125,
104890,
107007,
109213,
109390,
109743,
109919,
110184,
112125,
112566,
113537,
114243,
119890,
120596,
121301,
122537,
122890,
123949,
124478,
128184,
131890,
132596,
134007,
137713,
139301,
143360,
150596,
161007,
162066,
167360,
168596,

3 Column Release Times:
14007,
16831,
22654,
23360,
24066,
26360,
29713,
37831,
42066,
49125,
53360,
59890,
60772,
65537,
66419,
84596,
90066,
91478,
94125,
97478,
106654,
107184,
109301,
109478,
109831,
110007,
111596,
112301,
112831,
114066,
114419,
120243,
120949,
121478,
122713,
123066,
124125,
125184,
128537,
132066,
132949,
134184,
138243,
139478,
143713,
150772,
161537,
162419,
167713,
168949,

4 Column Hit Times:
2537,
2713,
2890,
3066,
3419,
3949,
4478,
4831,
5184,
5360,
5713,
6243,
6772,
7125,
7654,
8096,
8449,
9066,
9419,
9596,
9949,
10301,
10654,
11360,
11890,
12154,
12419,
13125,
13301,
14184,
14537,
15596,
17360,
18066,
18419,
19478,
20096,
20360,
20713,
21243,
23007,
23890,
24243,
24772,
25125,
26360,
26537,
27066,
27596,
28125,
28654,
29184,
29360,
29890,
30419,
30772,
31654,
32007,
32537,
33772,
34301,
35184,
35537,
35890,
36066,
36772,
37301,
37478,
38007,
38360,
38537,
38890,
39419,
39949,
42243,
42596,
42772,
43301,
44007,
44360,
44890,
45243,
45772,
47007,
47360,
47713,
48066,
48596,
48772,
49301,
49654,
49831,
50184,
50713,
51243,
53537,
53890,
54066,
54596,
55301,
55654,
56184,
56537,
57066,
58301,
58654,
58831,
59184,
59360,
60949,
61125,
61478,
62007,
62537,
62713,
63243,
63772,
64301,
65360,
66596,
66772,
67125,
67478,
67831,
68537,
69243,
70654,
70831,
71184,
71713,
72243,
72596,
72949,
73125,
73478,
74007,
74537,
74890,
75419,
75860,
76213,
76831,
77184,
77360,
77713,
78066,
78419,
79125,
79654,
79919,
80184,
80537,
80713,
81243,
81949,
82301,
83360,
85125,
85831,
86184,
86360,
86890,
87243,
87419,
87772,
88566,
88831,
89007,
89360,
91125,
91478,
91831,
92184,
92537,
93066,
93596,
94125,
94301,
94831,
95713,
95890,
96419,
96949,
97125,
97654,
98184,
98890,
99243,
99860,
100301,
100566,
101007,
101360,
101713,
102066,
102331,
102684,
103037,
103390,
103743,
104184,
104360,
104890,
110184,
111596,
111949,
113713,
114419,
115301,
115478,
115654,
116360,
116713,
116978,
117331,
117596,
118125,
118566,
118743,
119449,
120419,
121478,
121831,
124301,
125184,
125449,
125713,
125978,
126243,
126772,
128537,
128890,
129419,
129772,
130478,
130831,
131713,
133125,
134184,
137890,
138066,
138243,
138419,
138949,
139125,
139654,
140007,
140184,
140537,
141066,
141596,
143537,
143713,
144243,
144419,
144772,
145654,
146007,
146537,
146890,
147419,
148654,
149007,
149360,
149625,
149978,
150243,
150419,
150949,
151301,
151478,
151831,
152360,
152890,
154301,
155007,
155537,
155713,
156243,
156949,
157301,
157831,
158184,
158713,
159949,
160301,
160478,
160831,
161007,
162596,
162772,
163125,
163654,
164184,
164360,
164890,
165419,
165949,
167272,
167537,
167713,
167978,
168596,
168949,
169125,
169478,
170184,

4 Column Long Note Times:
2184,
13654,
14713,
15772,
16831,
17537,
19831,
22301,
23360,
25478,
31125,
33066,
40301,
46301,
51596,
57596,
59890,
63419,
65537,
69949,
82478,
83537,
84596,
85301,
88301,
89713,
90419,
106654,
107360,
109125,
109654,
112301,
113007,
114949,
119007,
119713,
120949,
122713,
123066,
123772,
127478,
131184,
132066,
133301,
135419,
135772,
136125,
141949,
147949,
153243,
159243,
161537,
165066,
166654,
168243,
170537,

4 Column Release Times:
2360,
13831,
15243,
16301,
17007,
17890,
20007,
22478,
23713,
25831,
31301,
33419,
40654,
46654,
51949,
57949,
60419,
63596,
66066,
70125,
83007,
84066,
84772,
85654,
88478,
89890,
90772,
107007,
108772,
109213,
109743,
112566,
113360,
115125,
119360,
119890,
121125,
122890,
123243,
123949,
127831,
131537,
132243,
133654,
135596,
135949,
136301,
142301,
148301,
153596,
159596,
162066,
165243,
167007,
168419,
170890,

