Artist : hololive
Song Name : hololive song pack
Difficulty : 0
BPM : 190
Background Image : charts\hololive-hololive song pack\Hakujitsu - Natsuiro Matsuri & Rikka.png
Audio : charts\hololive-hololive song pack\Hakujitsu - Natsuiro Matsuri & Rikka.ogg

1 Column Hit Times:
4878,
6491,
7781,
9717,
11652,
12943,
13588,
17217,
18104,
19152,
20685,
24394,
25685,
26491,
27136,
27781,
28427,
29072,
29717,
34556,
35523,
36007,
36814,
38588,
39394,
39878,
41169,
43910,
44556,
46169,
46491,
46814,
47029,
47459,
47996,
48642,
49717,
50255,
51975,
52835,
53265,
53910,
54771,
55201,
55738,
56169,
56706,
57029,
57459,
57674,
58427,
58642,
59072,
59932,
61007,
61652,
65846,
66491,
69717,
70362,
70685,
71222,
71975,
72620,
74878,
76061,
76491,
76814,
78749,
80040,
81007,
81975,
82620,
83104,
83480,
83749,
85201,
85846,
86384,
86814,
87136,
89878,
90362,
99717,
99932,
101975,
103265,
105201,
106491,
107781,
108427,
111652,
112298,
113588,
114233,
114878,
115927,
116814,
118104,
122620,
122835,
125523,
126169,
126814,
127029,
127459,
128427,
128964,
129717,
130362,
130577,
131330,
132620,
133588,
134556,
135201,
136169,
137029,
137674,
138749,
139287,
139717,
140577,
140900,
141330,
143265,
148104,
148642,
150040,
150900,
151975,
152835,
153265,
153480,
154233,
157459,
158104,
158427,
158964,
159394,
160040,
160523,
160900,
161169,
162298,
163265,
164126,
164556,
165846,
166384,
172943,
178104,
178427,
178749,
181330,
183265,
183910,
186330,
187620,
188910,
189394,
190040,
190255,
190685,
201652,
202459,
202835,
203158,
203803,
205846,
207351,
207781,
210040,
210362,
210577,
211007,
211330,
214233,
224556,
227136,
228427,
231652,
232835,
235846,
236384,
236814,
238427,
238964,
239394,
239717,
240362,
241007,
241652,
241975,
242620,
243158,
243588,
243803,
244233,
244556,
244878,
247781,
248104,
249072,
249394,
250040,
250846,
251222,
251491,
251975,
252620,
252943,
253588,
254448,
254878,
256169,
256706,
257298,
257620,
259717,
261975,
263104,
265685,
267781,

1 Column Long Note Times:
3910,
10362,
15523,
22620,
24878,
32298,
42620,
67029,
69072,
74233,
77459,
79287,
84556,
87781,
89072,
100685,
105604,
109717,
118749,
121007,
144448,
146975,
147459,
149394,
151652,
154878,
155738,
161652,
165201,
167781,
169072,
170040,
171007,
171975,
173588,
174556,
176169,
177136,
180685,
182298,
184556,
186975,
188265,
191007,
196169,
197459,
200040,
201975,
206491,
208427,
211652,
234771,
237781,
245201,
246169,
255523,
257781,

1 Column Release Times:
4556,
11007,
16169,
22943,
25201,
32943,
43265,
68427,
69233,
74394,
77781,
79609,
84717,
88104,
89287,
101330,
105846,
110362,
120040,
122298,
146169,
147136,
147620,
149556,
151814,
155201,
156169,
161814,
165523,
168104,
169394,
170362,
171330,
172298,
173910,
174878,
176491,
177459,
181007,
182620,
185846,
187136,
188427,
192136,
196652,
197943,
201169,
202298,
207136,
209072,
212298,
235523,
237943,
245523,
246491,
255846,
259394,

2 Column Hit Times:
6894,
8830,
10120,
11330,
13991,
14878,
16814,
18749,
20040,
20443,
26814,
28104,
29394,
30846,
33346,
34878,
35846,
37136,
40040,
40685,
41330,
45201,
45523,
45846,
46384,
48427,
49287,
49932,
50577,
51007,
51222,
51545,
52298,
56169,
56491,
59717,
60362,
60900,
61545,
62298,
63158,
63480,
63910,
64448,
65201,
65738,
66169,
66814,
70040,
71652,
72298,
73265,
74233,
74556,
75201,
77029,
77459,
80362,
80900,
81652,
82459,
84126,
84771,
85523,
86975,
87674,
90040,
100362,
100577,
101330,
103910,
107136,
107781,
110362,
112056,
112943,
113346,
114878,
115523,
116169,
117459,
118104,
121330,
121975,
123158,
123480,
124126,
124556,
124771,
125738,
127996,
128642,
129394,
131545,
131867,
132513,
133158,
133803,
134771,
136061,
136706,
137459,
138427,
138642,
140040,
141867,
142298,
142835,
143158,
143588,
143910,
147781,
149717,
150685,
151545,
152620,
152943,
153910,
154448,
154878,
158319,
161867,
162943,
163588,
164771,
165093,
179072,
179717,
180362,
182620,
183588,
184233,
184556,
185523,
186169,
187459,
188427,
188749,
189233,
190362,
190900,
196814,
205201,
207674,
208642,
209932,
211007,
211222,
212835,
225846,
231007,
232620,
232943,
233803,
234556,
235846,
236169,
237459,
237781,
238749,
240040,
241330,
241545,
241867,
242620,
242943,
244771,
247781,
248642,
249394,
249717,
251652,
251975,
252190,
253265,
254556,
255093,
255416,
255846,
256491,
257029,
260040,
263265,
264986,
266007,
267835,

2 Column Long Note Times:
2620,
22943,
30040,
31652,
37781,
43265,
44233,
69394,
73588,
78104,
79072,
89287,
98104,
102378,
104314,
109072,
110765,
146652,
149072,
151007,
155523,
156491,
157781,
159072,
160040,
161330,
166975,
168427,
169394,
170685,
171652,
172943,
174233,
175523,
177459,
181652,
182943,
186814,
188104,
192298,
193588,
197136,
198749,
200040,
203265,
236814,
239394,
245846,
246814,
248104,
250362,

2 Column Release Times:
3265,
23910,
30362,
32298,
38104,
43588,
44556,
69556,
73749,
78427,
79287,
89609,
99394,
102620,
104556,
109717,
111007,
146814,
149233,
151169,
155738,
156706,
157943,
159233,
160362,
161491,
167298,
168749,
169717,
171007,
171975,
173265,
174556,
175846,
177781,
181975,
183265,
186975,
188265,
193427,
194717,
197298,
199878,
201169,
203588,
237136,
239556,
246169,
247029,
248265,
250685,

3 Column Hit Times:
5846,
6249,
7540,
8427,
9475,
11007,
12620,
15281,
17459,
19798,
24233,
25846,
26491,
26975,
28265,
29072,
30685,
32943,
34233,
34717,
36814,
37298,
38427,
39394,
39717,
43910,
44878,
45738,
46061,
48104,
48749,
49609,
50685,
50900,
51330,
51975,
52620,
53803,
54556,
55093,
56706,
57996,
59287,
60040,
60685,
61222,
62620,
62943,
63910,
65416,
66169,
66491,
70362,
70900,
71330,
73480,
75523,
75846,
76169,
76652,
77351,
80685,
81222,
81545,
81975,
82298,
82943,
83588,
84448,
85093,
86169,
87351,
90362,
99609,
100040,
104556,
108185,
111652,
112298,
114233,
114636,
115523,
116814,
117459,
118507,
122943,
123265,
123803,
124233,
124448,
124878,
125416,
126061,
128319,
129717,
130040,
131222,
132190,
133480,
134126,
134448,
135093,
135738,
136384,
137136,
137781,
138104,
138319,
138964,
139717,
140362,
142513,
142943,
143910,
144233,
147459,
148319,
150201,
151867,
152190,
157781,
158642,
159932,
161007,
162513,
163265,
164448,
175523,
178104,
178427,
178749,
181975,
183910,
184556,
185201,
186007,
187298,
189556,
190040,
190685,
197136,
201330,
203910,
204556,
206061,
206384,
207136,
208319,
208964,
210255,
210685,
211545,
212513,
214233,
225201,
229072,
230362,
232513,
234341,
235846,
236491,
237459,
237781,
238104,
238642,
240040,
241222,
241652,
242190,
242513,
245093,
248104,
248427,
248964,
249287,
249717,
250255,
252298,
252835,
253588,
253910,
254771,
256814,
260362,
263319,
264663,
265308,
266061,
267889,

3 Column Long Note Times:
27459,
41330,
69233,
73910,
77781,
78427,
79609,
83910,
88104,
89609,
101733,
103023,
104959,
106894,
120685,
146814,
148749,
151330,
155201,
156169,
157029,
159394,
161975,
165523,
166706,
167620,
172298,
173265,
174878,
175846,
176814,
179394,
180040,
181007,
182620,
186652,
187943,
191007,
193588,
194878,
196169,
198104,
198749,
202298,
202943,
234771,
239072,
245523,
246491,
247351,
255846,
257029,

3 Column Release Times:
27781,
42620,
69394,
74072,
78104,
78749,
80040,
84072,
88427,
89878,
101975,
103265,
105201,
107136,
121007,
146975,
148910,
151491,
155523,
156491,
157459,
159556,
162136,
165846,
166975,
171652,
172620,
173588,
175201,
176169,
177136,
179609,
180255,
181330,
182943,
186814,
188104,
192136,
194717,
196007,
196652,
198588,
199878,
202620,
203265,
235523,
239233,
245846,
246814,
247781,
256169,
257298,

4 Column Hit Times:
2620,
4556,
5201,
7136,
9072,
10362,
12943,
16572,
17862,
19394,
23265,
23910,
24556,
25201,
25523,
29556,
30362,
33588,
36169,
37459,
38104,
38749,
41007,
44233,
45201,
45416,
46706,
47136,
47351,
47674,
48319,
48964,
49394,
50040,
52298,
52513,
53158,
54126,
54878,
55416,
55846,
56491,
57136,
57351,
57781,
58319,
58749,
58964,
59609,
60255,
60577,
61330,
61867,
62298,
63588,
64448,
65201,
65523,
70577,
71007,
71652,
72781,
73158,
74771,
75523,
76384,
76814,
77136,
80040,
80685,
81330,
81867,
83910,
84878,
85846,
86706,
87136,
87781,
88964,
100255,
100685,
101330,
102620,
103910,
105846,
106491,
110362,
111007,
112943,
113588,
115281,
116169,
117217,
118749,
121330,
121975,
122620,
123588,
123910,
125093,
125846,
126384,
126706,
127136,
127351,
127674,
128104,
128749,
129394,
130255,
130685,
131652,
132298,
132835,
133265,
133910,
134878,
135416,
135846,
136491,
137351,
137996,
139072,
140040,
141007,
141330,
141867,
142620,
143588,
147781,
147996,
149072,
150577,
151222,
151652,
152298,
152943,
153158,
153588,
153803,
154233,
154556,
154771,
156169,
158104,
159287,
160362,
161330,
161545,
161975,
162190,
162620,
163803,
164233,
164556,
165201,
179233,
179878,
180362,
180685,
184878,
185201,
185846,
187136,
188427,
188749,
189072,
189717,
189932,
190362,
190577,
201867,
202136,
203480,
205416,
205738,
207136,
207459,
210040,
210362,
210685,
210900,
211330,
211652,
212190,
212298,
212513,
212835,
214233,
224556,
226491,
227781,
229717,
232943,
233803,
234179,
236169,
236491,
236706,
238319,
239072,
239717,
240523,
240900,
241330,
241975,
242298,
242943,
243265,
243480,
243910,
244126,
244556,
244878,
245201,
245846,
246491,
248427,
248749,
249072,
249609,
250040,
250362,
250685,
251330,
251652,
251867,
252298,
252513,
252943,
253265,
254126,
254556,
254878,
255523,
257620,
260685,
262620,
263373,
266115,

4 Column Long Note Times:
11652,
14233,
20685,
31007,
35201,
40362,
43588,
67029,
69556,
78749,
84233,
88427,
108427,
120040,
144448,
146491,
147136,
148427,
149717,
156706,
157459,
158749,
159717,
165846,
166491,
167298,
168104,
168749,
169717,
170362,
171330,
172620,
173910,
175201,
176491,
177781,
181330,
181975,
183265,
186491,
187781,
192298,
194878,
196814,
197459,
198104,
201330,
202620,
203910,
204556,
207781,
209072,
237459,
238749,
240040,
247029,
247781,
256169,
256814,
257781,
267996,

4 Column Release Times:
12298,
14878,
22620,
31652,
35523,
40685,
43910,
68427,
69717,
79072,
84394,
88749,
109072,
120685,
146169,
146652,
147298,
148588,
150040,
157029,
157620,
158910,
159878,
166169,
166706,
167620,
168427,
169072,
170040,
170685,
171652,
172943,
174233,
175523,
176814,
178104,
181652,
182298,
184556,
186652,
187943,
193427,
196007,
196975,
197943,
198588,
201652,
202943,
204233,
205201,
208427,
209394,
237620,
238910,
240362,
247351,
247943,
256491,
257029,
259394,
273588,

