Artist : hololive
Song Name : hololive song pack
Difficulty : 0
BPM : 175
Background Image : charts\hololive-hololive song pack\Howling - Ookami Mio.png
Audio : charts\hololive-hololive song pack\Howling - Ookami Mio.ogg

1 Column Hit Times:
7302,
7474,
7816,
8159,
9702,
10388,
12102,
12359,
12788,
13474,
13988,
14331,
14502,
14845,
15531,
15874,
16559,
17074,
17416,
17931,
18102,
18274,
19931,
20159,
20674,
23759,
25474,
26502,
27702,
29074,
29416,
29931,
32674,
37474,
40216,
41588,
42959,
43816,
44416,
44674,
45188,
49131,
49474,
50502,
51016,
51359,
51702,
51874,
52216,
52559,
53588,
53845,
54102,
55302,
55645,
56331,
56674,
56845,
57874,
58388,
58645,
58902,
59245,
59931,
60274,
60788,
61131,
61474,
61816,
62074,
62502,
62845,
63531,
63702,
64216,
65074,
65245,
65502,
65674,
66274,
66445,
66959,
67302,
67474,
68331,
68674,
69016,
69359,
69531,
69702,
70559,
70731,
71074,
71416,
71588,
71931,
72445,
72702,
73131,
73302,
73816,
73988,
74674,
74845,
75016,
75531,
75702,
76731,
77245,
77588,
77759,
79131,
80331,
80674,
81016,
81359,
81531,
81874,
82731,
83074,
84274,
84616,
85131,
85474,
87016,
87188,
88388,
88902,
89759,
91131,
92502,
93359,
94388,
94559,
95674,
96616,
98331,
98674,
99188,
99531,
100045,
100559,
101245,
101931,
102274,
102616,
102959,
103645,
103816,
104159,
104674,
104845,
105188,
105702,
106388,
106559,
107074,
107245,
107588,
107931,
108445,
109388,
109645,
110331,
111016,
111531,
112131,
112474,
112902,
113074,
113416,
113759,
114102,
114502,
115645,
116674,
116845,
117874,
118216,
118388,
118559,
119074,
119416,
119588,
119759,
119931,
120102,
120274,
120445,
120616,
120788,
121302,
121645,
121816,
122502,
122845,
123016,
123531,
123874,
124559,
125245,
125588,
125931,
126102,
126445,
126788,
127302,
127474,
127645,
127816,
127988,
128331,
128674,
129016,
129359,
129531,
129874,
130731,
130902,
131416,
131588,
132274,
132531,
132788,
133045,
133302,
133816,
133988,
134502,
134674,
135188,
136216,
136816,
137759,
137931,
138102,
138531,
138959,
139131,
139645,
139902,
140331,
140502,
141016,
141188,
141874,
142045,
142216,
142731,
142902,
143245,
143759,
143931,
144102,
144445,
144616,
144788,
144959,
145302,
145645,
145902,
146074,
146588,
146845,
147016,
147359,
147531,
148388,
148559,
148902,
149074,
149759,
151131,
151302,
151645,
151988,
154045,
154388,
154559,
155759,
156102,
157131,
157645,
157988,
158502,
158845,
159188,
159445,
159874,
160216,
160388,
160902,
161931,
162274,
162959,
163302,
163645,
163988,
164216,
164445,
164674,
164788,
165131,
165359,
165474,
165931,
166045,
166559,
167416,
167588,
168102,
168445,
169131,
169474,
169645,
170159,
170416,
170674,
170845,
171102,
171359,
171531,
171874,
172045,
172388,
172902,
173416,
174274,
174616,
175188,
175988,
176159,
176674,
177016,
177188,
177359,
177531,
177702,
177874,
178045,
178216,
178388,
178559,
178845,
179245,
179416,
179759,
180274,
181131,
181645,
182159,
182331,
189359,
193474,
193645,
193816,
193988,
195188,
195359,
195874,
196216,
196388,
197245,
197588,
197931,
198274,
198445,
198616,
199474,
199645,
199988,
200331,
200502,
200845,
201359,
201616,
202045,
202216,
202731,
202902,
203588,
203759,
203931,
204445,
204616,
205645,
206159,
206502,
206674,
206845,
207359,
207531,
207874,
208045,
209245,
210959,
212245,
212674,
213874,
214388,
214731,
215416,
217474,
218502,
218674,
219016,
219274,
219445,
219531,
220045,
220388,
220731,

1 Column Long Note Times:
1988,
4731,
6616,
11074,
11416,
11759,
16216,
18788,
18959,
30959,
33359,
33874,
35588,
35931,
36616,
37645,
38674,
39188,
42445,
45359,
46216,
48102,
52902,
53074,
54959,
57359,
60445,
63188,
64559,
65931,
67988,
70045,
74159,
75188,
76216,
76388,
78102,
78445,
78616,
79645,
83588,
85988,
86331,
87531,
90616,
97474,
108959,
109816,
114959,
115816,
116331,
117359,
122159,
124216,
124902,
130388,
131759,
135531,
137245,
141359,
142388,
147702,
150788,
153531,
155074,
156274,
161245,
168616,
172559,
173759,
174788,
175474,
180616,
182502,
183016,
186616,
191588,
192102,
192788,
194845,
196902,
198959,
203074,
204102,
205131,
205302,
207016,
208559,
210274,
211645,
213016,
215759,
216445,
217816,
220902,
222274,
223131,
223816,
224502,
224845,
225531,
226045,
226731,
227416,

1 Column Release Times:
2159,
4902,
6959,
11159,
11502,
11845,
16388,
18874,
19045,
31302,
33531,
34045,
35759,
36102,
36788,
37988,
38845,
39359,
42616,
45702,
46302,
48274,
52988,
53159,
55131,
57531,
60616,
63359,
64731,
66102,
68159,
70216,
74331,
75359,
76302,
76474,
78274,
78531,
78702,
79988,
83931,
86074,
86845,
87616,
90788,
97645,
109131,
110159,
115302,
116159,
116588,
117531,
122331,
124388,
125074,
130559,
131931,
135702,
137416,
141531,
142559,
147874,
151045,
153874,
155416,
156616,
161416,
168959,
172731,
174102,
174959,
175645,
180788,
182845,
183874,
186959,
191759,
192445,
193131,
195016,
197074,
199131,
203245,
204274,
205216,
205388,
207188,
208902,
210616,
211988,
213359,
216102,
216788,
218159,
221245,
222616,
223302,
223988,
224588,
225188,
225702,
226216,
226902,
227759,

2 Column Hit Times:
6959,
7216,
7645,
7988,
10045,
10302,
10731,
11331,
11674,
11845,
12188,
13131,
13302,
13645,
13988,
14416,
14674,
15188,
15531,
15788,
16045,
16388,
17588,
17931,
18188,
18445,
18616,
19131,
19645,
19874,
20102,
20216,
21188,
22216,
23416,
23931,
24959,
26159,
26674,
27531,
28902,
30274,
30874,
36359,
41759,
42616,
42959,
43131,
43474,
44331,
44502,
44759,
45102,
45274,
46559,
46959,
48788,
49302,
49645,
49816,
50159,
50845,
51188,
51359,
51531,
51874,
52216,
52388,
54788,
55474,
55988,
56674,
57016,
57188,
57959,
58216,
58645,
59588,
60102,
60274,
60445,
60616,
61816,
61988,
62331,
62674,
62845,
63016,
63188,
63359,
63874,
64045,
64216,
64388,
64559,
64902,
65245,
65416,
65759,
65931,
66616,
66959,
67131,
67988,
68331,
68502,
69016,
69616,
69874,
70216,
70388,
70559,
71159,
71416,
71588,
71931,
72102,
72274,
72616,
72788,
73131,
73302,
73474,
73645,
73816,
74674,
74845,
75016,
75359,
75702,
75874,
76045,
76559,
76902,
77074,
77588,
77931,
79216,
79559,
79988,
81359,
81702,
82045,
82902,
83245,
83588,
83759,
84102,
85302,
85474,
86959,
87074,
87245,
87474,
87874,
88731,
89416,
89845,
90274,
90959,
92159,
93702,
94902,
96788,
98502,
98845,
99188,
99359,
99702,
99874,
100388,
100731,
101245,
101588,
101759,
102445,
102616,
103131,
103474,
103988,
104502,
105359,
105531,
105874,
106045,
106388,
106559,
106902,
107588,
107931,
108274,
109131,
109559,
109816,
110331,
110674,
111245,
111474,
111616,
111874,
112045,
112216,
112388,
112559,
113588,
113759,
114159,
114559,
115645,
116845,
117188,
117531,
118045,
118216,
118388,
118731,
118902,
119416,
119588,
119759,
119931,
120102,
120274,
120445,
120616,
120788,
121302,
121902,
122159,
122845,
123359,
123702,
124216,
124559,
124731,
125159,
125416,
125845,
126616,
126959,
127302,
127645,
127902,
129702,
129959,
130216,
130388,
130559,
131074,
131245,
131588,
131759,
131931,
132274,
132445,
132702,
132874,
133131,
133474,
134159,
134331,
134845,
135531,
135702,
136131,
136559,
136816,
137074,
137416,
137588,
137759,
138016,
138188,
138445,
138616,
138959,
139131,
139302,
139474,
139816,
139988,
140331,
140502,
140674,
140845,
141016,
141359,
142045,
142216,
142559,
142731,
143074,
143416,
143588,
143759,
144102,
144274,
144445,
144788,
145131,
145902,
146074,
146245,
146416,
146588,
146759,
147359,
147874,
148045,
148388,
151131,
151302,
151474,
152159,
154216,
154388,
154731,
155074,
156616,
157816,
157988,
158674,
159188,
159359,
159531,
159874,
160131,
160388,
160559,
161074,
161245,
162102,
162445,
163416,
163759,
163988,
164216,
164445,
164674,
164788,
165188,
165474,
165702,
165816,
166045,
166388,
166731,
166902,
167074,
167245,
167759,
167931,
168274,
168788,
168959,
169131,
169731,
169988,
170159,
170331,
170588,
170845,
171016,
171274,
171816,
172445,
173759,
174102,
174559,
174959,
175131,
176502,
176845,
177074,
177302,
177474,
177588,
177759,
177988,
178159,
178274,
178445,
178788,
179588,
181302,
181474,
181816,
181988,
182245,
182416,
182845,
189359,
193474,
193645,
193816,
193988,
194845,
195531,
195874,
196045,
196902,
197245,
197416,
197931,
198531,
198788,
199131,
199302,
199474,
200074,
200331,
200502,
200845,
201016,
201531,
201702,
202045,
202216,
202388,
202559,
202731,
203588,
203759,
203931,
204274,
204616,
204788,
204959,
205474,
205816,
205988,
206159,
206502,
206845,
207702,
208902,
209931,
211645,
212502,
213959,
217816,
218159,
218331,
218674,
218845,
219274,
219445,
219702,
220045,
220216,
220388,
220559,
220816,
220902,

2 Column Long Note Times:
1816,
3188,
3874,
4559,
5502,
5931,
11074,
12445,
31816,
33188,
33531,
34388,
36788,
39016,
39531,
41074,
42274,
48102,
48445,
53245,
53416,
54102,
56331,
57702,
59074,
61302,
67645,
78445,
78616,
80502,
84788,
85816,
86159,
92845,
96102,
108616,
113074,
115302,
115816,
116331,
117702,
126274,
128159,
128674,
135188,
135874,
145302,
148731,
149245,
152331,
152502,
152674,
153531,
155416,
157131,
161588,
162959,
171531,
172045,
172731,
173074,
173245,
174274,
175302,
175816,
180102,
180788,
183016,
187988,
190731,
191759,
196559,
208216,
208388,
209245,
210959,
211988,
213359,
214388,
215074,
216102,
217131,
222788,
223474,
223988,
224588,
225016,
225874,
226216,
227074,

2 Column Release Times:
1988,
3531,
4045,
4731,
5588,
6274,
11159,
12788,
31988,
33359,
33702,
35416,
37131,
39188,
39874,
41245,
42445,
48274,
48616,
53331,
53502,
54274,
56502,
57874,
59245,
61474,
67816,
78531,
78702,
80674,
85131,
85988,
86245,
93016,
96274,
108788,
113416,
115559,
116159,
116674,
117874,
126445,
128331,
128845,
135359,
136045,
145645,
148902,
149588,
152416,
152588,
152759,
153874,
155759,
157474,
161759,
163302,
171702,
172216,
172902,
173159,
173416,
174445,
175474,
176159,
180274,
181131,
183874,
188674,
191074,
191931,
196731,
208302,
208474,
209588,
211302,
212331,
213531,
214731,
215416,
216445,
217474,
222959,
223559,
224159,
224674,
225359,
226045,
226302,
227416,

3 Column Hit Times:
7131,
7302,
7645,
7816,
9874,
10816,
11931,
12102,
12274,
12788,
13474,
14159,
14845,
16216,
16559,
16902,
17074,
17416,
17931,
18102,
18274,
19702,
19816,
20045,
20274,
20845,
22045,
22559,
24445,
25302,
28216,
29245,
30102,
30788,
42616,
42959,
43474,
43816,
44245,
44588,
44845,
45016,
45274,
45874,
46216,
47016,
47131,
50159,
50502,
50845,
51016,
51359,
51702,
52559,
52731,
54616,
54959,
55131,
55645,
55988,
56159,
57016,
57359,
57531,
58045,
58559,
58731,
58902,
59416,
60102,
60359,
61131,
62159,
62331,
62759,
63188,
63445,
63702,
64216,
64474,
64731,
64902,
65074,
65331,
65588,
65845,
66274,
66788,
67645,
67988,
68159,
68931,
69616,
70045,
70388,
70816,
70988,
71245,
71416,
71759,
72016,
72445,
72788,
72959,
73131,
73474,
73816,
73988,
74159,
74331,
74502,
75188,
75359,
75702,
76559,
76902,
77245,
77416,
79302,
79474,
81016,
81616,
81874,
82988,
83416,
83674,
84274,
84616,
85131,
85388,
85645,
85816,
86331,
86902,
87131,
87302,
87416,
88559,
89931,
90788,
91645,
92331,
94216,
94731,
95331,
96102,
98502,
99359,
99702,
100388,
100559,
100902,
101074,
101416,
101931,
102102,
103131,
103302,
103645,
103816,
104331,
104674,
105016,
106045,
106731,
107074,
107416,
107759,
108102,
109474,
109816,
110674,
111016,
111302,
111416,
111702,
111959,
112302,
113759,
114216,
114331,
116159,
117531,
118045,
118559,
118731,
118902,
119502,
119674,
119845,
120016,
120188,
120359,
120531,
120702,
121645,
122074,
122331,
122674,
123188,
123874,
124045,
125074,
125845,
126102,
127131,
127474,
129016,
129274,
129531,
130045,
130216,
130645,
130902,
131416,
131759,
131931,
132102,
132445,
132616,
132959,
133816,
134159,
134502,
135188,
135359,
136045,
136216,
136731,
136902,
137245,
137588,
138359,
138616,
138788,
139216,
139645,
139988,
140159,
140331,
140674,
141016,
141188,
141531,
141702,
141874,
142388,
142559,
143074,
143245,
143759,
144102,
144445,
144788,
145302,
145816,
145988,
146159,
146331,
146502,
146674,
146845,
147016,
147359,
147531,
147874,
148045,
148902,
149245,
149588,
151216,
151645,
151816,
151988,
153874,
154045,
154559,
155074,
155759,
156102,
156616,
157816,
158845,
159102,
159531,
159702,
160216,
160559,
160902,
161159,
161931,
162274,
163302,
163531,
163874,
164102,
164331,
164559,
164902,
165016,
165245,
165359,
165588,
165816,
166388,
167416,
167588,
168102,
168445,
169045,
169302,
169474,
169645,
169816,
170159,
170331,
170502,
170759,
171016,
171188,
171445,
171759,
172502,
172731,
173588,
173931,
174188,
174445,
175245,
175474,
176845,
177131,
177245,
177416,
177645,
177816,
177931,
178102,
178331,
178502,
178731,
179416,
179674,
180788,
181045,
181302,
181731,
182159,
182331,
195188,
195702,
196559,
196902,
197074,
197845,
198531,
198959,
199302,
199731,
199902,
200159,
200331,
200674,
200931,
201188,
201359,
201702,
201874,
202045,
202388,
202731,
202902,
203074,
203245,
203416,
204102,
204274,
204616,
205474,
205816,
206159,
206331,
207788,
209588,
211302,
212331,
213359,
213616,
213788,
214045,
215759,
216788,
217131,
217731,
217988,
218159,
218502,
218674,
219016,
219188,
219359,
219531,
219702,
219874,
220216,
220559,
220816,

3 Column Long Note Times:
1645,
3702,
4388,
5759,
11074,
11416,
11759,
15188,
18616,
18959,
31988,
34045,
35416,
36102,
38331,
39359,
40388,
40902,
41931,
48445,
53074,
53245,
53845,
56674,
59759,
60788,
61645,
67302,
68674,
69359,
76216,
76388,
78102,
79988,
80674,
82388,
93016,
97645,
108445,
112559,
115302,
116331,
117016,
119074,
123531,
124559,
125588,
127645,
128502,
133131,
134845,
144959,
148216,
150788,
158159,
161416,
162616,
168616,
172216,
173159,
174616,
174959,
175645,
176159,
178902,
180274,
182502,
183874,
187302,
191931,
193131,
196216,
197588,
198274,
205131,
205302,
207016,
208302,
208474,
209931,
210616,
212674,
214731,
222445,
223302,
223645,
224331,
225359,
226388,
226902,
227331,

3 Column Release Times:
1816,
3874,
4559,
5931,
11159,
11502,
11845,
15531,
18788,
19045,
32674,
34388,
35588,
36274,
38674,
39531,
40731,
41074,
42102,
48616,
53159,
53331,
54102,
56845,
59931,
60959,
61816,
67474,
68845,
69531,
76302,
76474,
78274,
80331,
80845,
82731,
93359,
97988,
108616,
112902,
115645,
116674,
117188,
119416,
123702,
124731,
125759,
127816,
128674,
133302,
135016,
145131,
148388,
151131,
158502,
161588,
162959,
168959,
172388,
173245,
174788,
175131,
175816,
176674,
179245,
180616,
182845,
184559,
187645,
192102,
193474,
196388,
197759,
198445,
205216,
205388,
207188,
208388,
208559,
210274,
210959,
213016,
215074,
222616,
223474,
223988,
224674,
225531,
226731,
227074,
227416,

4 Column Hit Times:
6959,
7559,
7988,
8159,
10216,
10559,
10902,
11245,
11588,
12016,
12274,
12445,
13131,
13302,
14159,
14502,
14674,
15702,
16045,
16902,
18445,
19759,
19988,
21016,
21702,
22388,
23588,
24616,
25131,
25816,
26331,
27188,
30445,
34902,
36274,
37988,
38159,
42616,
43131,
44159,
44931,
45188,
47074,
48788,
49302,
49645,
49816,
50845,
51188,
51531,
51874,
52388,
52731,
54445,
54959,
55302,
55816,
56331,
56502,
57359,
57702,
58045,
58731,
59074,
59416,
59759,
60102,
60445,
60702,
62159,
62502,
63016,
63359,
63531,
63874,
64045,
64388,
64559,
64731,
65416,
65588,
65759,
65931,
66102,
66616,
67302,
67645,
67816,
68845,
69188,
69702,
69874,
70302,
70731,
70902,
71331,
71759,
72102,
72274,
72788,
72959,
73474,
73645,
74159,
74331,
74502,
75188,
75531,
75874,
76045,
76559,
77931,
79388,
79645,
80502,
81188,
81531,
82045,
82388,
82731,
83245,
83759,
84102,
84788,
85131,
85302,
85645,
86845,
87359,
89074,
90616,
91816,
92674,
93874,
95245,
95416,
95931,
96445,
98331,
98674,
98845,
99874,
100216,
100902,
101074,
101588,
102102,
102445,
102788,
103302,
103988,
104331,
104845,
105188,
105359,
105874,
106216,
106731,
107416,
108102,
108445,
109302,
109731,
110331,
110674,
111016,
111359,
111788,
112388,
112559,
113074,
113416,
113588,
114274,
116159,
117188,
117874,
118045,
118559,
119502,
119674,
119845,
120016,
120188,
120359,
120531,
120702,
120788,
121302,
121816,
121988,
122159,
122502,
123188,
123531,
124216,
124388,
124902,
125245,
125759,
125931,
126274,
126616,
127302,
127559,
128331,
129188,
129359,
129702,
130045,
130388,
130559,
130731,
131074,
131245,
131416,
131674,
132102,
132616,
132788,
132959,
133131,
133474,
133645,
134845,
135016,
135531,
135874,
136388,
136902,
137074,
137502,
137931,
138274,
138616,
138788,
139302,
139474,
139988,
140159,
140674,
140845,
141359,
141531,
141702,
142388,
142731,
142902,
143245,
143416,
143588,
145645,
145816,
145988,
146502,
146845,
147874,
148388,
148559,
148988,
149159,
149588,
149759,
150274,
151216,
151474,
151816,
152159,
153874,
154216,
155416,
155588,
155931,
156445,
158159,
158502,
159016,
159359,
159702,
160045,
161588,
162102,
162616,
163302,
163531,
163759,
163988,
164674,
164902,
165016,
165302,
165588,
165702,
165931,
166045,
166731,
166902,
167074,
167245,
167759,
167931,
168274,
168788,
168959,
169302,
169816,
169988,
170245,
170502,
170674,
170931,
171188,
171359,
171531,
171702,
172216,
172559,
173245,
173931,
174502,
174788,
175302,
175645,
175988,
176502,
176674,
177016,
177188,
177359,
177531,
177702,
177874,
178045,
178216,
178388,
178902,
179245,
180959,
181131,
181474,
181816,
181988,
193474,
193645,
193816,
193988,
194845,
195016,
195531,
196216,
196559,
196731,
197759,
198102,
198616,
198788,
199216,
199645,
199816,
200245,
200674,
201016,
201702,
201874,
202388,
202559,
203074,
203245,
203416,
204102,
204445,
204788,
204959,
205645,
205816,
206502,
206845,
207359,
207531,
207959,
208131,
208559,
210274,
210616,
211988,
213016,
213531,
213702,
215074,
216102,
216445,
218159,
218331,
218845,
219188,
219359,
219531,
219874,
220045,
220559,
220731,

4 Column Long Note Times:
1474,
3531,
4216,
5416,
5588,
6274,
11416,
11759,
13645,
16388,
17588,
18788,
19131,
20331,
31645,
32845,
33702,
35759,
36445,
37131,
38845,
39874,
40731,
41245,
42102,
45359,
45874,
46559,
52902,
53416,
53588,
57016,
58388,
60959,
61474,
65074,
68331,
74674,
76731,
78445,
78616,
80845,
83416,
85988,
86159,
87874,
93359,
97131,
108788,
114616,
115302,
115816,
116674,
119074,
123874,
126959,
127988,
128845,
132274,
134502,
136559,
141874,
143931,
145131,
147188,
150788,
152331,
152502,
152674,
153531,
154731,
156788,
157474,
160559,
161759,
171874,
172902,
173416,
178559,
179759,
182502,
183016,
185245,
189359,
191245,
192445,
197245,
203588,
207016,
208902,
209588,
211302,
212331,
214045,
215416,
216788,
217474,
220902,
222274,
222616,
222959,
223559,
224159,
224674,
225188,
225702,
226302,
226559,
227245,
227588,

4 Column Release Times:
1645,
3702,
4388,
5502,
5759,
6616,
11502,
11845,
13988,
16731,
17931,
18874,
19645,
20416,
31816,
33188,
33874,
35931,
36616,
37474,
39016,
40216,
40902,
41588,
42274,
45702,
45959,
46645,
52988,
53502,
53845,
57188,
58559,
61131,
61645,
65245,
68502,
74845,
77588,
78531,
78702,
81016,
83588,
86074,
86245,
88045,
93531,
97474,
108959,
114959,
115645,
116074,
116845,
119416,
124045,
127131,
128159,
129016,
132445,
134674,
136731,
142045,
144788,
145302,
147359,
151131,
152416,
152588,
152759,
153788,
155074,
157131,
157816,
160731,
161931,
172045,
173074,
173759,
178731,
180102,
182845,
183874,
185931,
190045,
191588,
192788,
197416,
203759,
207188,
209245,
209931,
211645,
212674,
214388,
215759,
217131,
217816,
221245,
222445,
222788,
223302,
223645,
224331,
224845,
225359,
226045,
226388,
226731,
227331,
227759,

