Artist : hololive
Song Name : hololive song pack
Difficulty : 0
BPM : 190
Background Image : charts\hololive-hololive song pack\Inferno - Rikka.png
Audio : charts\hololive-hololive song pack\Inferno - Rikka.ogg

1 Column Hit Times:
2647,
3295,
3458,
3944,
4268,
4917,
5404,
5890,
6052,
6214,
6863,
7349,
7836,
8160,
8809,
9295,
9458,
9782,
9944,
10755,
11079,
11241,
12052,
12377,
12539,
13674,
15295,
16593,
17566,
17728,
18539,
18863,
19187,
19836,
20322,
20485,
22431,
22593,
22755,
22917,
23728,
25025,
25998,
26322,
27295,
27620,
28431,
28917,
29728,
30214,
31187,
31512,
32485,
33133,
35566,
36701,
36863,
37674,
37836,
38322,
40268,
41890,
42052,
42863,
43025,
44160,
44485,
44647,
45133,
46431,
47079,
47404,
47728,
48701,
49349,
49998,
50322,
50971,
51620,
52268,
53241,
53728,
53998,
54214,
54539,
54701,
54944,
55187,
56809,
58755,
58917,
59241,
59890,
62809,
63295,
63782,
63944,
64431,
64755,
64917,
65079,
65890,
66052,
66214,
66539,
67349,
67674,
68485,
70755,
71890,
72214,
73187,
73512,
74485,
74809,
75133,
75458,
76431,
76917,
77728,
78052,
79512,
79836,
80160,
80485,
81133,
81295,
81782,
82917,
83079,
83890,
84539,
84863,
85512,
85674,
86971,
89079,
90863,
91349,
91512,
91674,
91836,
92809,
93782,
94106,
94431,
95079,
95404,
95566,
96052,
96214,
96863,
97512,
97674,
97998,
98971,
99295,
100268,
100917,
101241,
101404,
101890,
102052,
102539,
103512,
103836,
106106,
106917,
108377,
108701,
109349,
109998,
110971,
111620,
113566,
114214,
114863,
115349,
117458,
118106,
118431,
121349,
124268,
126214,
126701,
127349,
130755,
131241,
131404,
131890,
132214,
132377,
132539,
133431,
133593,
133836,
134809,
135133,
135944,
138214,
139349,
139674,
140647,
140971,
141944,
142268,
142593,
142917,
143404,
143890,
144377,
145187,
145512,
146647,
146971,
147295,
147620,
147944,
148593,
148755,
150052,
150863,
151025,
151674,
152647,
153133,
153295,
153458,
153620,
155241,
155728,
155971,
156295,
156863,
157836,
159295,
159620,
163431,
163674,
163917,
164160,
173566,
173728,
174214,
174377,
175835,
177781,
177944,
178268,
178916,
179565,
179727,
179889,
180052,
180376,
181835,
182160,
182322,
182808,
182971,
183295,
183619,
183781,
184106,
184268,
185241,
186052,
186538,
186862,
187187,
187511,
189133,
189457,
189781,
189944,
190754,
191079,
191403,
191727,
193349,
193835,
194160,
194322,
195133,
195295,
195619,
195944,
196592,
196916,
197079,
197889,
198214,
198376,
199268,
199430,
200484,
200808,
201457,
202106,
202430,
202754,
204052,
204376,
205025,
205349,
205511,
206322,
206971,

1 Column Long Note Times:
13025,
14322,
15944,
17890,
20971,
21458,
21944,
24052,
24377,
25349,
26647,
26971,
27944,
29404,
30701,
31998,
33620,
34106,
34593,
35079,
36377,
37025,
38971,
39782,
40593,
41566,
42377,
52593,
55512,
55836,
56322,
57133,
57782,
58268,
59566,
60214,
61025,
61674,
62322,
66863,
67998,
68809,
69458,
70106,
71404,
72701,
73998,
75944,
77241,
78539,
79187,
80647,
83566,
84214,
85836,
86647,
87944,
89728,
90214,
90539,
92160,
93133,
97025,
98322,
99620,
100431,
102863,
105133,
107404,
112917,
115998,
116809,
118755,
119404,
120377,
121998,
123295,
123782,
124593,
125241,
125728,
126377,
127025,
127674,
128485,
129133,
129782,
130268,
131647,
134322,
135458,
136268,
136917,
137566,
138863,
140160,
141458,
144701,
145998,
148106,
149241,
149566,
150214,
151187,
152809,
153782,
154431,
154755,
155404,
156539,
157025,
158322,
158647,
158809,
158971,
160268,
160431,
161566,
161728,
162214,
162377,
162863,
163025,
164485,
165620,
166431,
167566,
168377,
170322,
171458,
172917,
174862,
175349,
176160,
176808,
177295,
178592,
179241,
180700,
181349,
184592,
192052,
192700,
194646,
197403,
198862,
199835,
203403,
207295,
209889,

1 Column Release Times:
13349,
14647,
16268,
18214,
21133,
21620,
22106,
24214,
24539,
25512,
26809,
27133,
28106,
29566,
30863,
32160,
33782,
34268,
34755,
35241,
36539,
37187,
39133,
39944,
40755,
41728,
42539,
52917,
55593,
56160,
56485,
57458,
58106,
58431,
59728,
60377,
61349,
61998,
62647,
67187,
68160,
69133,
69782,
70431,
71728,
73025,
74322,
76268,
77566,
78863,
79349,
80809,
83728,
84377,
85998,
86809,
88106,
89890,
90377,
90701,
92485,
93295,
97187,
98485,
99782,
100593,
103187,
105458,
107728,
113241,
116160,
117133,
118917,
119728,
120701,
122647,
123620,
123944,
124755,
125566,
125890,
126458,
127187,
127836,
128809,
129458,
129944,
130349,
131728,
134647,
135539,
136593,
137079,
137890,
139187,
140322,
141620,
144863,
146160,
148268,
149404,
149728,
150377,
151349,
152971,
153944,
154593,
154917,
155566,
156701,
157187,
158485,
158728,
158890,
159052,
160349,
160593,
161647,
161890,
162295,
162539,
162944,
163187,
164809,
166106,
166755,
168052,
168701,
170647,
171944,
173241,
175187,
175511,
176484,
177133,
177457,
178754,
179403,
181025,
181673,
184916,
192214,
192862,
194808,
197565,
199187,
200160,
203727,
209565,
211835,

2 Column Hit Times:
1350,
1674,
1998,
2322,
2971,
3620,
4106,
4593,
4755,
5241,
5566,
6539,
6701,
7187,
7593,
7755,
8809,
9133,
9782,
9944,
10431,
10593,
11404,
11728,
11890,
12052,
12701,
12863,
13025,
13349,
13998,
14971,
16268,
18214,
18863,
19025,
19674,
20160,
20322,
20809,
21458,
21782,
22106,
22268,
23404,
24701,
26160,
26485,
27458,
28593,
29890,
31349,
32647,
32971,
33782,
35404,
36052,
37349,
37512,
39620,
41241,
42539,
42701,
43187,
43349,
45458,
46755,
47079,
48052,
49674,
49836,
50322,
50971,
51295,
51620,
52431,
52917,
53241,
53890,
54052,
54214,
54377,
54701,
54944,
55187,
55349,
55998,
56322,
56647,
57458,
57620,
57944,
59728,
60377,
60539,
61512,
61836,
62647,
64593,
64917,
65079,
65566,
65728,
66701,
67998,
68322,
68647,
68971,
69133,
69620,
70431,
70917,
71079,
71241,
71404,
71728,
72052,
72377,
72701,
73025,
77079,
77404,
78377,
78863,
79187,
79674,
80485,
81133,
82917,
83079,
83404,
83890,
85998,
88106,
88268,
89079,
89404,
89566,
90052,
91025,
91552,
91714,
92160,
92485,
92971,
93133,
93620,
93782,
94268,
94755,
95728,
96214,
96377,
96701,
96863,
98160,
98322,
98647,
98809,
99295,
99458,
99944,
100106,
100593,
100755,
101566,
101890,
102214,
102377,
103674,
105133,
105458,
105782,
106431,
106998,
107404,
108863,
111133,
111458,
112106,
113728,
114052,
114701,
115187,
116160,
116809,
118268,
118593,
118917,
119241,
119728,
120052,
120377,
123458,
123782,
124106,
124917,
125079,
127187,
127836,
127998,
128971,
129295,
130106,
132052,
132377,
132539,
133025,
133187,
134160,
135782,
136106,
136431,
136593,
137079,
137890,
138458,
138620,
138782,
139187,
139512,
139836,
140160,
140485,
142755,
143079,
144539,
144863,
145836,
146322,
147133,
148674,
148836,
150377,
150539,
150701,
150863,
151025,
151674,
152647,
153539,
153701,
154106,
154268,
155566,
155728,
156133,
156377,
156701,
156863,
157836,
158485,
162539,
162863,
163187,
163674,
163917,
174214,
174377,
175025,
175349,
175673,
176484,
176646,
178754,
179484,
179727,
179971,
180214,
180376,
180700,
181025,
181349,
181673,
183457,
183619,
184430,
184754,
184916,
185241,
185565,
185889,
186376,
186862,
187349,
189133,
190430,
190592,
190754,
191079,
191241,
191403,
192052,
192376,
192538,
193025,
193187,
193835,
193998,
194322,
194646,
195619,
195781,
196430,
197079,
197241,
197565,
197727,
198214,
198376,
198538,
198862,
199268,
199430,
200160,
203079,
204052,
204700,
205673,
205998,
206160,
206322,
206646,
206808,

2 Column Long Note Times:
15295,
16917,
21133,
24214,
25512,
26809,
28268,
29241,
29566,
30539,
31836,
32160,
35728,
36701,
37836,
38647,
39295,
39944,
40917,
41890,
43836,
44809,
46106,
49025,
53404,
53566,
55512,
56971,
58431,
59079,
60701,
61025,
62160,
62971,
63620,
64106,
66214,
66863,
67512,
69944,
73349,
73998,
74647,
75295,
75944,
76593,
77890,
80160,
80647,
81295,
82106,
84377,
84701,
85512,
86322,
86809,
87295,
88755,
90377,
90701,
91836,
94431,
95079,
95890,
97187,
97674,
101079,
104485,
108052,
109674,
110322,
112268,
113404,
115512,
117782,
120701,
124431,
125241,
125890,
126539,
128160,
128485,
129620,
130431,
131079,
131566,
133674,
134322,
134971,
135539,
136836,
137404,
140809,
141458,
142106,
143404,
144052,
145349,
146647,
147620,
149241,
149566,
149890,
151187,
151836,
152160,
152809,
155079,
157349,
158647,
158809,
158971,
159620,
159782,
160917,
161079,
164160,
165133,
165782,
166917,
167647,
169512,
170809,
172268,
173404,
175998,
176808,
177457,
178106,
181998,
182646,
183944,
190106,
194808,
195295,
196106,
196592,
200808,
201781,
209565,
210700,
210862,
211025,
211187,
211349,
211673,

2 Column Release Times:
15620,
17241,
21295,
24377,
25674,
26971,
28431,
29404,
29728,
30701,
31998,
32322,
35890,
36863,
37998,
38809,
39458,
40106,
41079,
42052,
44160,
45133,
46431,
49349,
53485,
53647,
55593,
57133,
58755,
59404,
60863,
61349,
62322,
63295,
63944,
64268,
66539,
67187,
67836,
70106,
73674,
74322,
74971,
75620,
76268,
76917,
78214,
80322,
80809,
81458,
82268,
84539,
84863,
85674,
86485,
86971,
87458,
88917,
90539,
90863,
91998,
94593,
95241,
96052,
97349,
97836,
101241,
104809,
108377,
109998,
110647,
112593,
113566,
115836,
118106,
121025,
124593,
125404,
126052,
126863,
128322,
128647,
129782,
130593,
131241,
131647,
133998,
134485,
135133,
135620,
136917,
137566,
141133,
141782,
142268,
143566,
144214,
145512,
146971,
147944,
149404,
149728,
150052,
151349,
151998,
152322,
152971,
155241,
157512,
158728,
158890,
159052,
159701,
159944,
160998,
161241,
164322,
165458,
166106,
167404,
168052,
169998,
171295,
172593,
173566,
176160,
177133,
177781,
178430,
182322,
182971,
184268,
190268,
194971,
195457,
196268,
196754,
201133,
202106,
209889,
210781,
210944,
211106,
211268,
211430,
211835,

3 Column Hit Times:
2647,
2971,
3295,
3458,
3944,
4268,
4917,
5404,
6052,
6214,
7187,
7836,
8485,
8647,
9133,
9295,
10106,
10431,
10593,
11404,
12052,
12377,
12539,
13025,
14647,
15620,
16593,
16917,
17241,
17566,
17728,
18539,
19025,
19512,
19674,
20160,
22755,
22917,
24052,
25187,
26809,
27133,
29566,
30539,
31836,
32160,
33133,
34106,
34755,
35079,
37025,
37187,
38971,
39295,
40755,
42214,
42377,
43512,
44160,
44485,
44809,
49025,
51133,
52593,
53241,
53728,
54106,
54214,
54377,
54863,
55025,
55431,
58268,
58593,
59404,
59728,
59890,
60377,
60539,
61187,
61998,
63133,
63458,
65566,
65728,
67025,
67836,
69782,
70755,
72539,
72863,
73349,
73674,
73998,
74322,
74647,
74971,
75782,
76106,
76755,
77241,
78701,
79025,
79349,
80322,
81133,
83404,
84214,
84377,
85512,
85674,
86485,
86971,
88106,
88268,
88593,
90052,
90620,
90782,
91593,
91755,
92809,
93133,
93458,
93620,
94106,
94268,
94755,
94917,
95404,
96052,
96377,
96701,
97025,
97349,
97512,
97998,
98160,
98809,
98971,
99458,
99620,
99944,
100755,
100917,
101241,
101404,
101566,
101971,
102133,
103187,
103512,
104809,
106106,
107079,
109025,
109998,
110160,
110647,
110809,
112268,
112917,
114377,
115187,
116322,
116647,
118755,
121025,
121187,
121512,
121836,
125404,
125728,
126052,
126863,
127187,
127349,
127836,
127998,
128647,
129458,
130593,
130917,
133025,
133187,
133349,
133512,
133998,
134485,
135295,
135458,
137241,
138214,
139998,
140322,
140809,
141133,
141458,
141782,
142106,
142431,
143241,
143566,
144214,
144701,
146160,
146485,
146809,
147782,
147944,
148106,
148917,
150052,
150539,
150701,
150944,
151106,
151349,
152971,
153458,
153620,
155566,
156052,
156214,
159295,
159944,
160268,
161241,
161566,
163187,
163431,
163674,
163836,
163998,
173566,
173728,
174214,
174377,
176971,
177295,
177619,
178430,
178754,
178916,
179403,
179646,
179808,
180538,
180862,
181025,
181998,
182322,
182484,
183133,
183944,
184268,
184592,
184916,
185403,
185727,
186214,
186700,
187187,
189457,
189781,
189944,
190106,
191241,
191727,
191889,
192376,
192538,
192700,
193673,
193998,
194160,
194646,
194971,
195133,
196268,
196592,
196916,
197727,
198538,
198862,
199187,
199349,
199511,
199835,
201133,
202106,
203403,
204376,
204700,
205025,
205349,
205511,
205673,
206322,
206646,
206808,
206971,
207295,

3 Column Long Note Times:
13349,
13998,
21620,
23566,
24863,
25674,
26160,
27458,
28106,
28593,
28917,
29890,
30214,
30863,
31187,
31512,
32485,
32809,
33782,
34431,
35404,
36052,
36539,
37349,
37998,
40431,
41079,
41728,
42539,
46755,
47404,
49349,
49998,
50647,
51944,
55836,
56485,
57133,
57782,
58917,
61512,
62322,
62809,
63620,
64268,
64755,
66214,
67349,
68160,
68809,
69295,
70106,
71404,
72052,
75295,
77566,
78214,
79836,
81295,
82755,
84863,
85187,
85998,
89566,
91998,
95728,
100268,
102539,
103836,
105458,
106431,
107728,
108377,
109349,
113241,
115836,
117458,
118106,
119079,
120052,
123295,
123944,
124593,
125160,
126458,
128971,
129782,
130349,
131079,
131728,
132214,
133674,
134809,
135620,
136268,
136755,
137566,
138863,
139512,
142755,
145025,
145674,
147295,
149079,
150214,
151512,
151836,
152160,
152485,
153782,
154431,
154755,
155079,
156539,
157025,
157674,
157998,
158322,
158647,
158809,
158971,
160593,
160755,
161890,
162052,
162539,
162701,
164322,
166349,
168214,
169025,
169674,
170890,
171620,
172755,
174862,
175511,
176160,
176727,
177944,
180052,
181349,
182646,
183295,
190754,
193349,
194322,
195457,
195944,
197241,
197889,
200484,
201457,
202754,
203727,
208754,
208916,
209079,
209241,
209403,

3 Column Release Times:
13674,
14322,
21782,
23728,
25025,
25836,
26322,
27620,
28268,
28755,
29079,
30052,
30377,
31025,
31349,
31674,
32647,
32971,
33944,
34593,
35566,
36214,
36701,
37512,
38160,
40593,
41241,
41890,
42701,
47079,
47728,
49674,
50322,
50971,
52268,
56160,
56809,
57458,
58106,
59079,
61674,
62647,
62971,
63944,
64593,
64917,
66539,
67512,
68485,
69133,
69458,
70431,
71728,
72377,
75620,
77890,
78539,
79998,
81458,
82917,
85025,
85349,
86160,
89728,
92160,
95890,
100431,
102863,
104160,
105782,
106755,
108052,
108701,
109674,
113404,
115998,
117782,
118268,
119241,
120377,
123458,
124106,
124917,
125241,
126539,
129133,
130106,
130431,
131404,
131890,
132377,
133836,
134971,
135944,
136431,
136836,
137728,
139025,
139674,
142917,
145187,
145836,
147620,
149241,
150377,
151674,
151998,
152322,
152647,
153944,
154593,
154917,
155241,
156701,
157187,
157836,
158160,
158485,
158728,
158890,
159052,
160674,
160917,
161971,
162214,
162620,
162863,
164809,
166755,
168701,
169349,
169998,
171295,
171944,
173241,
175187,
175835,
176484,
176808,
178106,
180376,
181673,
182971,
183619,
190916,
193511,
194484,
195619,
196106,
197403,
198052,
200808,
201781,
203079,
204052,
208835,
208998,
209160,
209322,
209484,

4 Column Hit Times:
2647,
3620,
4106,
4593,
4755,
5241,
5566,
5890,
6539,
6701,
6863,
7512,
7674,
7836,
8160,
8485,
8647,
9458,
10106,
10755,
11079,
11241,
11728,
11890,
12782,
12944,
13674,
14322,
14647,
15620,
15944,
17890,
18214,
19187,
19512,
19836,
20485,
21133,
22106,
22268,
22512,
22674,
24377,
25349,
25674,
26647,
26971,
27944,
28268,
29241,
30377,
30863,
31998,
32322,
32971,
34431,
35728,
36377,
36539,
37998,
38322,
39944,
40593,
40917,
41566,
41728,
42863,
43187,
43512,
45133,
46106,
47241,
47728,
49674,
50647,
51944,
52268,
53890,
54160,
54377,
54539,
54782,
55106,
55836,
56160,
56971,
57295,
58106,
59566,
60458,
60620,
61349,
62160,
62485,
64106,
64917,
65079,
65566,
65728,
65971,
66133,
66377,
67187,
69295,
69944,
70268,
70431,
70998,
71160,
71322,
71566,
73836,
74160,
75295,
75620,
75944,
76268,
76593,
77566,
77890,
78214,
78539,
79998,
80485,
80647,
84214,
84377,
84539,
84863,
85998,
86485,
88593,
89404,
89566,
90539,
90701,
90863,
91025,
91349,
91633,
91795,
91998,
92160,
92971,
93458,
94431,
94917,
95079,
95566,
95728,
97025,
97349,
97674,
98322,
98647,
99620,
100106,
100268,
100593,
102295,
102458,
102863,
104485,
106268,
107728,
108052,
108701,
109674,
110322,
110971,
111620,
112106,
114214,
115512,
116971,
117133,
117295,
117782,
119079,
119404,
120701,
121025,
121187,
121512,
121836,
123295,
123620,
124431,
124755,
125566,
126377,
127025,
127917,
128079,
128809,
129620,
129944,
130268,
131566,
132377,
132539,
133025,
133187,
133674,
134647,
136755,
137404,
137728,
137890,
138377,
138539,
138701,
138863,
139025,
141295,
141620,
142755,
143404,
143728,
144052,
145025,
145349,
145674,
145998,
147458,
147944,
148593,
148755,
148917,
150377,
150944,
151106,
151349,
152971,
153133,
153295,
153539,
153701,
154106,
154268,
155241,
155890,
156052,
156377,
156701,
156863,
158485,
160593,
160917,
161890,
162214,
163187,
163431,
163836,
163998,
164160,
173566,
173728,
174862,
175187,
175998,
176322,
177133,
178592,
179403,
179565,
179889,
181187,
181511,
181673,
182646,
182971,
185079,
185565,
185889,
186214,
186538,
187025,
187511,
187673,
189133,
189457,
190106,
190430,
190592,
191889,
192052,
192700,
193025,
193187,
193349,
193673,
193835,
194160,
194971,
195295,
195781,
195944,
196268,
196430,
197241,
197565,
197889,
199187,
199349,
200160,
201133,
201781,
203079,
203727,
204214,
204700,
205025,
205673,
205998,
206160,
206971,

4 Column Long Note Times:
14971,
16268,
17241,
20809,
21295,
21782,
23404,
23728,
24701,
25025,
25998,
26322,
27295,
27620,
28755,
30052,
31349,
32647,
33458,
33944,
34755,
35241,
35890,
37187,
37674,
38809,
39133,
39620,
40268,
41241,
42214,
44160,
45458,
46431,
48052,
48701,
51295,
52917,
53404,
53566,
55512,
56485,
57620,
58431,
59079,
60052,
60863,
61674,
62971,
63458,
64268,
66701,
67512,
68160,
68647,
69458,
72052,
72701,
73349,
74647,
76917,
78863,
79512,
81782,
82431,
83079,
83728,
85349,
85674,
86971,
87620,
88268,
88917,
89890,
92485,
93782,
95241,
96377,
98971,
100917,
101566,
103187,
104809,
105782,
107079,
109025,
112593,
113566,
114863,
116160,
118431,
119728,
121998,
123944,
125079,
125890,
126539,
127512,
128322,
129133,
130431,
130917,
131728,
134160,
134971,
135620,
136106,
136917,
139512,
140160,
140809,
142106,
143079,
144377,
146322,
146971,
148106,
149079,
149890,
151512,
152485,
155404,
157349,
157674,
157998,
159295,
159458,
159944,
160106,
161241,
161404,
164971,
166268,
167079,
167728,
168863,
170160,
170971,
172106,
175511,
176646,
177457,
178106,
179079,
180052,
180700,
181998,
183295,
183944,
184592,
191403,
194484,
196754,
198052,
198538,
199511,
202430,
207295,
207457,
207781,
207944,
208106,
208268,
208430,
209727,
209889,
210052,
210214,
210376,

4 Column Release Times:
15295,
16593,
17566,
20971,
21458,
21944,
23566,
23890,
24863,
25187,
26160,
26485,
27458,
27782,
28917,
30214,
31512,
32809,
33620,
34106,
34917,
35404,
36052,
37349,
37836,
38971,
39295,
39782,
40431,
41404,
42377,
44485,
45782,
46755,
48377,
49025,
51620,
53241,
53485,
53647,
55593,
56809,
57782,
58755,
59404,
60214,
61025,
61998,
63295,
63620,
64593,
66863,
67836,
68485,
68809,
69782,
72377,
73025,
73674,
74971,
77241,
79187,
79674,
81944,
82593,
83241,
83890,
85512,
85836,
87133,
87782,
88431,
89079,
90052,
92809,
93944,
95404,
96539,
99133,
101079,
101728,
103512,
105133,
106106,
107404,
109349,
112917,
113890,
115187,
116485,
118593,
120052,
122647,
124268,
125160,
126214,
126701,
127674,
128485,
129295,
130755,
131079,
132052,
134322,
135295,
135782,
136268,
137241,
139836,
140485,
140971,
142431,
143241,
144539,
146485,
147295,
148268,
149241,
150052,
151674,
152647,
155566,
157512,
157836,
158160,
159377,
159620,
160025,
160268,
161322,
161566,
165458,
166755,
167404,
168052,
169349,
170647,
171295,
172593,
175835,
176727,
177781,
178430,
179241,
180376,
181025,
182322,
183619,
184268,
184916,
191565,
194646,
196916,
198214,
198862,
199835,
202754,
207376,
207538,
207862,
208025,
208187,
208349,
208511,
209808,
209971,
210133,
210295,
210457,

