Artist : hololive
Song Name : hololive song pack
Difficulty : 0
BPM : 130
Background Image : charts\hololive-hololive song pack\Jibunkatte Dazzling - Hoshimachi Suisei.png
Audio : charts\hololive-hololive song pack\Jibunkatte Dazzling - Hoshimachi Suisei.ogg

1 Column Hit Times:
565,
2411,
4257,
6103,
7141,
11872,
12449,
12680,
13026,
13718,
14065,
19257,
19834,
20065,
20411,
20641,
22718,
24565,
26180,
27334,
28257,
29180,
29641,
30334,
31026,
31949,
32526,
32872,
33449,
33795,
34603,
35411,
37488,
37718,
37949,
38065,
38872,
39334,
40488,
42103,
43257,
43372,
45103,
45218,
46257,
47526,
48795,
48911,
49257,
50411,
50526,
50872,
51795,
52488,
52949,
53411,
53757,
53988,
54218,
54795,
55257,
55372,
55949,
56065,
56872,
57795,
58257,
58372,
58834,
59180,
59641,
60565,
61026,
61488,
61718,
61834,
63334,
63795,
64257,
64372,
65180,
65641,
66103,
66218,
66565,
67026,
67488,
67949,
68065,
68872,
69218,
70026,
70488,
70718,
70834,
71295,
72103,
72565,
72680,
73026,
73949,
74872,
75103,
75565,
75680,
76603,
77411,
77988,
82949,
83411,
83526,
84795,
85488,
87565,
88141,
88949,
89988,
90795,
92641,
92872,
94488,
94949,
95872,
96334,
97257,
98411,
98641,
99103,
99334,
99795,
100257,
101180,
101411,
102103,
103949,
104641,
105103,
105334,
105795,
105911,
106257,
106488,
106891,
107180,
107295,
108218,
108449,
109488,
109603,
109949,
111103,
111334,
111911,
112257,
112372,
112718,
113180,
113641,
114103,
114218,
114911,
115257,
115372,
116180,
116411,
116872,
117103,
117218,
117565,
118257,
119180,
119641,
119757,
120565,
121026,
121372,
121949,
122411,
122872,
123334,
123449,
124257,
124372,
124718,
125641,
126334,
126449,
126911,
127718,
127949,
128411,
128872,
129795,
130026,
130834,
131872,
131988,
132449,
133488,
133603,
133949,
134872,
135795,
136026,
136488,
136603,
137180,
137411,
137988,
138565,
138795,
140641,
140757,
141449,
142026,
142488,
142603,
147334,
147565,
148372,
149065,
149641,
149757,
154603,
155065,
156795,
159103,
159334,
167180,
167411,
176295,
177103,
179988,
180795,
181718,
181949,
182180,
182411,
184026,
185065,
186507,
187026,
187334,
187718,
188026,
188334,
190718,
196949,
198103,
198565,
198795,
199949,
200065,
200526,
200872,
200988,
201565,
201795,
202026,
202488,
202603,
203180,
203641,
204103,
204565,
204795,
205488,
205603,
206065,
206641,
206872,
207218,
207565,
211257,
212180,

1 Column Long Note Times:
7949,
10603,
10949,
14295,
14641,
15334,
21449,
22141,
23180,
35872,
36565,
43949,
46949,
49949,
52026,
57334,
60103,
62872,
64718,
74180,
76026,
78334,
78680,
79949,
80295,
80757,
82026,
82372,
83872,
84218,
91488,
93680,
108795,
120103,
123795,
131411,
133026,
135103,
141103,
143180,
146295,
153680,
156103,
156218,
157026,
157488,
159449,
160718,
164180,
164872,
167526,
169026,
171680,
172603,
173641,
173988,
174218,
174507,
174795,
175488,
175834,
176641,
178026,
178488,
179180,
179641,
179757,
180565,
181026,
182872,
183218,
184718,
185411,
185872,
188757,
189565,
189911,
196257,
197295,
199488,
208026,
208949,
210103,
212295,
212757,
216449,

1 Column Release Times:
10488,
10834,
11180,
14526,
14872,
19026,
21680,
22372,
24334,
36334,
36795,
44641,
47180,
50180,
52257,
57565,
60334,
63103,
64949,
74411,
76141,
78449,
78911,
80180,
80526,
80872,
82141,
82603,
84103,
84449,
91718,
94026,
108911,
120334,
124026,
131641,
133257,
135334,
141334,
143526,
146641,
154026,
156161,
156276,
157084,
157718,
159680,
160949,
164411,
165103,
167757,
169257,
172026,
172834,
173757,
174103,
174334,
174565,
174911,
175603,
175949,
176872,
178257,
178603,
179411,
179699,
179815,
180622,
181084,
182988,
183334,
184834,
185526,
186103,
188988,
189622,
190026,
196488,
197526,
199718,
208257,
209180,
210795,
212526,
216103,
216680,

2 Column Hit Times:
2988,
4834,
6680,
7257,
7488,
7949,
8295,
8988,
9218,
9795,
10141,
19026,
20411,
20641,
22372,
23180,
25026,
26641,
26988,
28257,
28949,
30334,
31257,
31718,
32526,
32988,
33334,
33795,
34026,
34372,
37488,
38526,
38757,
39103,
40257,
40372,
42218,
43026,
45565,
45680,
46026,
46141,
46372,
49372,
49718,
49834,
50180,
50411,
50988,
51334,
51449,
52026,
52718,
53065,
53295,
53526,
53872,
54334,
54449,
54911,
56411,
56526,
56988,
57334,
57795,
57911,
58718,
59641,
59872,
60103,
60680,
61141,
61545,
61949,
62641,
63103,
63334,
63449,
63911,
64949,
65180,
65295,
65757,
67488,
67834,
68411,
68526,
69103,
69565,
70026,
71180,
71641,
71757,
72565,
73141,
73488,
73603,
74411,
74757,
75218,
76488,
76949,
77180,
77526,
78103,
81795,
82257,
85488,
86295,
86641,
88834,
89180,
90334,
91026,
91257,
92180,
92641,
93218,
93680,
94718,
95295,
96449,
97718,
98180,
99449,
99911,
100488,
101065,
101411,
102334,
102911,
103257,
103949,
104180,
104411,
105218,
105565,
105795,
106315,
106603,
106834,
107411,
107872,
108103,
108334,
109488,
110065,
110411,
110526,
111334,
111449,
111795,
113180,
113641,
113872,
114680,
115026,
115949,
116065,
116295,
116526,
117680,
118026,
118141,
118949,
119065,
119295,
120334,
120565,
120911,
121257,
121718,
121834,
122180,
122468,
122641,
122757,
123218,
123795,
124257,
124949,
125180,
125295,
126680,
127026,
127141,
127488,
128180,
128411,
128988,
129334,
129449,
130026,
130603,
130949,
131180,
132218,
132565,
132680,
133257,
134180,
134411,
134526,
135334,
135680,
136141,
137295,
137872,
138103,
138795,
141795,
142488,
142603,
146641,
146988,
147680,
148834,
149180,
149411,
153911,
154372,
154718,
154949,
158411,
158641,
163718,
163949,
164065,
166488,
166718,
169718,
169949,
170065,
171334,
176641,
182007,
182238,
182468,
183680,
184372,
187103,
187411,
187795,
188103,
190718,
197295,
198622,
199257,
199372,
199718,
199949,
200468,
201795,
202718,
202949,
203065,
203641,
203872,
204218,
204449,
205026,
205488,
206007,
206411,
207334,
207680,
211603,
212757,

2 Column Long Note Times:
11180,
17065,
17988,
21103,
21449,
21795,
22834,
35641,
36795,
43718,
44641,
47295,
47872,
55718,
59180,
66795,
70257,
72103,
76141,
79257,
81103,
82718,
83295,
84218,
84565,
86872,
98872,
101872,
109026,
110872,
112718,
118488,
125872,
127718,
136949,
139026,
141449,
143526,
144449,
145026,
149988,
151834,
152411,
156565,
157141,
157488,
158757,
160488,
161641,
164411,
164872,
166834,
168103,
168565,
172257,
172949,
173411,
173757,
174449,
175026,
175257,
175718,
176180,
176988,
177334,
178372,
179872,
180334,
180449,
181141,
181603,
182641,
183103,
184834,
185526,
186218,
186565,
189103,
189622,
189795,
190257,
196257,
196603,
197641,
201334,
208257,
209180,
211257,
216103,
216449,

2 Column Release Times:
11641,
17411,
18218,
21334,
21680,
22026,
23065,
35872,
37257,
43949,
44872,
47526,
48103,
55949,
59411,
67026,
70488,
72334,
76257,
79718,
81334,
82834,
83411,
84449,
84795,
87103,
98988,
102103,
109257,
111103,
112949,
118718,
126103,
127949,
137065,
140641,
141680,
143872,
144795,
145372,
150565,
152180,
152757,
156680,
157199,
157718,
158988,
160718,
161872,
164641,
165103,
167065,
168334,
169026,
172488,
173180,
173641,
173872,
174507,
175141,
175372,
175834,
176295,
177103,
177565,
178488,
179930,
180391,
180507,
181199,
181661,
182757,
183218,
184949,
185641,
186334,
186680,
189334,
189680,
189911,
190488,
196488,
196834,
197872,
201565,
208488,
210565,
211488,
216334,
216680,

3 Column Hit Times:
911,
1372,
2641,
3218,
4488,
5065,
6334,
6911,
7372,
7603,
7834,
11641,
11988,
12218,
12911,
13488,
13834,
19372,
19603,
20295,
23065,
24565,
25488,
26180,
26988,
30103,
31949,
32757,
33103,
33680,
34141,
34603,
38180,
38295,
38988,
40488,
44180,
44295,
44872,
45334,
45449,
45911,
46488,
46603,
47180,
48565,
48680,
49141,
51218,
51565,
51680,
52257,
52603,
53180,
53641,
54103,
54680,
56641,
56757,
57218,
57565,
58026,
58141,
58949,
59988,
60218,
60565,
60911,
61257,
61603,
62180,
62295,
62872,
63565,
63680,
64141,
64718,
65411,
65526,
65988,
67257,
67603,
67949,
68641,
68757,
69218,
69680,
69911,
71411,
71872,
71988,
73372,
73718,
73834,
74180,
74641,
74988,
75334,
76257,
76603,
76834,
77180,
77641,
77872,
80295,
84103,
85949,
87565,
88141,
88718,
89988,
91257,
92872,
93449,
94949,
95295,
95526,
96103,
96565,
96795,
97718,
98641,
99218,
100257,
104295,
104641,
104872,
105565,
106372,
106776,
107065,
107757,
107988,
110295,
110641,
110757,
111565,
111680,
112026,
113411,
113757,
114565,
115603,
115834,
116641,
116757,
117449,
117795,
117911,
118718,
118834,
119526,
120103,
120795,
121141,
121488,
121603,
122065,
122526,
122872,
123334,
124026,
124488,
124603,
124834,
126103,
126218,
126795,
127949,
128641,
128757,
129218,
129565,
129680,
130141,
130834,
131641,
131757,
132334,
133026,
133718,
133834,
134065,
135334,
135565,
135911,
136257,
137526,
137757,
138334,
138565,
138911,
141334,
142141,
146872,
147218,
147449,
148488,
148718,
148949,
154026,
154257,
154488,
155295,
157718,
157949,
163026,
163257,
163372,
165795,
166026,
170411,
170641,
170757,
171103,
171334,
175026,
179641,
182065,
182295,
182526,
183334,
183680,
184026,
184372,
184718,
186334,
186449,
187180,
187488,
187872,
188180,
196257,
196603,
198449,
198680,
199026,
199141,
199488,
200411,
200641,
201334,
201911,
202141,
202776,
203411,
203526,
204103,
204795,
205257,
205949,
206180,
206295,
206526,
206872,
207103,
207334,
208026,
210795,
210911,
211488,
211949,
212641,

3 Column Long Note Times:
3795,
5872,
14872,
15795,
16718,
17641,
18218,
18795,
21103,
21795,
22141,
22488,
27795,
31488,
35872,
36565,
42334,
47641,
59411,
66565,
70488,
72334,
80872,
82834,
83180,
84565,
84911,
92411,
94257,
103257,
108565,
108795,
109257,
111103,
112949,
118257,
125641,
127488,
131180,
133257,
134872,
137065,
141795,
145372,
145949,
150911,
151488,
153334,
156680,
157257,
158065,
160949,
161872,
164641,
166141,
167872,
169257,
172603,
173872,
174103,
174391,
174680,
175372,
175949,
176526,
176872,
177103,
178718,
180218,
180680,
180795,
181257,
181488,
181834,
182988,
184949,
185641,
186680,
186911,
188411,
189334,
189680,
190141,
196949,
197872,
201565,
208488,
209180,
211603,
216103,
216449,

3 Column Release Times:
4257,
6103,
15334,
16141,
17065,
17757,
18449,
19026,
21334,
22026,
22372,
22718,
28026,
31718,
36334,
36795,
42795,
47872,
59641,
66795,
70718,
72565,
81103,
82949,
83295,
84795,
85141,
92641,
94488,
103718,
108680,
108911,
109488,
111334,
113180,
118488,
125872,
127718,
131411,
133488,
135103,
137180,
142026,
145718,
146295,
151257,
151834,
153680,
156795,
157315,
158295,
161180,
162334,
164872,
166372,
168103,
169718,
172834,
173988,
174218,
174449,
174795,
175488,
176180,
176641,
176988,
177218,
179065,
180276,
180738,
180853,
181315,
181545,
181949,
183103,
185065,
185757,
186795,
187026,
188757,
189449,
189738,
190257,
197180,
198103,
201795,
208718,
210565,
211834,
216334,
217026,

4 Column Hit Times:
1141,
2757,
4603,
6449,
7718,
8180,
8526,
8757,
9334,
10026,
10372,
15334,
21334,
21680,
22026,
25026,
26641,
28949,
29641,
31718,
32757,
33218,
33565,
34141,
35180,
37603,
37834,
38411,
38641,
39218,
41180,
42334,
43949,
44872,
44988,
45795,
48565,
49026,
49488,
49603,
49949,
50641,
50757,
51103,
52257,
52718,
53180,
53641,
54103,
54565,
55026,
55141,
55949,
56180,
56295,
57103,
58488,
58603,
59065,
59411,
60334,
60449,
60795,
61372,
61949,
64026,
64488,
64603,
65872,
66334,
66449,
66795,
67026,
67372,
67718,
68180,
68295,
68872,
69680,
69911,
70257,
70718,
70949,
71065,
71526,
72334,
72795,
72911,
73257,
74411,
74872,
75334,
75795,
75911,
76257,
76949,
77641,
79949,
82949,
83411,
83526,
84449,
86295,
86641,
87334,
88488,
89180,
90334,
91026,
92180,
93218,
93449,
94718,
95526,
96218,
96565,
96795,
97488,
98411,
99565,
99680,
100603,
100834,
101180,
102103,
102449,
102680,
103026,
103141,
104411,
104872,
105334,
106026,
106141,
106430,
106718,
106949,
107411,
107641,
109718,
109834,
110180,
110872,
112141,
112488,
112603,
112949,
113526,
113988,
114334,
114449,
114795,
115026,
115141,
115488,
115718,
116872,
116988,
117334,
118488,
118718,
119411,
119872,
119988,
121026,
122295,
123103,
123565,
123680,
125065,
125411,
125526,
125872,
126103,
126565,
127257,
127372,
128295,
128526,
129103,
129795,
130141,
130603,
130949,
131411,
131641,
132103,
132795,
132911,
133488,
134295,
134641,
134757,
135103,
135795,
136257,
136718,
136834,
137180,
137641,
137872,
138103,
138334,
138911,
139949,
141103,
141680,
146526,
147103,
147795,
147911,
149295,
149526,
154834,
155180,
156795,
159795,
160026,
162334,
162565,
162680,
165103,
165334,
171103,
175949,
180334,
182122,
182353,
182584,
186391,
187257,
187603,
187949,
188257,
198334,
198911,
200180,
200295,
200757,
201103,
201218,
202257,
202372,
202834,
203295,
203988,
204334,
204565,
205026,
205257,
205718,
205834,
206757,
206988,
207449,
211834,
212295,
212641,

4 Column Long Note Times:
2180,
10603,
10949,
11641,
14295,
14641,
16141,
17757,
18449,
19026,
22488,
22834,
23180,
25949,
28026,
30565,
35641,
36795,
43026,
46949,
47295,
47641,
50180,
51795,
55488,
57565,
61026,
63103,
64949,
73949,
78103,
78449,
78911,
79257,
80180,
80526,
81103,
81795,
82141,
82603,
83872,
84911,
98988,
100026,
108565,
120334,
124026,
142141,
142718,
144103,
150565,
152757,
155872,
155988,
156334,
156449,
157372,
160141,
161180,
165449,
168334,
172257,
172949,
173411,
174334,
174565,
174911,
175141,
175603,
176295,
177218,
177565,
178257,
178603,
179065,
179988,
180103,
180911,
181372,
181718,
182757,
183334,
183795,
184141,
184488,
185065,
185757,
186103,
186795,
188411,
189449,
189738,
190026,
190488,
196603,
196949,
197295,
199718,
207680,
208718,
210103,
211949,
216103,

4 Column Release Times:
2411,
10834,
11180,
14180,
14526,
14872,
16488,
17988,
18795,
20872,
22718,
23065,
24334,
26180,
28257,
30795,
35872,
37257,
43718,
47180,
47526,
47872,
50411,
52026,
55718,
57795,
61257,
63334,
65180,
74180,
78334,
78680,
79026,
79488,
80295,
80757,
81565,
82026,
82372,
82718,
84103,
85141,
99103,
100257,
108680,
120565,
124257,
142372,
143180,
144449,
150911,
153103,
155930,
156045,
156391,
156507,
157430,
160372,
161641,
165680,
168565,
172488,
173180,
173641,
174391,
174680,
175026,
175257,
175718,
176526,
177334,
178026,
178372,
178718,
179411,
180045,
180161,
180968,
181430,
181834,
182872,
183565,
184026,
184372,
184718,
185411,
185872,
186218,
186911,
188757,
189565,
189795,
190141,
190718,
196834,
197180,
197526,
199949,
208026,
208949,
210795,
212180,
216334,

