Artist : hololive
Song Name : hololive song pack
Difficulty : 0
BPM : 190
Background Image : charts\hololive-hololive song pack\Jibunkatte Dazzling - Hoshimachi Suisei.png
Audio : charts\hololive-hololive song pack\Jibunkatte Dazzling - Hoshimachi Suisei.ogg

1 Column Hit Times:
7718,
7949,
8411,
9334,
9795,
10257,
15565,
17411,
22026,
22372,
23065,
24565,
24911,
25372,
25949,
26180,
26411,
26988,
27218,
27795,
27911,
29411,
29641,
29872,
30334,
30565,
31026,
31661,
31949,
32295,
32526,
32872,
33449,
33680,
34026,
35295,
35411,
35872,
35988,
37488,
37718,
37949,
38295,
38411,
38526,
38872,
39218,
40488,
42103,
42218,
43257,
43372,
43718,
44815,
45103,
45218,
45565,
45680,
45853,
46026,
46257,
46372,
46488,
47295,
47526,
47872,
48795,
48911,
49084,
49257,
49488,
49718,
50411,
50526,
50872,
50988,
51218,
51565,
51795,
52372,
52545,
52834,
53065,
53411,
53641,
53988,
54218,
54565,
54795,
55026,
55141,
55488,
55718,
55949,
56065,
56411,
56526,
56757,
56988,
57795,
57911,
58257,
58372,
58603,
58949,
59065,
59411,
59641,
59988,
60334,
60565,
60680,
60911,
61141,
61488,
61603,
61834,
61949,
62411,
62641,
63334,
63449,
63795,
63911,
64141,
64488,
65180,
65411,
65526,
65699,
65872,
66103,
66218,
66449,
67084,
67257,
67488,
67718,
67834,
68180,
68757,
68872,
69218,
69565,
69911,
70026,
70372,
70718,
70949,
71065,
71238,
71411,
71641,
71757,
71930,
72103,
72334,
72565,
72795,
72911,
73084,
73315,
73488,
73718,
73949,
74641,
74988,
75334,
75565,
75680,
75853,
76026,
76141,
76315,
76545,
76834,
76949,
77180,
77411,
77641,
77988,
78103,
81795,
82257,
82718,
82949,
83295,
83526,
84795,
85141,
85488,
85718,
86295,
87103,
87565,
87911,
88141,
88718,
89180,
89757,
89988,
90565,
90795,
91257,
91372,
91718,
92180,
92411,
92584,
92872,
93103,
93218,
94315,
94488,
94949,
95526,
96334,
96911,
97257,
97718,
97834,
98411,
98641,
98757,
99103,
99334,
99449,
99795,
99911,
100257,
100718,
101007,
101122,
101411,
101757,
102103,
102565,
102853,
102968,
103949,
104180,
104641,
105103,
105218,
105795,
105911,
106257,
106372,
106488,
106718,
106834,
106949,
107180,
107295,
107411,
107988,
109488,
109603,
109949,
110065,
110295,
110411,
110757,
111103,
111334,
111449,
111795,
111911,
112141,
112257,
112488,
112718,
112949,
113180,
113411,
113641,
113872,
114103,
114334,
114680,
115026,
115257,
115372,
115603,
115834,
116007,
116180,
116295,
116641,
116872,
117103,
117218,
117391,
117565,
117680,
118026,
118141,
118257,
118488,
118718,
118834,
119180,
119295,
119468,
119641,
119757,
120565,
120911,
121257,
121488,
121603,
121834,
122180,
122295,
122468,
122584,
122757,
122872,
123449,
123565,
124257,
124372,
124718,
124834,
125065,
125411,
125526,
126334,
126449,
126622,
126911,
127257,
127372,
127718,
127949,
128065,
128295,
128411,
128641,
128757,
129103,
129680,
129795,
130026,
130257,
130372,
130603,
130834,
131295,
131641,
131872,
131988,
132161,
132391,
132565,
132911,
133141,
133488,
133603,
133949,
134065,
134238,
134411,
134641,
134872,
135795,
135911,
136257,
136488,
136603,
136776,
137180,
137295,
137526,
137872,
137988,
138334,
138565,
138795,
142026,
142141,
142488,
142603,
146526,
146872,
147103,
147449,
147680,
148718,
149180,
149526,
153911,
154603,
154834,
155065,
156795,
159103,
159334,
159795,
160026,
163026,
163372,
163834,
164180,
165103,
165334,
167180,
167411,
169718,
169949,
170411,
171103,
175026,
175257,
176641,
179988,
180218,
181949,
182257,
182411,
182603,
182718,
182930,
185757,
187026,
187257,
187488,
187641,
187795,
187949,
188065,
188180,
188257,
188334,
190718,
190949,
192795,
193372,
194757,
195795,
197641,
198103,
198565,
198680,
198911,
199141,
199949,
200065,
200411,
200526,
200757,
201103,
201218,
201565,
201795,
202141,
202488,
202718,
202834,
203180,
203411,
203641,
203988,
204565,
205026,
205488,
205603,
205949,
206065,
206411,
206872,
207103,
207218,
207334,
207565,
211257,
211488,
211949,
212180,

1 Column Long Note Times:
1372,
2757,
3218,
4603,
5065,
6449,
6911,
10603,
10949,
11641,
14872,
16718,
17988,
19026,
21103,
21449,
21795,
22488,
22834,
23180,
28257,
34141,
36911,
39565,
40141,
41757,
42334,
43949,
46949,
48334,
49949,
52026,
57334,
62872,
64718,
66795,
74180,
79257,
79949,
80295,
80757,
81103,
83872,
84218,
84911,
93680,
108218,
108565,
108795,
109026,
120103,
123795,
125872,
135103,
139026,
141103,
141449,
143180,
145372,
149988,
151488,
152757,
155872,
156218,
157026,
157488,
159449,
160141,
161180,
161872,
164872,
165449,
167526,
168334,
169026,
171680,
172257,
172603,
172949,
173641,
173988,
174391,
174507,
174795,
175834,
176065,
176411,
176872,
177103,
177449,
178026,
178141,
178488,
178718,
179180,
179641,
179757,
180565,
180795,
180911,
181257,
181488,
183334,
183449,
183795,
184141,
184488,
185065,
185988,
186507,
188411,
189103,
189449,
189795,
190026,
196257,
196949,
197295,
199488,
204795,
208026,
208949,
210103,
212295,
214257,
215526,
216449,

1 Column Release Times:
1488,
2872,
3334,
4718,
5180,
6565,
7026,
10834,
11180,
14295,
15334,
17065,
18218,
20872,
21334,
21680,
21911,
22718,
22949,
24334,
28949,
34372,
37257,
39680,
40257,
41872,
43026,
44641,
47180,
48565,
50180,
52257,
57565,
63103,
64949,
67026,
74411,
79488,
80180,
80641,
80872,
81565,
84103,
84449,
85026,
94026,
108334,
108680,
108911,
109257,
120334,
124026,
126103,
135334,
140641,
141334,
141680,
143526,
145718,
150449,
151834,
153103,
155930,
156276,
157084,
158411,
159680,
160372,
161641,
162565,
164930,
165680,
167757,
168565,
169257,
172026,
172488,
172834,
173180,
173757,
174103,
174449,
174565,
174911,
175949,
176180,
176526,
176988,
177218,
177565,
178084,
178199,
178603,
178949,
179411,
179699,
179815,
180622,
180853,
180968,
181315,
181545,
183391,
183507,
184026,
184372,
184718,
185411,
186103,
186565,
188872,
189334,
189565,
189911,
190141,
196488,
197180,
197526,
199718,
204911,
208257,
209065,
210795,
212526,
214603,
215757,
217026,

2 Column Hit Times:
2641,
4488,
6334,
7372,
7603,
7834,
8295,
8526,
9218,
9449,
10141,
10372,
10603,
10949,
11872,
12334,
12795,
13257,
13718,
14180,
15334,
15680,
16603,
17526,
19257,
19718,
20411,
20641,
21334,
22372,
22718,
23180,
24795,
25141,
26007,
26180,
26757,
26988,
28026,
28257,
28603,
29872,
30103,
30334,
30622,
31257,
31603,
31718,
32295,
32526,
33218,
33507,
33795,
34372,
35641,
35872,
35988,
36565,
36795,
36911,
37488,
37718,
37891,
38065,
38353,
38641,
38757,
38988,
39334,
40488,
42103,
42218,
43026,
43257,
43372,
43776,
43949,
44295,
44757,
44872,
45103,
45218,
45565,
45680,
45853,
46026,
46257,
46372,
46603,
47180,
47641,
47872,
48565,
48795,
48911,
49084,
49315,
49488,
49834,
50180,
50411,
50526,
50872,
50988,
51218,
51449,
51795,
52026,
52257,
52545,
52718,
53065,
53295,
53526,
53872,
54103,
54334,
54449,
54680,
55026,
55141,
55488,
55718,
55949,
56065,
56411,
56526,
56815,
56988,
57334,
57565,
57795,
57911,
58257,
58372,
58545,
58718,
58834,
59641,
59872,
60103,
60334,
60565,
60680,
60911,
61257,
61488,
61603,
61776,
62180,
62295,
62468,
62641,
62872,
63103,
63334,
63449,
63795,
63911,
64141,
64488,
64718,
64949,
65180,
65411,
65526,
65699,
65930,
66103,
66218,
66449,
66565,
66795,
67084,
67315,
67488,
67718,
67834,
68065,
68411,
68641,
68815,
69103,
69218,
69680,
69911,
70026,
70257,
70430,
70603,
70949,
71065,
71238,
71468,
71641,
71757,
71988,
72103,
72334,
72565,
72795,
72911,
73084,
73257,
73488,
73603,
73949,
74180,
74411,
74641,
74872,
75103,
75218,
75565,
75680,
75853,
76026,
76141,
76372,
76603,
76834,
76949,
77180,
77411,
77872,
77988,
78103,
79949,
81795,
82257,
82718,
82949,
83238,
83353,
83526,
84103,
85141,
85488,
85834,
86065,
86295,
86641,
86930,
87045,
87334,
87565,
87911,
88488,
88834,
89180,
89411,
90334,
90565,
90795,
91026,
91488,
91603,
91834,
92180,
92468,
92641,
92872,
93449,
93680,
94488,
94718,
94949,
95065,
95295,
95526,
96218,
96565,
97488,
97718,
97834,
98180,
98641,
98757,
99103,
99334,
99449,
99853,
99968,
100257,
100834,
101180,
101411,
101641,
101872,
102103,
102334,
102449,
103026,
103141,
103257,
103949,
104180,
104411,
104872,
105334,
105565,
105795,
105911,
106257,
106372,
106488,
106718,
106834,
106949,
107180,
107295,
107411,
108045,
109488,
109603,
109949,
110065,
110238,
110526,
111334,
111449,
111795,
111911,
112084,
112488,
113180,
113411,
113757,
113988,
114218,
114449,
114795,
115026,
115257,
115372,
115718,
116007,
116180,
116295,
116526,
116757,
117103,
117218,
117391,
117565,
117738,
118026,
118141,
118834,
119180,
119295,
119526,
119872,
119988,
120334,
120565,
120911,
121257,
121372,
121545,
121718,
121949,
122180,
122468,
122641,
122757,
122872,
123103,
123218,
123391,
123680,
123795,
124026,
124257,
124488,
124603,
124776,
124949,
125180,
125295,
125641,
125872,
126103,
126218,
126565,
126680,
126853,
127026,
127141,
127488,
128007,
128180,
128411,
128641,
128757,
129103,
129334,
129565,
129795,
130026,
130141,
130603,
130834,
130949,
131180,
131353,
131526,
131872,
131988,
132161,
132334,
132565,
132680,
133026,
133257,
133488,
133603,
133949,
134065,
134295,
134641,
134757,
135103,
135334,
135565,
135680,
136141,
136718,
136834,
136949,
137065,
137238,
137353,
137526,
137641,
137872,
138103,
138565,
138795,
138911,
140641,
140757,
141103,
141334,
146641,
146988,
147334,
147795,
148488,
148949,
149295,
149757,
157141,
158411,
158641,
159103,
159334,
163257,
163718,
163891,
164411,
165103,
165334,
165795,
166026,
170065,
170411,
170757,
171334,
176007,
176353,
176641,
177968,
178603,
178949,
179411,
179526,
180103,
182007,
182218,
182295,
182449,
182565,
182757,
182988,
183161,
183276,
184026,
184372,
184718,
184834,
184949,
185930,
187084,
187315,
187526,
187680,
187834,
187949,
188065,
188180,
188257,
188334,
191526,
192334,
193949,
194641,
195565,
196026,
198565,
198680,
198968,
199141,
199488,
199718,
199949,
200065,
200411,
200526,
200699,
200872,
200988,
201795,
202026,
202257,
202488,
202718,
202834,
203180,
203526,
203641,
203872,
204334,
204795,
205026,
205488,
205603,
205949,
206065,
206411,
206757,
207103,
207218,
207334,
207680,
208026,
210795,
210911,
211603,
211834,
212295,

2 Column Long Note Times:
1141,
2988,
4834,
6680,
16141,
17065,
17757,
18218,
18795,
21449,
21795,
22141,
22834,
28949,
39911,
41180,
47295,
59180,
79257,
80180,
80526,
81103,
83872,
84218,
84565,
89526,
107757,
108449,
108795,
110872,
112718,
118488,
127718,
141449,
141795,
143526,
144449,
145026,
145949,
150565,
152411,
153103,
153449,
153680,
154257,
156103,
156449,
156795,
157372,
158757,
159449,
160488,
161180,
164872,
165449,
166141,
168103,
168565,
169257,
172026,
172488,
172834,
173411,
173757,
174103,
174565,
174795,
175026,
175718,
176180,
176988,
177334,
178372,
179872,
180334,
180449,
180680,
180795,
181026,
181141,
181372,
181603,
183565,
185411,
185641,
186218,
186565,
186795,
188411,
189334,
189565,
189680,
190257,
196257,
196603,
197295,
197641,
201334,
205257,
208488,
208718,
211257,
212757,

2 Column Release Times:
1257,
3103,
4949,
6795,
16488,
17411,
17988,
18449,
19026,
21680,
22026,
22257,
23065,
29641,
40026,
41295,
47526,
59411,
79718,
80411,
80872,
81334,
83988,
84449,
84795,
89757,
107872,
108565,
108911,
111103,
112949,
118718,
127949,
141680,
142026,
143872,
144795,
145372,
146295,
152295,
152988,
153334,
153565,
154141,
155411,
156161,
156507,
156853,
157430,
158988,
159680,
160718,
163026,
164930,
165680,
166372,
168334,
168795,
169488,
172084,
172545,
172891,
173641,
173872,
174218,
174680,
174911,
175488,
175834,
176295,
177103,
177449,
178488,
179930,
180391,
180507,
180738,
180853,
181084,
181199,
181430,
181661,
183795,
185526,
185757,
186334,
186680,
186911,
188641,
189449,
189622,
189738,
190488,
196488,
196834,
197526,
197872,
201565,
205372,
208603,
208834,
211488,
216103,

3 Column Hit Times:
7257,
7488,
7949,
8180,
8641,
9103,
9565,
10026,
10488,
11641,
11988,
12218,
12911,
13141,
13834,
14065,
14295,
14641,
16488,
19026,
19372,
19603,
20295,
21334,
21680,
22718,
23065,
23180,
24565,
24911,
25372,
26122,
26411,
26757,
27334,
28488,
28834,
29065,
30449,
30680,
31545,
31949,
32757,
33103,
33391,
33565,
34026,
34603,
37257,
37603,
37834,
37949,
38238,
38641,
38757,
38872,
39103,
39334,
40372,
42334,
43026,
43891,
44180,
44295,
44699,
44872,
44988,
45334,
45449,
45795,
45911,
46141,
46315,
46488,
46603,
46949,
47180,
47526,
48565,
48680,
49026,
49141,
49372,
49603,
49949,
50180,
50411,
50641,
50757,
50930,
51161,
51334,
51680,
52026,
52257,
52488,
52603,
52949,
53180,
53411,
53641,
53872,
54103,
54565,
54911,
55084,
55257,
55372,
55661,
55834,
56180,
56295,
56468,
56641,
56872,
57103,
57218,
57334,
57565,
57795,
58026,
58141,
58315,
58488,
58718,
58834,
59180,
59757,
59988,
60218,
60622,
60911,
61257,
61545,
61718,
61834,
62180,
62295,
62584,
62757,
62872,
63103,
63334,
63565,
63680,
63853,
64084,
64257,
64372,
64603,
64718,
64949,
65180,
65295,
65641,
65757,
65988,
66334,
66565,
66795,
67026,
67141,
67372,
67603,
67949,
68180,
68411,
68641,
68872,
69103,
69218,
69449,
69680,
69911,
70026,
70257,
70488,
70718,
70834,
71180,
71295,
71526,
71872,
72045,
72218,
72449,
72680,
73026,
73141,
73372,
73718,
73834,
74180,
74411,
74641,
74757,
75103,
75334,
75795,
75911,
76257,
76488,
76603,
76718,
76949,
77180,
77641,
77872,
77988,
79949,
80295,
81795,
82776,
82891,
83180,
83411,
84103,
84449,
85834,
86295,
87103,
87565,
87680,
88141,
88949,
89180,
89757,
89988,
90334,
91026,
91257,
91372,
91718,
92641,
93449,
93680,
94372,
94718,
95065,
95295,
95526,
96103,
96565,
96795,
96911,
97488,
98180,
98411,
98930,
99045,
99218,
99565,
99680,
100026,
100257,
100488,
100603,
101180,
101988,
102795,
102911,
104295,
104641,
104872,
105103,
105218,
105565,
105795,
106026,
106141,
106315,
106430,
106603,
106776,
106891,
107065,
107411,
107699,
108391,
109718,
109834,
110007,
110180,
110641,
110872,
111565,
111680,
111853,
112026,
112372,
112603,
113295,
113526,
113757,
113988,
114334,
114565,
114911,
115141,
115488,
115949,
116065,
116411,
116584,
116872,
116988,
117334,
117449,
117795,
117911,
118718,
118949,
119065,
119238,
119411,
119641,
119757,
120103,
120334,
120565,
120795,
121026,
121141,
121488,
121603,
121834,
122065,
122411,
122526,
122699,
123103,
123218,
123334,
123565,
123795,
124026,
124257,
124372,
124718,
124834,
125007,
125180,
125295,
125641,
125872,
126103,
126218,
126565,
126680,
126795,
127026,
127141,
127949,
128065,
128238,
128526,
128988,
129334,
129565,
129738,
130026,
130141,
130488,
130603,
130834,
130949,
131180,
131411,
131641,
131757,
132103,
132218,
132449,
132795,
133026,
133257,
133372,
133718,
133834,
134007,
134180,
134411,
134526,
134872,
135103,
135334,
135565,
136026,
136257,
136488,
136603,
136776,
137180,
137526,
137757,
138103,
138334,
138795,
138911,
141334,
141449,
141680,
142488,
142603,
147218,
147565,
147911,
148372,
148834,
149065,
149411,
149641,
154026,
154372,
154718,
155180,
157026,
157718,
157949,
158411,
158641,
162680,
162911,
163603,
163949,
164180,
164411,
164641,
165795,
166026,
166488,
166718,
170641,
171334,
175026,
175257,
175949,
176295,
176699,
177911,
179007,
179468,
179584,
179757,
182065,
182180,
182334,
182526,
182680,
182872,
183045,
184026,
184372,
184718,
184834,
184949,
185815,
187199,
187430,
187603,
187757,
187872,
188007,
188122,
188218,
188295,
188372,
190718,
191065,
192565,
192911,
194411,
194988,
195218,
197526,
198449,
198622,
198795,
199026,
199257,
199372,
199488,
199718,
199949,
200180,
200295,
200468,
200641,
200872,
200988,
201334,
201911,
202141,
202372,
202776,
203065,
203295,
203641,
203988,
204334,
204795,
205257,
205488,
205718,
205834,
206007,
206180,
206295,
206526,
206872,
207103,
207334,
207449,
207680,
208026,
211257,
211488,
211949,
212180,
212641,
212757,

3 Column Long Note Times:
2180,
3795,
5872,
15795,
17641,
18449,
21103,
21795,
22141,
22488,
29641,
34141,
41411,
41988,
47641,
59411,
78334,
78680,
79257,
80872,
81103,
82026,
82372,
84218,
84565,
84911,
92872,
103257,
108103,
108565,
109257,
111103,
112949,
118257,
127488,
141795,
142141,
144103,
146295,
150911,
153334,
155988,
156565,
156911,
157257,
157488,
158065,
158757,
160718,
161180,
161641,
166141,
166834,
167872,
168565,
172084,
172257,
172545,
172949,
173641,
173872,
174103,
174334,
174449,
174680,
175603,
176526,
176872,
177103,
177334,
177565,
178084,
178199,
178718,
180218,
180449,
180911,
181141,
181257,
181488,
181603,
181834,
183391,
183507,
185526,
186334,
186449,
186911,
188757,
189334,
189622,
189911,
190141,
196257,
196603,
196949,
197872,
201565,
204565,
209180,
211603,
213680,
215180,
215757,
216334,

3 Column Release Times:
2295,
4257,
5988,
16141,
17757,
18795,
21218,
22026,
22372,
22603,
30103,
34372,
41526,
42103,
47872,
59641,
78565,
79026,
79718,
80988,
81334,
82257,
82718,
84334,
84795,
85141,
93103,
103949,
108218,
108680,
109488,
111334,
113180,
118488,
127718,
142026,
142372,
144449,
146641,
151257,
153680,
156045,
156622,
156968,
157315,
157545,
158295,
158988,
160949,
161411,
161872,
166372,
167065,
168103,
170411,
172141,
172488,
172603,
173180,
173757,
173988,
174218,
174391,
174507,
174795,
175718,
176641,
176988,
177218,
177449,
177795,
178141,
178257,
178834,
180276,
180507,
180968,
181199,
181315,
181545,
181661,
181949,
183449,
183565,
185641,
186391,
186507,
187026,
188988,
189449,
189680,
190026,
190257,
196488,
196834,
197180,
198103,
201795,
204680,
210565,
211834,
214026,
215295,
215988,
216449,

4 Column Hit Times:
565,
911,
7141,
12103,
13026,
13488,
13949,
19488,
20180,
20411,
20641,
21680,
22026,
22718,
23065,
25141,
25488,
26065,
26641,
27218,
28026,
28257,
28603,
28834,
29065,
29411,
30103,
30449,
30738,
31026,
31257,
31488,
31718,
32180,
32757,
32988,
33334,
33565,
33795,
34372,
34603,
35180,
35411,
35641,
36565,
36795,
36911,
37257,
37661,
37949,
38180,
38411,
38526,
38872,
39103,
39334,
40257,
42334,
43834,
43949,
44180,
44641,
44872,
44988,
45334,
45449,
45795,
45911,
46141,
46315,
46488,
46603,
48565,
48680,
49026,
49141,
49372,
49718,
49949,
50641,
50757,
50930,
51103,
51334,
51565,
52257,
52488,
52603,
52834,
53065,
53411,
53757,
54103,
54334,
54449,
54795,
55084,
55257,
55372,
55603,
55949,
56180,
56295,
56468,
56641,
56872,
57103,
57218,
58026,
58141,
58315,
58603,
58949,
59065,
59180,
59411,
59641,
59988,
60334,
60449,
60622,
60795,
61026,
61257,
61372,
61545,
61661,
61834,
61949,
62180,
62295,
62526,
62757,
63565,
63680,
63853,
64026,
64257,
64372,
64603,
65295,
65641,
65757,
65988,
66334,
67026,
67141,
67372,
67603,
67834,
68180,
68411,
68641,
68872,
69103,
69334,
69680,
70257,
70488,
70718,
70834,
71180,
71295,
71526,
71872,
72103,
72334,
72565,
72680,
73026,
73141,
73372,
73718,
74411,
74872,
75334,
75795,
75911,
76257,
76430,
76603,
76718,
77065,
77411,
77641,
77872,
79949,
82834,
83180,
83411,
84449,
84795,
86065,
86641,
86872,
86988,
87680,
88141,
88488,
88949,
89411,
91545,
91661,
92180,
92526,
92641,
93103,
93218,
93449,
94257,
94430,
95295,
95872,
96334,
96565,
96795,
96911,
97488,
97834,
98411,
98872,
98988,
99218,
99565,
99680,
100026,
100488,
100603,
100949,
101065,
101180,
101641,
102103,
102334,
102449,
102680,
103026,
103141,
103257,
103949,
104411,
104872,
105334,
106026,
106141,
106315,
106430,
106603,
106776,
106891,
107065,
107641,
108334,
109488,
109718,
109834,
110007,
110295,
110411,
110641,
110872,
111103,
111334,
111565,
111680,
111853,
112141,
112257,
112718,
112949,
113180,
113526,
113988,
114334,
114565,
114795,
115026,
115488,
115718,
115949,
116065,
116411,
116641,
116872,
116988,
117334,
117449,
117795,
117911,
118257,
118488,
118718,
118949,
119065,
119238,
119526,
119872,
119988,
120103,
120680,
120911,
121257,
121545,
121834,
122180,
122411,
122526,
122757,
123103,
123218,
123507,
123680,
124488,
124603,
124776,
125065,
125411,
125526,
126103,
126334,
126449,
126622,
126911,
127257,
127372,
127488,
127718,
128007,
128295,
128526,
128757,
128872,
129103,
129334,
129565,
129795,
130141,
130949,
131180,
131411,
131641,
131757,
132103,
132218,
132449,
132795,
133026,
133257,
133488,
133718,
133834,
134007,
134295,
134641,
135334,
135565,
135795,
136026,
136257,
136718,
136834,
136949,
137065,
137180,
137411,
137872,
138103,
138334,
138565,
138911,
139949,
140641,
140757,
141680,
141795,
142026,
154257,
154488,
154949,
155295,
156911,
157718,
157949,
159795,
160026,
162334,
162565,
163026,
163372,
163949,
164641,
166488,
166718,
167180,
167411,
170295,
170757,
171103,
175949,
176295,
178661,
179641,
179872,
182122,
182372,
182488,
182641,
182815,
183103,
183218,
183565,
185872,
187141,
187372,
187565,
187718,
187911,
188007,
188122,
188218,
188295,
188372,
191295,
192103,
193141,
194180,
197872,
198334,
198622,
198795,
199026,
199257,
199372,
200180,
200295,
200468,
200757,
201103,
201218,
201334,
201565,
201795,
202141,
202488,
202603,
202776,
202949,
203411,
203526,
203757,
203988,
204334,
204565,
205257,
205718,
205834,
206007,
206180,
206295,
206641,
206988,
207449,
210795,
210911,
211603,
211834,
212295,
212641,

4 Column Long Note Times:
2411,
4257,
6103,
7949,
11180,
14295,
14641,
15334,
21103,
21449,
22141,
22488,
22834,
23180,
35988,
39680,
40949,
41526,
43026,
46949,
47295,
47641,
48103,
50180,
51795,
57565,
63103,
64949,
66565,
73949,
78103,
78449,
78911,
79257,
80295,
81103,
81795,
82141,
82603,
83872,
84565,
84911,
85488,
87334,
89526,
89988,
91026,
94718,
107872,
108565,
108795,
120334,
124026,
125641,
134872,
141103,
142141,
142718,
143180,
145026,
145718,
146065,
146295,
146872,
148718,
149411,
149757,
150565,
151834,
152411,
153680,
155757,
156334,
156680,
157141,
157488,
158065,
160141,
160949,
161872,
164872,
166834,
167526,
168565,
169257,
172141,
172603,
172891,
173411,
173872,
174218,
174565,
174911,
175488,
176757,
177218,
177565,
178257,
179065,
179988,
180103,
180334,
180565,
180680,
181026,
181372,
181718,
183795,
184141,
184488,
185065,
185411,
186103,
186391,
186680,
188757,
189103,
189449,
189738,
190488,
195795,
196603,
196949,
197295,
199718,
205026,
207680,
208257,
211949,
213334,
214603,
215295,
215988,
216449,

4 Column Release Times:
2641,
4488,
6334,
10603,
11641,
14526,
14872,
19026,
21334,
21565,
22372,
22603,
22949,
24565,
36334,
39795,
41065,
41641,
43718,
47180,
47526,
47872,
48334,
50411,
52026,
57795,
63334,
65180,
66795,
74180,
78334,
78795,
79026,
79488,
80872,
81565,
82026,
82488,
82718,
84103,
84680,
85141,
85718,
87565,
89757,
90334,
91257,
94949,
107988,
108680,
108911,
120565,
124257,
125872,
135103,
141334,
142372,
143065,
144911,
145603,
145949,
146180,
146757,
148603,
149295,
149641,
149872,
150911,
152180,
152757,
154026,
155815,
156391,
156738,
157199,
157545,
158295,
160372,
161180,
162103,
165795,
167065,
167757,
169026,
169718,
172257,
172834,
172949,
173641,
173988,
174334,
174680,
175026,
175603,
176872,
177334,
178026,
178372,
179411,
180045,
180161,
180391,
180622,
180738,
181084,
181430,
181834,
184026,
184372,
184718,
185295,
185526,
186218,
186449,
186795,
188988,
189334,
189565,
189795,
190718,
196257,
196834,
197180,
197526,
199949,
205141,
208026,
208372,
212180,
213680,
214949,
215526,
216334,
216565,

