Artist : hololive
Song Name : hololive song pack
Difficulty : 0
BPM : 1176
Background Image : charts\hololive-hololive song pack\Kakero - Hoshimachi Suisei.png
Audio : charts\hololive-hololive song pack\Kakero - Hoshimachi Suisei.ogg

1 Column Hit Times:
723,
979,
1234,
1575,
1746,
1916,
2087,
2342,
5325,
5496,
5666,
5837,
6092,
6433,
6860,
7030,
7882,
8053,
8394,
8735,
9075,
9928,
10269,
10780,
10950,
11291,
11632,
11888,
12144,
12825,
13166,
14019,
14360,
14700,
15041,
15382,
15723,
16064,
16235,
16405,
16661,
17002,
17257,
17428,
17769,
18110,
18450,
18621,
18962,
19473,
19644,
19814,
20155,
20666,
20837,
21689,
22030,
22541,
22882,
24416,
24757,
24928,
25269,
25610,
26121,
26632,
26803,
27485,
27655,
27996,
28252,
28422,
28592,
28848,
29700,
29871,
30212,
30553,
30894,
31235,
32087,
32257,
32598,
32769,
32939,
33706,
33877,
34047,
34473,
34644,
34814,
35155,
35496,
35837,
36178,
36519,
36860,
37200,
38223,
38735,
38905,
39246,
40439,
40780,
41121,
41291,
41803,
42314,
42825,
42996,
43337,
43678,
44019,
44360,
45638,
46575,
46916,
47172,
47428,
47598,
47939,
48280,
48450,
48791,
49303,
49473,
49729,
49985,
50837,
51263,
51519,
52030,
52541,
52712,
53564,
53905,
54246,
54757,
55269,
55439,
55610,
55780,
55950,
56632,
56803,
56973,
57485,
57655,
58337,
58848,
59189,
59360,
59700,
60553,
60723,
60894,
61064,
61746,
62002,
62172,
62428,
62939,
64729,
64985,
65325,
65666,
66007,
66348,
66689,
67371,
67712,
68564,
68905,
69246,
69587,
69928,
70269,
70610,
70780,
70950,
71206,
71462,
71632,
71803,
71973,
72314,
72655,
72996,
73166,
73507,
74019,
74189,
74360,
74700,
75212,
75382,
76235,
76575,
77087,
77428,
78962,
79303,
79473,
79814,
80155,
80666,
81178,
81348,
82030,
82200,
82541,
82882,
83820,
84075,
84246,
84587,
85269,
85780,
86121,
86291,
87144,
87655,
87996,
88337,
90041,
90382,
90723,
91064,
91405,
91746,
92087,
92257,
92428,
93450,
94729,
95666,
96007,
96263,
96519,
96689,
97030,
97371,
97541,
97882,
98394,
98564,
98820,
99075,
99928,
100354,
100610,
101121,
101632,
101803,
102655,
102996,
104360,
104700,
104871,
105041,
105723,
105894,
106064,
106575,
106746,
107428,
107939,
108280,
108450,
108791,
109644,
109814,
109985,
110155,
110837,
111092,
111263,
111519,
112030,
113820,
114075,
114416,
114757,
115098,
116291,
116462,
116973,
117314,
117655,
118166,
118337,
118678,
118848,
119360,
119700,
121490,
121661,
122087,
122342,
122769,
122939,
123450,
123621,
125325,
128053,
130780,
133507,
141689,
142030,
142200,
142456,
142712,
143053,
143394,
143564,
143735,
143905,
144075,
144416,
144757,
145098,
145269,
145439,
145780,
146121,
146291,
146547,
155325,
157541,
157712,
157882,
158223,
158479,
158905,
159075,
159246,
159757,
162485,
162825,
163166,
163507,
163848,
164189,
164530,
164871,
165041,
165297,
165638,
165979,
166320,
166661,
167002,
167342,
167683,
167939,
168280,
168621,
168962,
169303,
169644,
169985,
170325,
170496,
170752,
171092,
171433,
171774,
172115,
172456,
172627,
172797,
172967,
173138,
178678,
180041,
180212,
180382,
180553,
181064,
181235,
181746,
182087,
182257,
182428,
182598,
184729,
185666,
185837,
186007,
186263,
186519,
186689,
187030,
187371,
187541,
187882,
188394,
188564,
188820,
189075,
189928,
190098,
190354,
190610,
190950,
191121,
191462,
191632,
191803,
192144,
192655,
192996,
193337,
194445,
194615,
194786,
195041,
195723,
195894,
196064,
196575,
196746,
197428,
197598,
197939,
198280,
198450,
198791,
199644,
199814,
200070,
200240,
200411,
200666,
200837,
201092,
201519,
201689,
202030,
202200,
203820,
204075,
204416,
204928,
205098,
205269,
205439,
205610,
205780,
206803,
206973,
207144,
207314,
207485,
208507,
208678,
208848,
209360,
209530,
209700,
211405,
211575,
212428,
212598,
212939,
213280,
213621,
214473,
214814,
215325,
215496,
215837,
216178,
216433,
216689,
217371,
217712,
218564,
218905,
219246,
219587,
219928,
220269,
220610,
220780,
220950,
221206,
221547,
221803,
221973,
222144,
222314,
222485,
222655,
222911,
223166,
223337,
224487,
224658,
224913,
225041,
225325,
225610,
225780,
225894,
226007,
226149,
226320,
226490,

1 Column Long Note Times:
2769,
7371,
9587,
12314,
13507,
21178,
23223,
29189,
31405,
31746,
33280,
37541,
39587,
45041,
45212,
46064,
50496,
50666,
53223,
54416,
56291,
56462,
57996,
60041,
61405,
63450,
64132,
66860,
68053,
75723,
77769,
83223,
86632,
88678,
92769,
94132,
94303,
95155,
99587,
99757,
102314,
103507,
105382,
105553,
107087,
109132,
110496,
112541,
113223,
115439,
120041,
123962,
125666,
126178,
126689,
127030,
127541,
128394,
128905,
129416,
129757,
130269,
131121,
131803,
132144,
132485,
133166,
134019,
134360,
135382,
135723,
136235,
138962,
146803,
147825,
148337,
148848,
149871,
151064,
151746,
152598,
153280,
153962,
159928,
176632,
184132,
184303,
185155,
189587,
189757,
192314,
193507,
195382,
195553,
197087,
199132,
202541,
203223,
205950,
210041,
211916,
214132,
216860,
218053,
223507,
226831,

1 Column Release Times:
5155,
7712,
9757,
12485,
13848,
21519,
24246,
29530,
31575,
31916,
33621,
37882,
39928,
45127,
45297,
46235,
50581,
50752,
53394,
54587,
56377,
56547,
58166,
60212,
61575,
63791,
64473,
67030,
68394,
76064,
78791,
83735,
86973,
89700,
93110,
94217,
94388,
95325,
99672,
99842,
102485,
104189,
105467,
105638,
107257,
109303,
110666,
112882,
113564,
115780,
121405,
124132,
125837,
126348,
126860,
127200,
127712,
128564,
129075,
129587,
129928,
130439,
131291,
131973,
132314,
132655,
133337,
134189,
134530,
135553,
135894,
138791,
141519,
147314,
147996,
148678,
149360,
150041,
151405,
152087,
152939,
153621,
154303,
162314,
177144,
184217,
184388,
185325,
189672,
189842,
192485,
194360,
195467,
195638,
197257,
199303,
202882,
203564,
206291,
211235,
212257,
214303,
217030,
218394,
224360,
227513,

2 Column Hit Times:
723,
979,
1234,
1405,
1575,
1746,
2087,
2257,
2428,
2598,
5325,
5496,
5752,
6092,
6348,
6519,
7371,
7712,
8053,
8394,
8564,
8905,
9246,
9502,
9757,
10610,
11462,
11803,
12058,
12314,
12655,
12825,
13678,
13848,
14189,
14530,
14871,
16235,
16405,
16575,
16746,
16916,
17087,
17342,
18110,
18280,
18450,
18791,
20325,
20496,
20837,
21178,
21348,
21519,
21860,
22200,
22541,
22712,
23223,
23564,
23905,
24246,
24587,
24928,
25269,
25439,
27144,
27314,
27655,
27996,
28252,
28422,
28592,
29189,
29530,
29871,
30212,
30382,
30723,
30894,
31064,
31320,
31575,
32428,
33110,
33450,
33706,
33877,
34047,
34303,
34473,
34814,
34985,
35325,
36860,
37200,
37541,
37882,
38053,
38394,
38564,
38905,
39246,
39587,
39928,
40269,
40610,
40950,
41291,
41462,
41973,
43507,
43848,
44019,
44360,
45041,
45212,
45553,
46064,
47257,
47428,
47769,
49132,
49303,
49473,
49729,
49985,
50496,
51263,
51519,
52371,
52541,
52712,
53053,
53223,
53564,
53905,
54246,
54587,
54757,
55098,
55439,
55610,
55780,
56291,
56547,
56803,
57314,
58166,
58678,
58848,
60041,
60212,
60382,
60723,
61064,
61235,
61405,
61916,
62087,
62428,
63280,
63450,
63621,
63962,
64132,
64473,
64644,
64814,
64985,
65155,
65496,
65922,
66348,
66604,
66860,
67200,
67371,
68223,
68394,
68735,
69075,
69416,
70780,
70950,
71291,
71547,
71803,
71973,
73678,
73848,
74360,
74530,
74871,
75041,
75382,
75553,
76064,
76405,
76746,
77087,
77257,
77769,
78110,
78450,
78791,
79132,
79473,
79814,
79985,
81689,
81860,
82200,
82456,
82712,
82882,
83053,
83223,
83735,
83905,
84075,
84416,
84757,
85098,
85780,
85950,
86291,
86462,
86973,
87314,
87485,
87655,
87825,
87996,
88166,
88337,
88678,
89019,
89360,
89700,
90041,
90212,
90553,
90723,
91064,
91320,
91575,
91746,
92087,
92428,
92598,
92769,
92939,
93110,
93280,
93450,
94132,
94303,
94644,
95155,
96178,
96348,
96519,
96860,
97882,
98223,
98394,
98564,
98820,
99075,
99587,
100354,
100610,
101462,
101632,
101803,
102144,
102314,
102655,
102996,
103848,
104104,
104445,
104700,
104871,
105382,
105638,
105894,
106405,
107257,
107769,
107939,
109132,
109303,
109473,
109814,
109985,
110325,
110496,
111007,
111178,
111519,
112371,
112541,
112712,
113053,
113223,
113564,
113735,
113905,
114075,
114246,
115013,
115269,
115780,
115950,
116291,
116462,
116803,
116973,
117314,
117570,
117825,
118166,
118337,
118678,
118848,
119019,
119360,
119615,
119786,
119956,
120382,
120638,
120979,
121235,
121405,
121831,
122002,
122257,
122428,
122683,
123110,
123280,
123450,
123791,
136235,
136575,
136746,
137002,
137257,
137598,
137939,
138280,
138450,
138621,
138962,
139303,
139644,
139814,
139985,
140325,
140666,
140837,
141092,
141348,
157541,
157712,
157882,
158223,
158479,
158735,
159075,
159246,
159587,
159842,
162314,
162655,
162996,
163337,
163678,
164019,
164360,
164700,
165127,
165467,
165808,
166149,
166490,
166831,
167172,
167513,
167769,
168110,
168450,
168791,
169132,
169473,
169814,
170155,
170581,
170922,
171263,
171604,
171945,
172286,
172627,
172797,
172967,
173138,
179700,
179871,
180723,
180894,
181405,
181575,
181746,
182087,
182257,
184132,
184303,
184473,
184644,
185155,
186007,
186178,
186348,
186519,
186860,
187200,
187882,
188053,
188223,
188394,
188564,
188820,
189075,
189587,
190354,
190610,
190780,
191291,
191462,
191632,
191803,
192144,
192314,
192655,
192825,
192996,
193166,
193337,
193507,
193763,
193933,
194104,
194360,
194530,
194700,
194871,
195382,
195638,
195894,
196405,
196575,
197087,
197257,
197428,
197769,
197939,
198110,
198791,
198962,
199132,
199303,
199473,
199644,
199814,
200070,
200240,
200411,
201007,
201178,
201689,
202371,
202541,
202712,
202882,
203053,
203223,
203564,
203735,
203905,
204075,
204246,
204587,
204757,
204928,
205354,
205524,
205695,
205865,
206632,
206803,
206973,
207144,
207314,
207485,
207655,
207825,
207996,
208166,
208337,
208678,
209019,
209189,
209530,
209700,
210041,
211916,
212257,
212598,
212939,
213110,
213450,
213791,
214047,
214303,
215155,
216007,
216348,
216604,
216860,
217200,
217371,
218223,
218394,
218735,
219075,
219416,
220780,
220950,
221121,
221291,
221462,
221632,
221888,
222144,
222314,
222570,
222825,
222996,
223166,
223337,
223507,
224274,
224445,
224615,
224786,
224956,
225098,
225269,
225553,
225666,
225780,
225894,
226007,
226149,
226320,
226490,

2 Column Long Note Times:
2769,
7030,
10098,
10780,
13166,
15041,
15553,
19132,
25950,
28848,
31916,
32598,
35496,
42314,
45723,
46405,
46575,
47939,
48280,
48450,
50155,
50837,
51007,
51860,
52030,
55950,
56973,
57655,
59189,
59360,
62769,
67712,
69587,
70098,
72314,
80496,
94814,
95496,
95666,
97030,
97371,
97541,
99246,
99928,
100098,
100950,
101121,
103337,
105041,
106064,
106746,
108280,
108450,
111860,
114587,
124644,
125325,
128053,
130780,
133507,
141689,
144416,
147144,
147655,
148507,
149530,
150382,
151235,
151575,
152598,
153621,
154473,
154985,
174587,
177314,
184814,
185496,
185666,
187030,
187371,
187541,
189246,
189928,
190098,
190950,
191121,
195041,
195212,
196064,
196746,
198280,
198450,
201860,
210894,
211405,
214644,
215325,
217712,
219587,
220098,
226831,

2 Column Release Times:
5155,
7200,
10439,
11121,
13507,
15212,
15894,
20155,
26973,
29019,
32257,
32939,
36519,
43337,
45894,
46490,
46661,
48024,
48365,
48621,
50325,
50922,
51092,
51945,
52115,
56121,
57144,
57825,
59274,
59530,
63110,
68053,
69757,
70439,
73337,
81519,
94985,
95581,
95752,
97115,
97456,
97712,
99416,
100013,
100183,
101036,
101206,
103507,
105212,
106235,
106916,
108365,
108621,
112200,
114928,
124814,
127882,
130610,
133337,
136064,
144246,
146973,
147314,
147996,
148678,
150041,
150723,
151405,
152087,
152939,
153962,
154644,
155325,
175780,
178507,
184985,
185581,
185752,
187115,
187456,
187712,
189416,
190013,
190183,
191036,
191206,
195127,
195297,
196235,
196916,
198365,
198621,
202200,
211235,
211575,
214985,
215666,
218053,
219757,
220439,
227513,

3 Column Hit Times:
723,
894,
1064,
1405,
1661,
1916,
2257,
2428,
2598,
5411,
5752,
6007,
6178,
6348,
6519,
7371,
8223,
8394,
8564,
9075,
9416,
9587,
10098,
11121,
11291,
11462,
11803,
11973,
12144,
12314,
12485,
13337,
13507,
13848,
14019,
14530,
14700,
14956,
15553,
16320,
16661,
16916,
17087,
17342,
19132,
19303,
19814,
19985,
20496,
20837,
21007,
21519,
21860,
22200,
22371,
22541,
22882,
23223,
23735,
23905,
24246,
25780,
25950,
26291,
26632,
26973,
27314,
27485,
27825,
28166,
28337,
28507,
29019,
29189,
30041,
30212,
30553,
30894,
31064,
31235,
31405,
31916,
32939,
33280,
33621,
33791,
33962,
35837,
36007,
36178,
36519,
36689,
37030,
37200,
37541,
37882,
38223,
38564,
38905,
39075,
39416,
39757,
40098,
40269,
40610,
41632,
42144,
42485,
42655,
42996,
43166,
43678,
43848,
44189,
44360,
45041,
45723,
45894,
46235,
46405,
47087,
47257,
47769,
48365,
48621,
49132,
49644,
50496,
51178,
51348,
51689,
51860,
52200,
52627,
52882,
53223,
53394,
53820,
54075,
54587,
54928,
55183,
55524,
55695,
55865,
56121,
56462,
57825,
57996,
58166,
58678,
59274,
59530,
59871,
60212,
60808,
61149,
61320,
61746,
62002,
62257,
62598,
62769,
63110,
63450,
63621,
63791,
64132,
64473,
65496,
65837,
66007,
66348,
66519,
66689,
66860,
67030,
67882,
68053,
68394,
68564,
69075,
69246,
69502,
70098,
70865,
71121,
71462,
71632,
71803,
71973,
72655,
72825,
72996,
73337,
75041,
75382,
75723,
75894,
76064,
76405,
76746,
76916,
77087,
77428,
77769,
78280,
78450,
78791,
80325,
80496,
80837,
81178,
81519,
81860,
82712,
82967,
83138,
83735,
83905,
84161,
84587,
84928,
85269,
85439,
85610,
85950,
86291,
86632,
86803,
86973,
87314,
87485,
87825,
88166,
88678,
89189,
89360,
89700,
90382,
90723,
90894,
91235,
91405,
91661,
91916,
92172,
92513,
92683,
93110,
93280,
93450,
94132,
94814,
94985,
95325,
95496,
96178,
96348,
96860,
97456,
97712,
98223,
98735,
99587,
100098,
100269,
100439,
100780,
100950,
101291,
101717,
101973,
102314,
102485,
102825,
103166,
103507,
103678,
103848,
104019,
104189,
104530,
104786,
104956,
105212,
105553,
106916,
107087,
107257,
107769,
108365,
108621,
108962,
109303,
109899,
110070,
110411,
110837,
111092,
111348,
111689,
111860,
112200,
112541,
112712,
112882,
113223,
113564,
114587,
114928,
115098,
115439,
115780,
115950,
116462,
116803,
116973,
117655,
117825,
117996,
118507,
119019,
119360,
119530,
119871,
120553,
120723,
120894,
121064,
121320,
121746,
121916,
122172,
122428,
122598,
122769,
122939,
123110,
123450,
123621,
123791,
141689,
142030,
142371,
142541,
142712,
143053,
143394,
143820,
144075,
144416,
144757,
144928,
145183,
145439,
145780,
146121,
146462,
146632,
157541,
157797,
158053,
158394,
158564,
158905,
159161,
159416,
159587,
159757,
162399,
162740,
163081,
163422,
163763,
164104,
164445,
164786,
165041,
165382,
165723,
166064,
166405,
166746,
167087,
167428,
167854,
168195,
168536,
168877,
169217,
169558,
169899,
170240,
170496,
170837,
171178,
171519,
171860,
172200,
172541,
172712,
172882,
173053,
178678,
179360,
179530,
181064,
181235,
181405,
181575,
181746,
181916,
182428,
184132,
184303,
184814,
184985,
185155,
185325,
185496,
185666,
186178,
186348,
186689,
186860,
187030,
187456,
187712,
188223,
188735,
189246,
189587,
189757,
189928,
190269,
190439,
190780,
190950,
191291,
191717,
191973,
192314,
192485,
193166,
193507,
194189,
194360,
194530,
194700,
194871,
195041,
195212,
195382,
195553,
196064,
196235,
196746,
196916,
197087,
197257,
197769,
198365,
198621,
198962,
199303,
199729,
199985,
200155,
200325,
200837,
201092,
201348,
201519,
201860,
202200,
202541,
202712,
202882,
203223,
203564,
203735,
204587,
204928,
205098,
205354,
205524,
205695,
205865,
206291,
206462,
206632,
206803,
206973,
207144,
207314,
207485,
207655,
207825,
208337,
208507,
208678,
208848,
209019,
209360,
209871,
211916,
212769,
212939,
213110,
213621,
213962,
214132,
214644,
215666,
215837,
216007,
216348,
216519,
216689,
216860,
217030,
217882,
218053,
218394,
218564,
219075,
219246,
219502,
220098,
220865,
221206,
221462,
221632,
221888,
222229,
222485,
222655,
222825,
222996,
223166,
223337,
223507,
224317,
224402,
224573,
224743,
224871,
224999,
225155,
225382,
225496,
225723,
225837,
225950,
226064,
226235,
226405,

3 Column Long Note Times:
2769,
6860,
7712,
9757,
10439,
12825,
15212,
15894,
17769,
24587,
28678,
29530,
31575,
32257,
34132,
40950,
45382,
45553,
46746,
46916,
48110,
48791,
49814,
56632,
57314,
58337,
59019,
64814,
67371,
69757,
70439,
73678,
79132,
82200,
94473,
94644,
95837,
96007,
97200,
97882,
98905,
105723,
106405,
107428,
108110,
113905,
120041,
124985,
125325,
128053,
130780,
133507,
136235,
138962,
146973,
148166,
149189,
149700,
150553,
150894,
151916,
152428,
152939,
153791,
154303,
159928,
175950,
184473,
184644,
185837,
186007,
187200,
187882,
188905,
192825,
195723,
196405,
197428,
198110,
200496,
203905,
210553,
211235,
211575,
212257,
214303,
214985,
217371,
219757,
220439,
226831,

3 Column Release Times:
5155,
7030,
8053,
9928,
10780,
13166,
15382,
16235,
18791,
25610,
28848,
29871,
31746,
32598,
35155,
41291,
45467,
45638,
46831,
47002,
48195,
48962,
49985,
56803,
57485,
58507,
59104,
64985,
67712,
69928,
70780,
74700,
80155,
82541,
94558,
94729,
95922,
96092,
97286,
98053,
99075,
105894,
106575,
107598,
108195,
114075,
120382,
125155,
127882,
130610,
133337,
136064,
138791,
141519,
147314,
148678,
149360,
150041,
150723,
151405,
152087,
152598,
153280,
153962,
154644,
162314,
176462,
184558,
184729,
185922,
186092,
187286,
188053,
189075,
192996,
195894,
196575,
197598,
198195,
200666,
204075,
210894,
211405,
211746,
212598,
214473,
215325,
217712,
219928,
220780,
227513,

4 Column Hit Times:
894,
1064,
1234,
1405,
1661,
1916,
2087,
2342,
2598,
5411,
5666,
5837,
6007,
6178,
6433,
6860,
7200,
7541,
9246,
9416,
9587,
10098,
10439,
10780,
11121,
11973,
12229,
12996,
13507,
13848,
14871,
15041,
15212,
15553,
15894,
16320,
16575,
16746,
17002,
17257,
17428,
17769,
17939,
18450,
18791,
19132,
19473,
19814,
20155,
21178,
21519,
23053,
23394,
23564,
23905,
24075,
24587,
25098,
25269,
25610,
25950,
26291,
26462,
26632,
26973,
27825,
28166,
28337,
28507,
28678,
29360,
29530,
31064,
31235,
31405,
31746,
31916,
32257,
32598,
32939,
33280,
33621,
33791,
33962,
34132,
34814,
35155,
35496,
35666,
36178,
36348,
37371,
37712,
37882,
39587,
39928,
40950,
41632,
41973,
42314,
42655,
42996,
43337,
43678,
44019,
44189,
44360,
45382,
45638,
45894,
46405,
46746,
48110,
48365,
48621,
48962,
49644,
49814,
50155,
50666,
51007,
51178,
51348,
51860,
52627,
52882,
53394,
54075,
54587,
54928,
55354,
55524,
55695,
55865,
56547,
57144,
57314,
58081,
59019,
59274,
59530,
60041,
60382,
60638,
60808,
60979,
61149,
61405,
61575,
61916,
62087,
62257,
62769,
63536,
64303,
65155,
65496,
65837,
66007,
66178,
66433,
66689,
67541,
68053,
68394,
69416,
69587,
69757,
70098,
70439,
70780,
70950,
71462,
71632,
71888,
72314,
72485,
72996,
73337,
73678,
74019,
74360,
74700,
75723,
76064,
77598,
77939,
78110,
78450,
78621,
79132,
79644,
79814,
80155,
80496,
80837,
81007,
81178,
81519,
82371,
82541,
84246,
84587,
84928,
85439,
85610,
86632,
86973,
87825,
88166,
88507,
88848,
89019,
89360,
89530,
89871,
91916,
92172,
92342,
92513,
92769,
92939,
94473,
94729,
94985,
95155,
95496,
95837,
97200,
97456,
97712,
98053,
98735,
98905,
99246,
99757,
100269,
100439,
100950,
101717,
101973,
102485,
103337,
103678,
104019,
104274,
104615,
104786,
104956,
105638,
106235,
106405,
107172,
108110,
108365,
108621,
109132,
109473,
109729,
109899,
110070,
110240,
110496,
110666,
111007,
111178,
111348,
111860,
112627,
113394,
114246,
114587,
114928,
115098,
115439,
117485,
117996,
118507,
120467,
120808,
121149,
121405,
121575,
121746,
122087,
122513,
122769,
123110,
123280,
123791,
125325,
128053,
130780,
133507,
136235,
136575,
136916,
137087,
137257,
137598,
137939,
138110,
138365,
138621,
138962,
139303,
139473,
139729,
139985,
140325,
140666,
141007,
141178,
141348,
155325,
157797,
158223,
158394,
158564,
158905,
159161,
159587,
159757,
162570,
162911,
163252,
163592,
163933,
164274,
164615,
164956,
165212,
165553,
165894,
166235,
166575,
166916,
167257,
167598,
167769,
168024,
168365,
168706,
169047,
169388,
169729,
170070,
170411,
170666,
171007,
171348,
171689,
172030,
172371,
172541,
172712,
172882,
173053,
178678,
179019,
179189,
179360,
179530,
179700,
179871,
180041,
180212,
180382,
180553,
180723,
180894,
181405,
181916,
182087,
182428,
182598,
184473,
184729,
184985,
185325,
185496,
185837,
187200,
187456,
187712,
188053,
188735,
188905,
189246,
189757,
190098,
190269,
190439,
191121,
191717,
191973,
192485,
193166,
193678,
193848,
194019,
194274,
194445,
194615,
194786,
194956,
195212,
195638,
196235,
196405,
196916,
197172,
198110,
198365,
198621,
199132,
199473,
199729,
199985,
200155,
200325,
200496,
200666,
201007,
201178,
201348,
201860,
203394,
204246,
204587,
204757,
205269,
205439,
205610,
205780,
206973,
207144,
207314,
207485,
207655,
209019,
209189,
209360,
209700,
209871,
211405,
211746,
212087,
213791,
213962,
214132,
214644,
214985,
215325,
215666,
216519,
216774,
217541,
218053,
218394,
219416,
219587,
219757,
220098,
220439,
220865,
221121,
221291,
221547,
221803,
221973,
222144,
222314,
222485,
222655,
222825,
222996,
223252,
224360,
224530,
224700,
224828,
225212,
225439,
225723,
225837,
225950,
226064,
226235,
226405,

4 Column Long Note Times:
553,
8053,
8735,
11462,
12485,
14189,
20496,
21860,
27314,
29019,
29871,
30553,
36860,
38223,
44700,
47087,
47769,
49132,
52200,
52371,
53735,
58678,
59700,
63110,
63791,
64644,
67030,
68735,
75041,
76405,
81860,
83223,
85950,
90041,
93110,
93791,
96178,
96860,
98223,
101291,
101462,
102825,
107769,
108791,
112200,
112882,
113735,
115780,
119019,
124303,
125837,
126348,
127200,
127712,
128564,
129075,
129928,
130439,
131291,
131632,
132655,
132996,
133848,
134530,
134871,
135212,
135894,
141689,
144416,
147144,
147485,
148507,
149019,
149871,
150212,
151235,
152257,
153110,
153962,
154644,
157371,
159928,
173223,
186178,
186860,
188223,
190780,
191291,
191462,
192655,
197769,
198791,
202200,
202882,
203735,
205950,
210382,
212598,
213280,
216007,
217030,
218735,
223507,
226831,

4 Column Release Times:
723,
8394,
9075,
11803,
12655,
14530,
20837,
22882,
27655,
29189,
30212,
30894,
37200,
39246,
45041,
47257,
47854,
49303,
52286,
52456,
53905,
58848,
59871,
63450,
64132,
64814,
67200,
69075,
75382,
77428,
82200,
83735,
86291,
91064,
93450,
94132,
96348,
96945,
98394,
101377,
101547,
103166,
107939,
108962,
112541,
113223,
113905,
117314,
120041,
124473,
126007,
126519,
127371,
127882,
128735,
129246,
130098,
130610,
131462,
131803,
132825,
133166,
134019,
134700,
135041,
135382,
136064,
144246,
146973,
147314,
147996,
148678,
149360,
150041,
150723,
151405,
152598,
153280,
154303,
154985,
157541,
162314,
174416,
186348,
186945,
188394,
190950,
191377,
191547,
192825,
197939,
198962,
202541,
203223,
203905,
206291,
210553,
212939,
213621,
216348,
217200,
219075,
224189,
227513,

