Artist : hololive
Song Name : hololive song pack
Difficulty : 0
BPM : 176
Background Image : charts\hololive-hololive song pack\Kakero - Hoshimachi Suisei.png
Audio : charts\hololive-hololive song pack\Kakero - Hoshimachi Suisei.ogg

1 Column Hit Times:
894,
1405,
1916,
2257,
5325,
5496,
5752,
7030,
7541,
7882,
8394,
9075,
9587,
9928,
10269,
10780,
11291,
11973,
12314,
12655,
13337,
14019,
14700,
15041,
15553,
15894,
16235,
16405,
16661,
17769,
18110,
19473,
20155,
20837,
22541,
22882,
24928,
25269,
26462,
27655,
27825,
28422,
28848,
29189,
29700,
30212,
30553,
30894,
31235,
31405,
31916,
32598,
32939,
33450,
33877,
34132,
34473,
35837,
36178,
36860,
38223,
39246,
41121,
41973,
42825,
43337,
43678,
44019,
44360,
45723,
46746,
46916,
47428,
47939,
48280,
48450,
49303,
49644,
51178,
51348,
51689,
52371,
53053,
53564,
54928,
55269,
55610,
55950,
56973,
58337,
59019,
59360,
59700,
60723,
61149,
61405,
61746,
62087,
62428,
62769,
63280,
63621,
64132,
64814,
65325,
65837,
66348,
66689,
67030,
67541,
67882,
68394,
69075,
69587,
69928,
70269,
70780,
70950,
71547,
71803,
72655,
73337,
74019,
74700,
75382,
76405,
77087,
77257,
78962,
79473,
80155,
80837,
81178,
81519,
82200,
82541,
83905,
84246,
84587,
85269,
85780,
86291,
87655,
87996,
88337,
88507,
90041,
90382,
90553,
91064,
91405,
91746,
92087,
92428,
93450,
94814,
95837,
96007,
96519,
97030,
97371,
97541,
98394,
98735,
100269,
100439,
100780,
101462,
102144,
102655,
104360,
104700,
105041,
106064,
107428,
108110,
108450,
108791,
109814,
110240,
110496,
110837,
111178,
111519,
111860,
112371,
112712,
113223,
113905,
114416,
114757,
115098,
115439,
115950,
116462,
116973,
117314,
119019,
121490,
121661,
122087,
122257,
122769,
122939,
123450,
123621,
125325,
128053,
130780,
133507,
141689,
142200,
142456,
142712,
143564,
143735,
143905,
144416,
144757,
145098,
145269,
145780,
146291,
146547,
147825,
149871,
152598,
153280,
153962,
155325,
157712,
158223,
158735,
159075,
163678,
163848,
164019,
164189,
165723,
170325,
171689,
178678,
180041,
180212,
180723,
181064,
181575,
182087,
182428,
183791,
184814,
185837,
186348,
187030,
187371,
187712,
188394,
188735,
189075,
190269,
190439,
190780,
191462,
191973,
192655,
193166,
193848,
194274,
194530,
194700,
195041,
195894,
196064,
196575,
197428,
198110,
198450,
198791,
199814,
200240,
200496,
200666,
200837,
201178,
201519,
201860,
202030,
202371,
202712,
203223,
203394,
203905,
204416,
204757,
205098,
205524,
206632,
207314,
207485,
208166,
208678,
208848,
209700,
209871,
211575,
212087,
212428,
212939,
213621,
214132,
214473,
214814,
215325,
215837,
216519,
216860,
217200,
217882,
218564,
219246,
219587,
220098,
220439,
220780,
220950,
221206,
222825,
222996,
223252,

1 Column Long Note Times:
553,
2769,
21178,
23223,
37541,
39587,
45041,
45212,
46064,
50496,
50666,
53223,
54416,
56291,
56462,
57996,
60041,
75723,
77769,
83223,
86632,
88678,
92769,
94132,
94303,
95155,
99587,
99757,
102314,
103507,
105382,
105553,
107087,
109132,
120041,
124985,
125666,
126178,
126689,
127030,
127541,
128394,
128905,
129416,
129757,
130269,
131121,
131803,
132144,
132485,
133166,
134019,
134360,
135382,
135723,
136235,
138962,
146803,
148337,
148848,
151064,
151746,
157371,
159587,
172882,
173564,
174928,
176632,
177996,
184132,
184303,
185155,
189587,
189757,
192314,
193507,
195382,
197087,
199132,
205950,
210041,
223507,
226831,

1 Column Release Times:
723,
5155,
21519,
24246,
37882,
39928,
45127,
45297,
46235,
50581,
50752,
53394,
54587,
56377,
56547,
58166,
60212,
76064,
78791,
83735,
86973,
89700,
93110,
94217,
94388,
95325,
99672,
99842,
102485,
103678,
105467,
105638,
107257,
109303,
121405,
125155,
125837,
126348,
126860,
127200,
127712,
128564,
129075,
129587,
129928,
130439,
131291,
131973,
132314,
132655,
133337,
134189,
134530,
135553,
135894,
138791,
141519,
147144,
148507,
149189,
151235,
151916,
157541,
162314,
173223,
173735,
175269,
176973,
178337,
184217,
184388,
185325,
189672,
189842,
192485,
193678,
195467,
197257,
199303,
206291,
211405,
226746,
227513,

2 Column Hit Times:
723,
979,
1234,
1746,
2087,
2342,
2598,
6007,
6178,
6433,
7200,
7712,
8053,
8564,
8905,
9246,
9502,
9928,
10610,
11462,
12058,
12314,
12825,
13678,
14189,
14530,
14871,
15212,
16064,
16916,
17087,
17342,
18110,
18791,
20496,
21860,
22200,
23564,
23905,
24246,
24587,
24928,
25610,
27314,
27655,
28252,
28592,
29019,
29530,
30382,
31064,
31320,
31575,
32087,
32428,
33110,
33791,
34473,
34814,
35155,
37200,
37882,
38564,
39246,
39928,
40610,
40950,
41291,
41973,
44189,
45041,
45212,
46064,
47087,
47598,
48110,
48791,
49132,
49473,
49814,
51263,
52200,
52627,
52882,
53735,
54246,
54757,
55098,
55439,
55780,
57314,
58678,
60382,
60808,
61064,
62087,
62598,
63110,
63365,
63536,
63791,
64473,
64729,
64899,
65155,
66007,
66519,
66774,
67200,
67712,
68053,
68564,
68905,
69246,
69502,
69928,
70610,
71291,
71888,
73678,
74360,
74530,
75382,
76064,
76746,
77428,
78110,
78450,
79303,
79814,
81860,
82371,
82882,
83053,
83820,
84075,
85098,
85610,
85950,
86973,
87314,
87655,
87825,
90212,
91320,
91575,
91916,
92257,
92598,
92939,
93280,
94132,
94303,
95155,
96178,
96689,
97200,
97882,
98223,
98564,
98905,
100354,
101291,
101717,
101973,
102825,
103337,
103848,
104274,
104530,
104786,
106405,
107769,
109473,
109899,
110155,
111178,
112200,
112456,
112627,
112882,
113564,
113820,
113990,
114246,
114757,
115183,
115780,
116291,
116803,
117314,
117655,
117996,
121831,
122002,
122513,
122683,
123110,
123280,
123791,
136235,
136746,
137002,
137257,
137939,
138280,
138450,
138962,
139303,
139644,
139814,
140325,
140837,
141092,
141348,
147144,
148507,
151235,
152598,
157541,
157797,
158053,
158564,
158905,
159161,
159416,
162314,
162485,
162655,
162825,
166405,
167769,
167939,
168110,
168280,
168450,
169814,
171519,
179871,
180382,
180553,
181405,
181575,
181916,
182428,
184132,
184303,
186007,
186178,
186689,
187200,
187456,
187882,
188223,
188564,
188820,
190354,
190524,
191291,
191973,
192825,
193337,
193933,
194189,
194871,
195638,
196405,
197257,
197769,
198280,
198962,
199473,
199899,
200155,
201178,
201689,
202200,
202456,
202627,
202882,
203564,
203820,
203990,
204246,
204757,
205183,
205439,
205780,
205950,
206291,
206632,
206803,
207314,
207655,
207825,
208337,
208507,
209019,
209189,
209360,
209530,
210041,
211746,
212257,
212598,
213110,
213450,
213791,
214047,
214473,
215155,
216007,
216604,
216860,
217371,
218223,
218735,
219075,
219416,
219757,
220610,
221462,
221632,
221888,
222144,
222314,
222570,
223507,

2 Column Long Note Times:
19132,
25950,
35496,
42314,
45723,
46405,
46575,
47939,
48280,
48450,
50155,
50837,
51007,
51860,
52030,
55950,
56973,
57655,
59189,
59360,
72314,
80496,
94814,
95496,
95666,
97030,
97371,
97541,
99246,
99928,
100098,
100950,
101121,
105041,
106064,
106746,
108280,
108450,
118507,
124644,
130780,
133507,
147655,
149530,
150382,
151575,
153621,
154473,
154985,
173735,
174587,
175269,
176462,
177314,
178337,
184814,
185496,
185666,
187030,
189246,
189928,
190098,
190950,
191121,
195041,
196064,
196746,
198450,
226831,

2 Column Release Times:
20155,
26973,
36519,
43337,
45894,
46490,
46661,
48024,
48365,
48621,
50325,
50922,
51092,
51945,
52115,
56121,
57144,
57825,
59274,
59530,
73337,
81519,
94985,
95581,
95752,
97115,
97456,
97712,
99416,
100013,
100183,
101036,
101206,
105212,
106235,
106916,
108365,
108621,
118848,
124814,
133337,
136064,
147825,
149871,
150553,
151916,
153962,
154644,
155325,
173905,
174928,
175610,
176632,
177655,
178678,
184985,
185581,
185752,
187115,
189416,
190013,
190183,
191036,
191206,
195127,
196235,
196831,
198621,
227513,

3 Column Hit Times:
1064,
1405,
1661,
1916,
2428,
6092,
6348,
6519,
6860,
7371,
8223,
8735,
9075,
9416,
9757,
10610,
10950,
11291,
11803,
12229,
12655,
13166,
13507,
14019,
14360,
14700,
14956,
15382,
16064,
17002,
17257,
17428,
19814,
20155,
20837,
21519,
22200,
22882,
23223,
23564,
26291,
26973,
27314,
27485,
28166,
28507,
28678,
29019,
29700,
30041,
30894,
31746,
32428,
33110,
33706,
33962,
35837,
36519,
37200,
37541,
38564,
38905,
39757,
40269,
41632,
42485,
42996,
43848,
47428,
47769,
50155,
50496,
50666,
51519,
52030,
52541,
52712,
53223,
53564,
54246,
55524,
55865,
56462,
57996,
60553,
60894,
61320,
61746,
62002,
62172,
62428,
63450,
63962,
64644,
64985,
65496,
65837,
66348,
66860,
67371,
68223,
68735,
69075,
69416,
69757,
70610,
71206,
71973,
72655,
73337,
75041,
75894,
76746,
77428,
77939,
78791,
80325,
80837,
81348,
82200,
82456,
82712,
82967,
83138,
83735,
84161,
84928,
85269,
86291,
86973,
87314,
87485,
88337,
89189,
89700,
90723,
90894,
91235,
91661,
92342,
92683,
93110,
93450,
96519,
96860,
99246,
99587,
99757,
100610,
101121,
101632,
101803,
102314,
102655,
103337,
103933,
104189,
104615,
104871,
105553,
107087,
109644,
109985,
110411,
110837,
111092,
111263,
111519,
112030,
112541,
113394,
113735,
114075,
114587,
114928,
115269,
115950,
116462,
116973,
117570,
120041,
121746,
121916,
122172,
122342,
123450,
123621,
123791,
141689,
142030,
142371,
142541,
143053,
143394,
143820,
144075,
144416,
144928,
145183,
145439,
146121,
146462,
146632,
149189,
150553,
151916,
157882,
158223,
158479,
158735,
159246,
164700,
165553,
166064,
167087,
167428,
169132,
169303,
169473,
169644,
170496,
170837,
179189,
179530,
180723,
180894,
181405,
181746,
181916,
182257,
182598,
184729,
185155,
185496,
186092,
186519,
186860,
187541,
188905,
189246,
189587,
189757,
190610,
191121,
191717,
191888,
192314,
192655,
193337,
193678,
194104,
194360,
194956,
195553,
196916,
197087,
197598,
198365,
199473,
199644,
199985,
200411,
200837,
201092,
201263,
201519,
202030,
202541,
203053,
203394,
203735,
204075,
204587,
204928,
205354,
205695,
205865,
206291,
206462,
206973,
207485,
207655,
207996,
208166,
208337,
208678,
208848,
209360,
209530,
211405,
211916,
212769,
213280,
213621,
213962,
214303,
215155,
215496,
215837,
216348,
216774,
217200,
217712,
218053,
218564,
218905,
219246,
219502,
219928,
220610,
221547,
221803,
221973,
222229,
222485,
222655,

3 Column Long Note Times:
2769,
17769,
24587,
34132,
40950,
45382,
45553,
46746,
46916,
48110,
48791,
56632,
57314,
58337,
59019,
73678,
79132,
94473,
94644,
95837,
96007,
97200,
97882,
105723,
106405,
107428,
108110,
118848,
124303,
125325,
128053,
146973,
148166,
149700,
150894,
152428,
152939,
153791,
154303,
159587,
173905,
175950,
176973,
184473,
185837,
187200,
187882,
191462,
195212,
195723,
196405,
196575,
198110,
226831,

3 Column Release Times:
5155,
18791,
25610,
35155,
41291,
45467,
45638,
46831,
47002,
48195,
48962,
56803,
57485,
58507,
59104,
74700,
80155,
94558,
94729,
95922,
96092,
97286,
98053,
105894,
106575,
107598,
108195,
119019,
124473,
127882,
130610,
147144,
148507,
149871,
151235,
152598,
153280,
153962,
154644,
162314,
174246,
176291,
177314,
184558,
186007,
187286,
188053,
191547,
195297,
195894,
196490,
196661,
198195,
227513,

4 Column Hit Times:
723,
1234,
1575,
2087,
2598,
5411,
5666,
5837,
6860,
7200,
7882,
8564,
9246,
9587,
10098,
10439,
11121,
11632,
11888,
12144,
12485,
12996,
13337,
13848,
14530,
15041,
15382,
15723,
16320,
16575,
16746,
18450,
18791,
19132,
19473,
21178,
21519,
23394,
24246,
24757,
25610,
25950,
26291,
26632,
26973,
27825,
28337,
28678,
29360,
29871,
30382,
30723,
31064,
31405,
31746,
32257,
32769,
33280,
33621,
34047,
35155,
35496,
36519,
37882,
39587,
39928,
40610,
41291,
42314,
42655,
42996,
43337,
43678,
44019,
44360,
45382,
45553,
46405,
46575,
49473,
50837,
51007,
51519,
51860,
52882,
54075,
54416,
54928,
55354,
55695,
56291,
56632,
57655,
57825,
59189,
60041,
60638,
60979,
61235,
61405,
61916,
62257,
62769,
63110,
63450,
63791,
64132,
64473,
64814,
65155,
65496,
66007,
66860,
67200,
67882,
68564,
69246,
69587,
70098,
70439,
70865,
71121,
71462,
71632,
72314,
72996,
73166,
74019,
74700,
75723,
76064,
77769,
78110,
78791,
79132,
79473,
80155,
80496,
81007,
81519,
82541,
83905,
84246,
84587,
84928,
85610,
86632,
87996,
88166,
88848,
89019,
89360,
89530,
89871,
91405,
91746,
92172,
92513,
92769,
94473,
94644,
95496,
95666,
98564,
99928,
100098,
100610,
100950,
101973,
103166,
103507,
104019,
104956,
105382,
105723,
106746,
108280,
109132,
109729,
110070,
110325,
110496,
111007,
111348,
111860,
112200,
112541,
112882,
113223,
113564,
113905,
114246,
114587,
115439,
117485,
117825,
118166,
118337,
121405,
121575,
122428,
122598,
122769,
122939,
123110,
123280,
125325,
128053,
130780,
133507,
136235,
136575,
136916,
137087,
137598,
138110,
138365,
138621,
138962,
139473,
139729,
139985,
140666,
141007,
141178,
147144,
148507,
149871,
151235,
153962,
154644,
155325,
157541,
158053,
158394,
158905,
159416,
162996,
163337,
164360,
165041,
165212,
165382,
168962,
171007,
171348,
178678,
179019,
179360,
179700,
180041,
180382,
181064,
181235,
181746,
182087,
182257,
182598,
183791,
184473,
184644,
184985,
185666,
186519,
188564,
189928,
190098,
190610,
190950,
191632,
191803,
192144,
193166,
193507,
193763,
194019,
194360,
194615,
194786,
195212,
195382,
195723,
196746,
197002,
197428,
199132,
199729,
200070,
200325,
200496,
200666,
201007,
201348,
201860,
202200,
202541,
202882,
203223,
203564,
203905,
204246,
204587,
204928,
205269,
205610,
206973,
207144,
207825,
207996,
208507,
209019,
209189,
209700,
209871,
210041,
211405,
211746,
212428,
213110,
213791,
214132,
214644,
214985,
215666,
216178,
216433,
216689,
217030,
217541,
217882,
218394,
219075,
219587,
219928,
220269,
220865,
221121,
221291,
222911,
223166,
223337,

4 Column Long Note Times:
20496,
21860,
36860,
38223,
44700,
47087,
47769,
49132,
49814,
52200,
52371,
53735,
58678,
59700,
75041,
76405,
81860,
83223,
85950,
90041,
93110,
93791,
96178,
96860,
98223,
98905,
101291,
101462,
102825,
107769,
108791,
115780,
119019,
123962,
125837,
126348,
127200,
127712,
128564,
129075,
129928,
130439,
131291,
131632,
132655,
132996,
133848,
134530,
134871,
135212,
135894,
141689,
144416,
147485,
149019,
150212,
152257,
153110,
173223,
174246,
175610,
176291,
186178,
186860,
187541,
188223,
188905,
191291,
192825,
197769,
198791,
205950,
223507,
226831,

4 Column Release Times:
20837,
22882,
37200,
39246,
45041,
47257,
47854,
49303,
49985,
52286,
52456,
53905,
58848,
59871,
75382,
77428,
82200,
83735,
86291,
91064,
93450,
94132,
96348,
96945,
98394,
99075,
101377,
101547,
102996,
107939,
108962,
117314,
120041,
124132,
126007,
126519,
127371,
127882,
128735,
129246,
130098,
130610,
131462,
131803,
132825,
133166,
134019,
134700,
135041,
135382,
136064,
144246,
146973,
147825,
149189,
150553,
152598,
153280,
173564,
174587,
175950,
176462,
186348,
186945,
187712,
188394,
189075,
191377,
192996,
197939,
198962,
206291,
226746,
227513,

