Artist : hololive
Song Name : hololive song pack
Difficulty : 0
BPM : 176
Background Image : charts\hololive-hololive song pack\Kakero - Hoshimachi Suisei.png
Audio : charts\hololive-hololive song pack\Kakero - Hoshimachi Suisei.ogg

1 Column Hit Times:
1064,
1234,
1575,
1661,
1916,
2087,
2428,
2598,
5411,
5666,
5837,
6007,
6178,
6348,
6519,
6860,
7882,
8053,
8223,
8905,
9075,
9416,
9928,
10269,
10439,
10610,
10950,
11121,
11291,
11462,
11632,
11803,
11973,
12144,
12655,
12825,
12996,
13337,
14019,
14189,
14530,
14871,
15382,
15723,
15894,
16064,
16320,
16575,
16746,
16916,
17087,
17257,
17428,
17769,
18110,
18450,
18621,
18791,
18962,
19473,
19644,
20155,
20666,
20837,
21689,
22030,
22200,
22541,
22882,
24416,
24757,
24928,
25269,
25610,
26121,
26291,
26632,
26803,
26973,
27485,
27655,
27825,
28252,
28422,
28592,
28678,
28848,
29019,
29700,
29871,
30041,
30382,
30553,
30894,
31235,
31746,
32087,
32257,
32428,
32769,
32939,
33110,
33706,
33877,
34047,
34132,
34473,
34644,
35155,
35496,
35837,
36178,
36519,
36860,
37200,
38564,
38735,
39246,
40439,
40780,
41121,
41291,
41803,
41973,
42655,
42825,
43337,
43678,
43848,
44019,
44189,
45382,
45638,
45894,
46575,
46746,
47002,
47172,
47428,
47683,
47939,
48280,
48450,
48621,
48791,
49303,
49473,
49644,
49814,
49899,
50155,
50837,
51092,
51348,
51519,
51689,
51860,
52030,
52200,
52882,
53223,
53564,
53820,
54075,
54246,
54757,
54928,
55098,
55269,
55354,
55524,
55695,
55950,
56632,
56803,
56973,
57485,
57655,
58337,
58507,
58848,
59019,
59189,
59530,
59700,
60382,
60723,
60894,
61064,
61320,
61746,
61916,
62428,
62939,
63110,
63450,
63621,
63791,
64644,
65155,
65496,
65666,
65837,
66007,
66348,
66519,
66689,
67200,
67541,
67712,
67882,
68564,
68905,
69075,
69416,
69928,
70269,
70439,
70610,
70780,
70950,
71291,
71462,
71632,
71803,
71973,
72655,
72996,
73166,
73337,
73507,
74019,
74189,
74360,
74700,
75212,
75382,
76235,
76575,
76746,
77087,
77257,
77428,
78962,
79132,
79303,
79473,
79644,
79814,
79985,
80155,
80666,
80837,
81178,
81348,
81519,
82030,
82200,
82541,
82882,
83053,
83820,
84075,
84246,
84587,
84928,
85269,
85780,
86121,
86291,
87144,
87655,
88166,
88337,
89956,
90041,
91320,
91405,
91575,
91746,
92087,
92172,
92428,
92598,
93110,
93280,
94473,
94729,
94985,
95666,
95837,
96092,
96263,
96774,
97030,
97371,
97541,
97712,
97882,
98394,
98564,
98735,
98905,
98990,
99246,
99416,
99928,
100183,
100439,
100610,
100950,
101121,
101291,
101973,
102314,
102655,
102911,
103166,
103337,
103933,
104019,
104189,
104360,
104530,
104700,
104871,
105041,
105723,
105894,
106064,
106575,
106746,
107428,
107598,
107939,
108110,
108280,
108621,
108791,
109473,
109814,
109985,
110155,
110411,
110837,
111007,
111519,
112030,
112200,
112541,
112712,
112882,
113735,
114246,
114587,
114757,
114928,
115098,
115183,
115439,
115780,
115865,
115950,
116291,
116973,
117314,
117655,
117825,
118166,
118337,
118848,
119019,
119360,
119700,
119871,
121490,
121661,
122087,
122342,
122769,
122939,
123110,
123450,
123621,
123791,
125325,
128053,
130780,
131803,
131973,
133507,
141689,
142030,
142200,
142456,
142712,
143053,
143394,
143564,
143735,
143905,
144075,
144416,
144587,
144757,
145098,
145269,
145439,
145780,
146121,
146291,
146547,
150553,
154644,
157541,
157712,
157797,
158053,
158223,
158564,
158905,
159075,
159161,
159416,
165041,
165212,
165382,
165553,
165723,
165894,
166064,
166235,
166405,
166575,
166746,
166916,
167087,
167257,
167428,
167598,
167854,
168195,
168536,
168877,
169217,
169558,
169899,
170240,
170496,
170752,
171092,
171433,
171774,
172115,
172456,
172797,
173138,
178678,
180041,
180212,
181746,
184473,
184729,
184814,
184985,
185496,
185666,
186092,
186178,
186348,
186860,
187030,
187371,
187541,
187712,
187882,
188138,
188223,
188394,
188564,
188735,
188905,
188990,
189161,
189246,
189416,
189928,
190098,
190269,
190610,
190950,
191121,
191291,
191462,
191973,
192314,
192655,
192911,
192996,
193166,
193337,
193678,
193763,
194019,
194104,
194189,
194360,
194530,
194700,
194871,
194956,
195041,
195212,
195723,
195894,
196064,
196405,
196575,
196746,
196916,
197428,
197598,
197769,
197939,
198110,
198280,
198450,
198621,
198791,
199473,
199644,
199814,
199985,
200070,
200155,
200325,
200837,
201007,
201519,
201689,
201860,
202030,
202200,
202371,
202541,
202712,
202882,
203564,
203735,
204246,
204587,
204928,
205098,
205269,
205439,
205610,
205780,
206632,
206803,
207314,
207485,
207996,
208166,
208678,
208848,
209019,
209360,
209530,
209700,
211405,
212428,
212598,
212769,
213450,
213621,
213962,
214473,
214814,
214985,
215155,
215496,
216348,
216519,
216689,
217200,
217371,
217541,
217882,
218564,
218735,
219075,
219416,
219928,
220269,
220439,
220610,
220865,
221121,
221291,
221462,
221632,
221803,
221973,
222144,
222314,
222485,
222655,
222825,
222996,
223252,
224274,
224402,
224573,
224743,
225098,
225212,
225382,
225553,
225723,
225837,
225950,
226064,
226178,
226291,
226405,

1 Column Long Note Times:
553,
2769,
7030,
7371,
8394,
9587,
12314,
13507,
15041,
21178,
23223,
29189,
31405,
33280,
37541,
39587,
44360,
45041,
46064,
50496,
52541,
54416,
56291,
56462,
57996,
60041,
61405,
62087,
62257,
64132,
64814,
64985,
66860,
68053,
69587,
75723,
77769,
83223,
86632,
88678,
90382,
90723,
90894,
91064,
92769,
93450,
94132,
95155,
96519,
99587,
101632,
103507,
105382,
105553,
107087,
109132,
110496,
111178,
111348,
113223,
113905,
114075,
116462,
120041,
123962,
124644,
125666,
126178,
126689,
127030,
127541,
128394,
128905,
129416,
129757,
130269,
131121,
132144,
132485,
133166,
134019,
134360,
135382,
135723,
136235,
138962,
146803,
147825,
148337,
148848,
149871,
151064,
151746,
152598,
153280,
153962,
155325,
159587,
173905,
175610,
176632,
177996,
180723,
180894,
182087,
182257,
182428,
182769,
183791,
184132,
185155,
185837,
186519,
189587,
191632,
193507,
195382,
195553,
197087,
199132,
200496,
201178,
201348,
203223,
203905,
204075,
205950,
210041,
211575,
211916,
212939,
214132,
215837,
216860,
218053,
219587,
223507,
226831,

1 Column Release Times:
723,
5155,
7200,
7712,
8735,
9757,
12485,
13848,
15212,
21519,
24246,
29530,
31575,
33450,
37882,
39928,
44445,
45127,
46235,
50581,
52627,
54587,
56377,
56547,
58166,
60212,
61575,
62172,
62342,
64303,
64899,
65070,
67030,
68394,
69757,
76064,
78791,
83735,
86973,
89700,
90467,
90808,
90979,
91149,
92939,
93536,
94217,
95325,
96689,
99672,
101717,
103678,
105467,
105638,
107257,
109303,
110666,
111263,
111433,
113394,
113990,
114161,
116803,
121405,
124132,
124814,
125837,
126348,
126860,
127200,
127712,
128564,
129075,
129587,
129928,
130439,
131291,
132314,
132655,
133337,
134189,
134530,
135553,
135894,
138791,
141519,
147314,
147996,
148678,
149360,
150041,
151405,
152087,
152939,
153621,
154303,
155411,
162314,
174246,
175950,
176803,
178337,
180808,
180979,
182172,
182342,
182513,
183110,
183962,
184217,
185325,
186007,
186604,
189672,
191717,
193592,
195467,
195638,
197257,
199303,
200666,
201263,
201433,
203394,
203990,
204161,
206291,
211235,
211746,
212257,
213280,
214303,
216007,
217030,
218394,
219757,
224189,
227513,

2 Column Hit Times:
723,
1064,
1405,
1575,
1661,
2087,
2428,
5325,
5496,
5752,
6007,
6178,
6348,
6519,
6860,
7030,
7200,
7541,
7712,
7882,
8223,
8564,
8735,
9075,
9246,
9416,
9587,
9757,
9928,
10610,
11291,
11632,
11803,
11973,
12144,
12655,
12996,
13678,
13848,
14019,
14360,
14530,
14700,
14871,
15382,
16064,
16235,
16405,
16661,
16916,
17087,
17257,
17428,
17939,
18110,
18280,
18791,
20837,
21348,
21519,
21860,
22200,
22541,
22712,
22882,
23223,
23564,
23735,
24246,
24757,
24928,
25098,
25439,
25610,
27144,
27314,
27485,
27655,
28252,
28422,
28592,
28678,
29360,
29530,
29700,
30041,
30723,
30894,
31064,
31320,
31405,
31575,
31746,
32428,
33110,
33450,
33706,
33877,
34047,
34303,
34473,
34814,
34985,
35155,
35325,
37200,
37882,
38053,
38394,
38564,
38905,
39246,
39757,
39928,
40269,
40610,
41121,
41291,
41462,
41973,
43507,
43678,
43848,
44019,
44189,
45041,
45212,
46064,
46235,
47087,
47257,
47428,
47598,
47769,
48110,
48962,
49132,
49303,
49473,
49729,
49899,
50155,
50496,
50837,
51178,
51348,
51519,
52541,
52712,
53053,
53223,
53394,
53564,
53735,
53905,
54246,
54587,
54757,
55183,
55354,
55524,
55610,
55780,
56291,
56803,
57314,
57485,
58166,
58507,
58678,
58848,
59871,
60041,
60212,
60382,
60638,
60808,
60894,
61064,
61149,
61320,
61405,
61575,
61916,
62002,
62598,
63110,
63365,
63450,
63791,
63962,
64132,
64303,
64473,
64644,
64729,
65325,
65496,
66007,
66348,
66604,
66774,
66860,
67200,
67371,
67541,
68223,
68394,
68735,
68905,
69075,
69246,
69416,
69928,
70610,
70780,
70950,
71291,
71547,
71803,
71973,
73848,
74019,
74274,
74530,
74700,
74871,
75382,
75553,
75723,
76064,
76746,
77002,
77257,
77428,
77769,
78110,
78280,
78450,
78791,
79047,
79473,
79729,
79985,
80155,
81689,
81860,
82200,
82371,
82541,
82712,
82882,
83053,
83735,
83905,
84075,
84246,
84757,
85098,
85269,
85439,
85780,
85950,
86121,
86291,
86462,
86973,
87314,
87485,
87825,
88166,
88337,
88507,
88678,
89956,
90041,
91320,
91405,
91575,
91746,
91916,
92087,
92257,
92428,
92598,
92769,
92939,
93110,
93280,
94132,
94303,
95155,
95325,
96178,
96348,
96519,
96689,
96860,
97200,
98053,
98223,
98394,
98564,
98820,
98990,
99246,
99416,
99587,
99928,
100269,
100439,
100610,
100780,
101632,
101803,
102144,
102314,
102485,
102655,
102825,
102996,
103337,
103678,
103933,
104189,
104360,
104615,
104700,
104871,
105382,
105894,
106405,
106575,
107257,
107598,
107769,
107939,
108962,
109132,
109303,
109473,
109729,
109899,
109985,
110155,
110240,
110411,
110496,
110666,
111007,
111092,
111689,
112200,
112456,
112541,
112882,
113053,
113223,
113394,
113564,
113735,
113820,
114416,
114587,
114842,
115098,
115183,
115439,
115780,
115865,
115950,
116291,
116462,
116973,
117314,
117570,
117655,
117825,
118166,
118337,
119019,
119360,
119615,
119786,
119956,
120382,
120723,
120894,
121064,
121405,
121746,
121831,
122002,
122257,
122428,
122683,
122769,
123110,
123280,
123450,
123791,
136235,
136575,
136746,
137002,
137257,
137598,
137939,
138280,
138450,
138621,
138962,
139132,
139303,
139644,
139814,
139985,
140325,
140666,
140837,
141092,
141348,
149189,
153280,
153962,
154985,
155155,
155411,
157541,
157712,
157797,
158223,
158564,
158735,
159075,
159161,
159416,
159587,
162314,
162485,
162655,
162825,
162996,
163166,
163337,
163507,
163678,
163848,
164019,
164189,
164360,
164530,
164700,
164871,
165127,
165467,
165808,
166149,
166490,
166831,
167172,
167513,
167769,
168024,
168365,
168706,
169047,
169388,
169729,
170070,
170411,
180382,
180553,
181405,
181575,
181746,
184132,
184303,
185155,
185325,
186007,
186178,
186263,
186519,
186689,
186860,
187200,
187541,
188053,
188223,
188394,
188564,
188735,
188905,
188990,
189161,
189416,
189587,
189928,
190269,
190439,
190610,
190780,
191632,
191803,
192144,
192314,
192485,
192655,
192825,
192996,
193081,
193337,
193507,
193678,
193763,
193848,
194019,
194104,
194360,
194530,
194615,
194871,
194956,
195382,
195723,
195894,
196405,
196575,
197087,
197257,
197428,
197598,
197769,
197939,
198110,
198791,
198962,
199132,
199303,
199473,
199644,
199814,
199899,
200070,
200240,
200325,
200496,
200666,
200837,
201007,
201092,
201689,
202200,
202456,
202541,
202712,
202882,
203053,
203223,
203394,
203564,
203735,
203820,
204416,
204587,
204757,
204928,
205354,
205524,
205695,
205865,
205950,
206291,
206462,
206632,
206803,
207314,
207655,
207825,
207996,
208166,
208337,
208678,
209019,
209189,
209360,
209530,
209700,
210041,
211575,
211746,
212087,
212257,
212428,
212769,
213110,
213280,
213621,
213791,
213962,
214132,
214303,
214473,
215155,
215666,
215837,
216433,
216604,
216774,
217200,
217541,
218223,
218394,
218564,
218905,
219075,
219246,
219416,
219928,
220610,
220780,
220950,
221206,
221462,
221632,
221803,
221973,
222144,
222314,
222485,
222655,
222911,
223166,
223337,
224274,
224445,
224615,
224743,
224871,
225041,
225212,
225382,
225610,
225723,
225837,
225950,
226064,
226235,
226348,
226490,

2 Column Long Note Times:
2769,
10098,
10780,
12314,
13166,
15041,
15553,
19132,
20325,
25950,
27996,
28848,
30212,
31916,
32598,
35496,
42314,
44360,
45553,
45723,
46405,
46916,
47939,
48280,
48450,
50666,
51007,
51860,
52371,
55950,
56973,
57655,
59189,
59360,
62172,
62342,
62769,
64899,
65070,
67712,
69587,
70098,
72314,
80496,
83223,
84416,
89019,
89360,
89530,
89700,
90212,
90553,
90723,
90894,
93450,
94644,
94814,
95496,
96007,
97030,
97371,
97541,
99757,
100098,
100950,
101462,
105041,
106064,
106746,
108280,
108450,
111263,
111433,
111860,
113990,
114161,
116632,
117996,
118507,
124644,
124985,
125325,
128053,
130780,
133507,
141689,
144416,
147144,
147655,
148507,
149530,
150382,
151235,
151575,
152598,
153621,
154473,
174587,
176291,
176973,
178337,
181064,
181235,
182087,
182257,
183110,
184644,
184814,
185496,
187030,
187371,
189757,
190098,
190950,
191462,
195041,
196064,
196746,
198280,
198450,
201263,
201433,
201860,
203990,
204161,
210382,
211235,
214644,
215325,
216007,
216860,
217712,
219587,
220098,
223507,
226831,

2 Column Release Times:
5155,
10439,
10950,
12485,
13507,
15212,
15894,
20155,
20496,
26973,
28166,
29019,
30553,
32257,
32939,
36519,
43337,
44445,
45638,
45894,
46490,
47002,
48024,
48365,
48621,
50752,
51092,
51945,
52456,
56121,
57144,
57825,
59274,
59530,
62257,
62428,
62939,
64985,
65155,
68053,
69757,
70439,
73337,
81519,
83564,
84587,
89104,
89445,
89615,
89786,
90297,
90638,
90808,
90979,
93536,
94729,
94985,
95581,
96092,
97115,
97456,
97712,
99842,
100183,
101036,
101547,
105212,
106235,
106916,
108365,
108621,
111348,
111519,
112030,
114075,
114246,
116803,
118081,
118848,
124814,
125155,
127882,
130610,
133337,
136064,
144246,
146973,
147314,
147996,
148678,
150041,
150723,
151405,
152087,
152939,
153919,
154644,
175610,
176462,
177144,
178678,
181149,
181320,
182172,
182342,
183450,
184729,
184985,
185581,
187115,
187456,
189842,
190183,
191036,
191547,
195212,
196235,
196916,
198365,
198621,
201348,
201519,
202030,
204075,
204246,
210553,
211405,
214985,
215496,
216348,
217030,
218053,
219757,
220439,
224189,
227513,

3 Column Hit Times:
723,
894,
979,
1405,
1746,
2087,
2257,
2342,
5325,
5496,
5666,
5837,
6092,
6348,
6519,
7200,
7541,
8223,
8394,
8564,
8905,
9075,
9246,
9502,
9587,
10269,
10950,
11632,
11888,
12058,
12229,
12314,
12485,
12655,
13337,
13507,
13678,
14360,
14530,
14700,
14956,
15041,
15723,
16235,
16405,
16575,
16746,
17002,
17257,
17428,
19303,
19473,
19814,
19985,
20155,
20496,
20837,
21007,
21519,
22200,
22371,
22882,
23394,
23564,
23905,
24075,
24246,
26291,
26632,
26973,
27314,
27485,
27825,
28166,
28337,
28507,
29019,
29189,
29360,
30041,
30212,
30382,
30723,
30894,
31064,
31235,
31405,
32087,
32769,
33450,
33621,
33791,
33962,
35837,
36007,
36178,
36519,
37030,
37200,
37541,
37882,
38223,
38564,
38905,
39075,
39246,
39757,
39928,
40098,
40610,
41632,
42144,
42485,
42655,
42996,
43166,
43337,
43678,
43848,
44019,
45041,
45553,
45723,
45894,
46235,
46405,
46916,
47087,
47257,
47598,
47769,
48365,
48621,
49132,
49729,
49814,
49985,
50325,
50496,
51007,
51178,
51348,
51774,
52200,
52371,
52541,
52712,
52882,
53223,
53394,
53735,
53905,
54075,
54416,
54587,
54928,
55098,
55269,
55439,
55610,
55780,
55865,
55950,
56121,
56291,
56462,
57144,
57825,
57996,
58166,
58678,
59360,
59700,
59871,
60212,
60553,
60723,
60808,
60979,
61149,
61235,
61405,
61746,
62002,
62087,
62428,
62598,
62769,
62939,
63280,
63365,
63962,
64132,
64473,
64729,
64814,
64985,
65155,
65496,
65666,
65837,
66007,
66348,
66604,
66774,
66860,
67882,
68223,
68394,
68564,
68905,
69075,
69246,
69502,
69587,
70269,
70865,
71121,
71206,
71462,
71632,
71888,
72485,
72655,
72911,
73166,
73337,
75041,
75382,
75638,
75894,
76064,
76405,
76746,
76916,
77087,
77428,
77683,
77939,
78110,
78365,
78621,
78791,
80325,
80837,
81007,
81178,
81519,
81860,
82030,
82200,
82456,
82712,
82967,
83138,
83223,
83735,
83905,
84161,
84928,
85269,
85439,
85610,
86632,
86973,
87144,
87314,
87485,
87825,
88166,
88507,
88678,
91235,
91405,
91661,
91746,
91916,
92087,
92257,
92513,
92683,
92769,
92939,
93110,
93280,
94132,
94644,
94814,
94985,
95325,
95496,
96007,
96178,
96348,
96689,
96860,
97456,
97712,
98223,
98820,
98905,
99075,
99502,
99587,
100098,
100269,
100439,
101291,
101462,
101632,
101803,
101973,
102314,
102485,
102825,
102996,
103166,
103507,
103678,
103848,
104019,
104274,
104530,
104700,
104786,
104956,
105041,
105212,
105382,
105553,
106235,
106916,
107087,
107257,
107769,
108450,
108791,
108962,
109303,
109644,
109814,
109899,
110070,
110240,
110325,
110496,
110837,
111092,
111178,
111519,
111689,
111860,
112030,
112371,
112456,
113053,
113223,
113564,
113820,
113905,
114075,
114246,
114587,
114757,
114928,
115098,
115269,
115439,
115610,
115950,
116462,
116803,
116973,
117314,
117485,
117570,
117825,
118166,
118337,
118848,
119019,
119360,
119530,
119700,
120467,
120638,
120808,
120979,
121149,
121320,
121405,
121746,
121916,
122087,
122172,
122428,
122598,
122769,
122939,
123110,
123450,
123621,
123791,
141689,
141860,
142030,
142371,
142541,
142712,
143053,
143394,
143820,
144075,
144416,
144757,
144928,
145183,
145439,
145780,
146121,
146462,
146632,
147825,
152598,
153962,
155070,
155240,
155411,
157541,
157882,
158053,
158394,
158479,
158905,
159246,
162399,
162740,
163081,
163422,
163763,
164104,
164445,
164786,
165041,
167769,
167939,
168110,
168280,
168450,
168621,
168791,
168962,
169132,
169303,
169473,
169644,
169814,
169985,
170155,
170325,
170581,
170922,
171263,
171604,
171945,
172286,
172627,
172967,
178678,
180041,
180212,
181405,
181575,
181746,
181916,
184132,
184303,
184644,
184814,
184985,
185325,
185496,
185666,
185837,
186007,
186178,
186348,
186860,
187030,
187456,
187541,
187712,
188223,
188394,
188820,
189075,
189246,
189331,
189502,
189587,
189757,
190098,
190269,
190950,
191291,
191462,
191632,
191973,
192314,
192485,
192825,
192996,
193166,
193507,
193678,
193848,
193933,
194189,
194274,
194360,
194530,
194700,
194786,
194871,
195041,
195212,
195382,
195553,
196064,
196235,
196746,
196916,
197087,
197257,
197769,
197939,
198450,
198791,
198962,
199132,
199303,
199473,
199729,
199899,
199985,
200155,
200240,
200411,
200496,
200666,
200837,
201092,
201178,
201348,
201519,
201689,
201860,
202030,
202200,
202371,
202456,
203053,
203223,
203564,
203820,
203905,
204075,
204246,
204587,
204928,
205098,
205354,
205524,
205695,
205865,
206291,
206462,
206973,
207144,
207314,
207485,
207655,
207996,
208337,
208507,
208678,
208848,
209019,
209360,
209700,
209871,
210041,
211746,
212087,
212769,
212939,
213110,
213450,
213621,
213791,
214047,
214814,
216433,
216604,
216774,
217030,
217200,
217882,
218053,
218223,
218905,
219075,
219246,
219502,
220269,
220780,
220950,
221121,
221291,
221547,
221803,
221973,
222144,
222314,
222570,
222825,
222996,
223166,
223337,
224360,
224530,
224658,
224786,
224985,
225155,
225297,
225439,
225610,
225780,
225894,
226007,
226121,
226235,
226348,
226490,

3 Column Long Note Times:
2769,
6860,
7712,
9757,
10439,
11121,
12825,
13848,
15212,
15894,
17769,
24587,
25780,
28678,
29530,
31575,
32257,
32939,
34132,
36689,
39416,
40950,
44360,
45382,
46746,
48110,
48791,
52030,
56632,
57314,
58337,
59019,
63536,
63706,
67030,
67371,
69757,
70439,
73678,
79132,
86291,
88848,
89189,
89360,
89700,
89871,
90212,
90382,
90553,
91064,
93450,
94473,
95837,
97200,
97882,
101121,
105723,
106405,
107428,
108110,
112627,
112797,
116121,
120041,
123962,
124303,
125325,
128053,
130780,
133507,
136235,
138962,
146973,
148166,
149189,
149700,
150553,
150894,
151916,
152428,
152939,
153791,
154303,
159587,
174246,
175950,
180723,
180894,
182428,
182598,
183450,
184473,
186689,
187200,
187882,
190780,
191121,
195723,
196405,
197428,
198110,
202627,
202797,
210553,
211405,
212257,
214303,
214985,
215496,
216007,
217371,
218394,
219757,
220439,
223507,
226831,

3 Column Release Times:
5155,
7030,
8053,
9928,
10780,
11291,
13166,
14189,
15382,
16064,
18791,
25610,
25950,
28848,
29871,
31746,
32598,
33280,
35155,
36860,
39587,
41291,
44445,
45467,
46831,
48195,
48962,
52115,
56803,
57485,
58507,
59104,
63621,
63791,
67200,
67712,
69928,
70780,
74700,
80155,
86462,
88933,
89274,
89445,
89786,
89956,
90297,
90467,
90638,
91149,
93536,
94558,
95922,
97286,
98053,
101206,
105894,
106575,
107598,
108195,
112712,
112882,
116291,
120382,
124132,
124473,
127882,
130610,
133337,
136064,
138791,
141519,
147314,
148678,
149360,
150041,
150723,
151405,
152087,
152556,
153280,
153919,
154644,
162314,
174587,
176291,
180808,
180979,
182513,
182683,
183791,
184558,
186774,
187286,
188053,
190865,
191206,
195894,
196575,
197598,
198195,
202712,
202882,
210894,
211575,
212598,
214473,
215325,
215837,
216348,
217712,
218735,
219928,
220610,
224274,
227513,

4 Column Hit Times:
723,
894,
979,
1234,
1405,
1746,
1916,
2257,
2342,
2598,
2769,
5325,
5496,
5666,
5837,
6007,
6178,
6433,
7200,
7371,
7541,
7882,
8564,
9246,
9416,
9928,
10098,
10269,
10610,
10780,
10950,
11291,
11888,
12058,
12229,
12314,
12996,
13166,
13337,
13678,
14019,
14700,
14871,
15041,
15212,
15382,
15553,
15723,
16064,
16235,
16405,
16575,
16746,
16916,
17087,
17342,
17769,
18110,
18450,
18791,
19132,
19473,
19814,
20155,
21178,
21519,
23394,
23564,
23905,
24246,
24587,
24928,
25269,
25610,
25950,
26291,
26462,
26973,
27314,
27655,
27825,
28166,
28337,
28507,
29019,
29360,
29700,
30382,
31064,
31235,
31746,
31916,
32087,
32428,
32598,
32769,
33110,
33280,
33450,
33621,
33791,
33962,
34132,
34473,
34814,
35155,
35666,
35837,
36348,
36519,
37371,
37712,
37882,
39587,
39928,
40269,
40610,
40950,
41291,
41632,
41973,
42314,
42655,
42996,
43337,
43678,
44019,
44189,
45041,
45382,
45638,
45723,
46064,
46405,
46746,
48110,
48365,
48450,
48791,
48962,
49473,
49644,
49814,
49985,
50155,
50325,
50496,
50666,
51519,
51689,
51860,
52456,
52712,
52882,
53394,
53905,
54075,
54246,
54587,
54757,
54928,
55183,
55269,
55439,
55610,
55695,
55865,
55950,
56121,
56632,
56973,
57144,
57314,
57655,
57996,
58337,
59019,
59360,
59530,
60041,
60382,
60553,
60723,
60979,
61064,
61235,
61405,
61575,
61746,
62087,
62257,
62428,
62769,
63110,
63280,
63791,
64303,
64473,
64814,
65155,
65325,
65496,
66007,
66348,
66519,
66689,
67200,
67541,
67882,
68053,
68223,
68564,
69246,
69416,
69587,
69757,
69928,
70098,
70269,
70610,
70780,
70950,
71121,
71206,
71462,
71632,
71803,
71973,
72314,
72655,
72825,
72996,
73337,
73678,
74019,
74360,
74530,
74700,
75723,
75894,
76064,
77598,
77769,
77939,
78110,
78450,
78621,
78791,
79132,
79303,
79473,
79814,
80155,
80496,
80837,
81092,
81348,
81519,
81860,
82371,
82541,
82712,
82882,
83053,
83905,
84246,
84587,
84757,
84928,
85098,
85439,
85610,
86462,
86632,
86973,
87655,
88507,
91235,
91405,
91661,
91746,
91916,
92257,
92342,
92513,
92683,
92769,
92939,
94132,
94473,
94729,
94814,
95155,
95496,
95837,
96519,
97200,
97456,
97541,
97882,
98053,
98564,
98735,
98905,
99075,
99246,
99587,
99757,
100610,
100780,
100950,
101547,
101803,
101973,
102485,
102996,
103166,
103337,
103678,
103848,
104019,
104274,
104360,
104615,
104786,
104956,
105041,
105212,
105723,
106064,
106235,
106405,
106746,
107087,
107428,
108110,
108450,
108621,
109132,
109473,
109644,
109814,
110070,
110155,
110325,
110496,
110666,
110837,
111178,
111348,
111519,
111860,
112200,
112371,
112882,
113394,
113564,
113905,
114246,
114416,
114587,
115098,
115269,
115439,
115610,
116462,
116803,
116973,
117485,
120382,
120553,
120723,
121064,
121235,
121405,
121575,
121746,
122087,
122428,
122513,
122769,
123110,
123280,
123450,
123791,
125325,
126348,
126519,
128053,
129075,
129246,
130780,
133507,
134530,
134700,
136235,
136405,
136575,
136916,
137087,
137257,
137598,
137939,
138110,
138365,
138621,
138962,
139303,
139473,
139729,
139985,
140325,
140666,
141007,
141178,
141348,
151916,
152598,
157882,
158223,
158394,
158479,
158735,
158905,
159246,
162570,
162911,
163252,
163592,
163933,
164274,
164615,
164956,
165297,
165638,
165979,
166320,
166661,
167002,
167342,
167683,
170496,
170666,
170837,
171007,
171178,
171348,
171519,
171689,
171860,
172030,
172200,
172371,
172541,
172712,
172882,
173053,
178678,
179019,
179189,
180382,
180553,
181405,
181916,
184132,
184473,
184644,
184814,
185155,
185496,
185837,
186007,
186519,
187200,
187371,
187627,
187882,
188053,
188564,
188820,
188905,
189075,
189246,
189331,
189502,
189587,
189757,
190183,
190269,
190439,
190610,
190950,
191121,
191547,
191632,
191803,
191973,
192314,
192485,
192996,
193166,
193337,
193592,
193848,
193933,
194019,
194189,
194274,
194360,
194615,
194700,
194786,
195041,
195212,
195382,
195553,
195723,
195894,
196064,
196235,
196405,
196575,
196746,
197087,
197257,
197428,
198110,
198280,
198450,
198621,
199132,
199473,
199644,
199729,
199814,
199985,
200155,
200325,
200411,
200496,
200666,
200837,
201007,
201178,
201348,
201519,
201860,
202200,
202371,
202882,
203053,
203223,
203394,
203564,
203735,
203905,
204075,
204246,
204416,
204587,
204757,
204928,
205269,
205439,
205610,
205780,
206973,
207144,
207655,
207825,
208337,
208507,
208678,
209019,
209189,
209360,
209700,
209871,
210041,
211746,
211916,
212087,
212428,
213110,
213791,
213962,
214473,
214644,
214814,
215155,
215325,
216348,
216519,
216689,
216860,
217541,
217712,
217882,
218223,
218564,
219246,
219416,
219587,
219757,
219928,
220098,
220269,
220610,
220780,
220950,
221121,
221291,
221462,
221632,
221888,
222229,
222485,
222655,
222825,
222996,
223166,
223337,
224360,
224487,
224700,
224786,
224928,
225297,
225496,
225666,
225780,
225894,
226007,
226178,
226291,
226405,

4 Column Long Note Times:
6860,
8053,
8735,
9587,
11462,
12485,
14189,
20496,
21860,
23053,
28678,
29871,
30553,
31405,
36860,
38223,
44360,
44700,
45212,
46575,
47087,
47428,
47769,
49132,
50837,
51178,
52200,
53053,
53564,
58678,
59700,
63450,
63621,
66860,
68735,
75041,
76405,
83223,
85950,
87825,
88848,
89019,
89189,
89530,
89871,
90041,
93110,
93450,
93791,
94303,
95666,
96178,
96860,
98223,
99928,
100269,
101291,
102144,
102655,
107769,
108791,
112541,
112712,
115950,
117996,
118507,
119019,
124303,
124985,
125837,
127200,
127712,
128564,
129928,
130439,
131291,
131632,
132655,
132996,
133848,
134871,
135212,
135894,
141689,
144416,
147144,
147485,
148507,
149019,
149871,
150212,
151235,
152257,
153110,
153962,
154644,
155325,
157371,
159587,
173223,
175269,
176462,
177314,
179360,
179530,
179700,
179871,
181064,
181235,
182087,
182428,
182598,
183791,
184303,
185666,
186178,
186860,
188223,
189928,
191291,
192144,
192655,
197769,
198791,
202541,
202712,
205950,
210382,
210894,
211405,
212598,
213280,
214132,
215496,
217030,
218735,
223507,
226831,

4 Column Release Times:
7030,
8394,
9075,
9757,
11632,
12655,
14530,
20837,
22882,
23223,
28848,
30212,
30894,
31575,
37200,
39246,
44445,
44956,
45297,
46661,
47257,
47598,
47854,
49303,
50922,
51263,
52286,
53223,
53735,
58848,
59871,
63536,
63706,
67030,
69075,
75382,
77428,
83735,
86121,
88166,
88933,
89104,
89274,
89615,
89956,
91064,
93280,
93536,
94047,
94388,
95752,
96348,
96945,
98394,
100013,
100354,
101377,
102314,
102825,
107939,
108962,
112627,
112797,
116291,
118081,
118848,
120041,
124473,
125155,
126007,
127371,
127882,
128735,
130098,
130610,
131462,
131803,
132825,
133166,
134019,
135041,
135382,
136064,
144246,
146973,
147314,
147996,
148678,
149360,
150041,
150723,
151405,
152556,
153280,
154303,
154985,
155411,
157541,
162314,
174246,
175610,
176632,
177485,
179445,
179615,
179786,
179956,
181149,
181320,
182172,
182513,
182683,
183962,
184388,
185752,
186348,
186945,
188394,
190013,
191377,
192229,
192825,
197939,
198962,
202627,
202797,
206291,
210553,
211235,
211575,
212939,
213621,
214303,
215837,
217200,
219075,
224274,
227513,

