Artist : hololive
Song Name : hololive song pack
Difficulty : 0
BPM : 166
Background Image : charts\hololive-hololive song pack\KING - Nakiri Ayame.png
Audio : charts\hololive-hololive song pack\KING - Nakiri Ayame.ogg

1 Column Hit Times:
3226,
3588,
3768,
4491,
5756,
6841,
7202,
7563,
7744,
8648,
10274,
11178,
12262,
12624,
12985,
13708,
14792,
15154,
16057,
16780,
17684,
18045,
18949,
20575,
20937,
21841,
22744,
24009,
25997,
31419,
32865,
36841,
40816,
41178,
41539,
41810,
42081,
42262,
42624,
43527,
45154,
45515,
45877,
46238,
48045,
48407,
48768,
49491,
49853,
50214,
50485,
50756,
52021,
53467,
53828,
54190,
54913,
59250,
59612,
60334,
63226,
64491,
64672,
64853,
65033,
65214,
65756,
65937,
66841,
67202,
67383,
68106,
69009,
69371,
70455,
70816,
71178,
71359,
73889,
75877,
76238,
76600,
77322,
80937,
81118,
83467,
85636,
86720,
88527,
89250,
89431,
89973,
90334,
90696,
90967,
91238,
92142,
92865,
93226,
93588,
93859,
94130,
95033,
95756,
96118,
96479,
96750,
97021,
98467,
98648,
99009,
99371,
99642,
99913,
100816,
101268,
102624,
102985,
103347,
104069,
108407,
108768,
109491,
112383,
114551,
114732,
115997,
116359,
116539,
117262,
118527,
119612,
119973,
120334,
120515,
123045,
123949,
125033,
125395,
125756,
126479,
130816,
131178,
131539,

1 Column Long Note Times:
696,
1780,
2142,
6118,
9009,
14069,
24913,
26359,
26720,
27804,
28166,
28798,
29431,
30696,
32142,
32503,
33588,
33949,
34581,
35214,
35575,
36298,
37563,
38286,
39190,
51298,
52383,
55274,
55816,
56539,
56901,
58166,
59792,
61057,
61600,
62322,
63588,
69732,
72624,
77684,
78407,
78588,
78768,
82021,
82202,
82383,
84913,
86178,
87081,
87262,
87443,
87624,
100094,
101539,
104431,
104973,
105696,
106600,
107322,
108949,
110214,
110756,
111479,
112744,
113467,
118889,
121780,
127202,
128106,
128467,
129009,
131901,

1 Column Release Times:
741,
1825,
2277,
6479,
9371,
14431,
25274,
26539,
26901,
27985,
28347,
29069,
29612,
30877,
32322,
32684,
33768,
34130,
34853,
35395,
35756,
36479,
37925,
38331,
39235,
51660,
52744,
55636,
55907,
56630,
57081,
58527,
60154,
61419,
61690,
62413,
63949,
70094,
72985,
78045,
78497,
78678,
78859,
82112,
82292,
82473,
85094,
86359,
87172,
87353,
87533,
87804,
100455,
101901,
104792,
105063,
105786,
106780,
107684,
109310,
110575,
110847,
111569,
113106,
113648,
119250,
122142,
127383,
128286,
128648,
129190,
132081,

2 Column Hit Times:
4310,
5033,
5214,
6479,
7021,
7925,
8648,
9551,
10094,
10816,
10997,
11539,
12262,
12804,
13347,
13527,
14792,
15154,
15877,
16961,
17684,
18045,
18768,
19853,
21660,
22021,
22383,
23467,
23828,
27081,
29973,
30696,
31419,
31690,
35756,
37563,
43256,
43527,
43708,
44069,
44431,
44702,
44973,
45696,
46238,
46419,
48768,
49039,
49491,
49853,
50214,
50485,
50756,
51660,
52112,
52383,
53828,
54190,
54551,
54732,
58166,
59612,
60696,
60877,
62865,
63949,
65756,
65937,
67925,
68648,
68828,
70094,
70636,
71539,
72262,
72985,
73166,
73708,
74431,
74612,
75154,
76419,
76961,
77142,
78045,
79853,
80124,
82834,
83648,
85726,
86901,
91419,
91780,
92142,
92413,
94310,
94672,
94943,
95575,
95756,
96118,
96479,
96750,
97021,
97202,
97563,
98196,
98467,
100094,
100455,
101178,
101539,
102985,
103347,
103708,
103889,
107322,
108768,
109853,
110033,
112021,
113106,
114551,
114732,
117081,
117804,
117985,
119250,
119792,
120696,
122142,
122865,
123588,
123768,
124310,
125214,
125575,
126118,
126298,
129371,
129732,
130094,

2 Column Long Note Times:
877,
1600,
25274,
26539,
27985,
28347,
29250,
29612,
31057,
32322,
33768,
34130,
35033,
35395,
36841,
38467,
39009,
39371,
39732,
40094,
52744,
55816,
56539,
57081,
57804,
58527,
60154,
61600,
62322,
63226,
66479,
78949,
80395,
83106,
84551,
84732,
88889,
101901,
104973,
105696,
106419,
106780,
107684,
109310,
110756,
111479,
112383,
115274,
121419,
127021,
127563,
128828,
130455,
132443,
132804,
133166,

2 Column Release Times:
922,
1645,
25636,
26720,
28166,
28527,
29431,
29792,
31238,
32503,
33949,
34310,
35214,
35575,
37202,
38512,
39054,
39551,
39913,
40274,
53106,
55907,
56630,
57262,
57985,
58889,
60334,
61690,
62413,
63588,
66841,
79039,
80575,
83286,
84642,
84822,
89069,
102262,
105063,
105786,
106600,
106961,
108045,
109491,
110847,
111569,
112744,
115636,
121780,
127202,
127744,
129009,
130636,
132624,
132985,
133347,

3 Column Hit Times:
3588,
4130,
5033,
7202,
7925,
8106,
9371,
9913,
10455,
10636,
12443,
12985,
13708,
13889,
14431,
15515,
16238,
16600,
18407,
19130,
19491,
20033,
20575,
20937,
22563,
24190,
24551,
24913,
26359,
27804,
28527,
28889,
29250,
31690,
31961,
33588,
34310,
34672,
35033,
36479,
42262,
42624,
42985,
43256,
45786,
46419,
46600,
46961,
47322,
47594,
47865,
48045,
48407,
49039,
49310,
50937,
51298,
52292,
52744,
53106,
54913,
55094,
58889,
59973,
60334,
60515,
62503,
63949,
65395,
65575,
67202,
67744,
68648,
70816,
71539,
71720,
72262,
73527,
74069,
74250,
74792,
75877,
76057,
76600,
77322,
77503,
78045,
79943,
82744,
83015,
85907,
86359,
88618,
89612,
89792,
92413,
92684,
92865,
93226,
93588,
93859,
94130,
94853,
95395,
95575,
97925,
98196,
101359,
101901,
102262,
104069,
104250,
108045,
109130,
109491,
109672,
111660,
113106,
114913,
115094,
116359,
116901,
117804,
119973,
120696,
120877,
122322,
122684,
123226,
123407,
125033,
125756,
126479,
126660,
127925,
128286,
128648,

3 Column Long Note Times:
1057,
1419,
1961,
2322,
17322,
23106,
25636,
27262,
29973,
30334,
31238,
33045,
35756,
36118,
37202,
38828,
39371,
39732,
40094,
53467,
54371,
56178,
57262,
57624,
59250,
61961,
62865,
66118,
80214,
81841,
83286,
83828,
84913,
100455,
102624,
103527,
105334,
106238,
106961,
108407,
111118,
112021,
115636,
127383,
129009,
130274,
130997,
131359,
131901,

3 Column Release Times:
1103,
1464,
2051,
2503,
17684,
23467,
25997,
27443,
30154,
30515,
31419,
33226,
35937,
36298,
37563,
38874,
39551,
39913,
40274,
53828,
54551,
56268,
57443,
57804,
59612,
62051,
63226,
66479,
80395,
81931,
83467,
84009,
85094,
100816,
102985,
103708,
105425,
106419,
107142,
108768,
111208,
112383,
115997,
127563,
129190,
130455,
131178,
131539,
132081,

4 Column Hit Times:
3949,
4310,
4672,
4853,
5395,
5756,
6479,
6660,
7383,
9009,
9371,
9732,
10094,
10816,
11539,
13166,
14431,
15334,
16238,
16600,
18226,
19130,
19491,
21298,
22021,
22383,
23467,
23828,
24732,
25274,
25636,
28166,
31961,
32142,
33949,
37202,
40816,
41178,
41539,
41810,
42081,
42985,
43708,
44069,
44431,
44702,
44973,
45154,
45515,
45877,
46600,
46961,
47322,
47594,
47865,
49310,
52202,
54551,
58527,
59973,
60696,
63588,
65395,
65575,
67563,
67925,
68286,
68467,
69371,
70094,
70274,
70997,
72624,
72985,
73347,
73708,
74431,
75154,
76780,
80575,
80756,
86539,
88798,
89973,
90334,
90696,
90967,
91238,
91419,
91780,
92684,
94310,
94672,
95033,
95395,
97202,
97563,
97925,
98648,
99009,
99371,
99642,
99913,
101449,
103708,
107684,
109130,
109853,
112744,
113648,
113828,
114009,
114190,
114371,
114913,
115094,
116720,
117081,
117443,
117624,
118166,
118527,
119250,
119431,
120154,
121780,
122142,
122503,
122865,
123588,
124310,
125937,
127202,
132262,
132624,
132985,

4 Column Long Note Times:
335,
1238,
2503,
3226,
8286,
11901,
20214,
25997,
27081,
27443,
28527,
29069,
30154,
30877,
32865,
33226,
34310,
34853,
35937,
36479,
37925,
38648,
39371,
39732,
40094,
50937,
51660,
53106,
54009,
55274,
56178,
57443,
58889,
61057,
61961,
62503,
64310,
66841,
71901,
75515,
79130,
79310,
79491,
81298,
81479,
81660,
84190,
84371,
85094,
85274,
85997,
87804,
87985,
88166,
89069,
100816,
102262,
103166,
104431,
105334,
106057,
108045,
110214,
111118,
111660,
115997,
121057,
124672,
126841,
127563,
129551,
129913,
130455,
131720,

4 Column Release Times:
380,
1283,
2865,
3588,
8648,
12262,
20575,
26359,
27262,
27624,
28798,
29250,
30334,
31057,
33045,
33407,
34581,
35033,
36118,
36841,
37970,
38693,
39551,
39913,
40274,
51298,
52021,
53467,
54371,
55636,
56268,
57624,
59250,
61419,
62051,
62865,
64491,
67202,
72262,
75877,
79220,
79401,
79581,
81389,
81569,
81750,
84280,
84461,
85184,
85365,
86178,
87850,
88030,
88347,
89250,
101178,
102624,
103527,
104792,
105425,
106238,
108407,
110575,
111208,
112021,
116359,
121419,
125033,
127021,
127744,
129732,
130094,
130636,
131901,

