Artist : hololive
Song Name : hololive song pack
Difficulty : 0
BPM : 190
Background Image : charts\hololive-hololive song pack\KING - Nakiri Ayame.png
Audio : charts\hololive-hololive song pack\KING - Nakiri Ayame.ogg

1 Column Hit Times:
3588,
5395,
6479,
8286,
9009,
9371,
11901,
12262,
27081,
27443,
28527,
29069,
29973,
30334,
31419,
31690,
31961,
32865,
34310,
35756,
39371,
39732,
40094,
41178,
42262,
42624,
43708,
44431,
44702,
44973,
46238,
46419,
46961,
48045,
48407,
49491,
50214,
50485,
50756,
53828,
54551,
57081,
59612,
60334,
65756,
65937,
67202,
69009,
70094,
71901,
72624,
74431,
75515,
77322,
78407,
78768,
79853,
80124,
82021,
82383,
82834,
83106,
84190,
84551,
85636,
85907,
90334,
91419,
91780,
92865,
93588,
93859,
94130,
95395,
95575,
96118,
97202,
97563,
98648,
99371,
99642,
99913,
102985,
103708,
106238,
108768,
109491,
114913,
115094,
116359,
118166,
119250,
121780,
122142,
124672,
125033,
129009,
129371,
129732,
130094,

1 Column Long Note Times:
14792,
15154,
16238,
16600,
25997,
37563,
51660,
52383,
55816,
56178,
56539,
58166,
61600,
61961,
62322,
63588,
80937,
83467,
87804,
88166,
100816,
101539,
104973,
105334,
105696,
107322,
110756,
111118,
111479,
112744,
127383,

1 Column Release Times:
14973,
15334,
16419,
16780,
26359,
37925,
52021,
52744,
55997,
56359,
56720,
58527,
61780,
62142,
62503,
63949,
81118,
83828,
87985,
88347,
101178,
101901,
105154,
105515,
105877,
107684,
110937,
111298,
111660,
113106,
127563,

2 Column Hit Times:
3949,
5756,
7563,
10455,
11539,
12624,
14431,
28798,
33226,
34581,
36118,
43527,
45877,
49310,
52744,
57804,
58527,
67563,
69371,
71178,
73708,
74069,
76238,
76600,
88618,
88889,
89612,
89792,
92684,
95033,
98467,
101901,
106961,
107684,
116720,
118527,
120334,
123226,
123588,
126118,
126479,
130455,
130816,
131178,
131539,
133166,

2 Column Long Note Times:
8648,
17684,
18045,
19130,
19491,
25636,
36841,
51298,
63226,
72262,
86720,
100455,
112383,
121057,
127202,

2 Column Release Times:
8828,
17865,
18226,
19310,
19672,
25997,
37202,
51660,
63588,
72443,
86901,
100816,
112744,
121419,
127383,

3 Column Hit Times:
4672,
5033,
6841,
7925,
9732,
10816,
13347,
13708,
31057,
32503,
33949,
34853,
35395,
43256,
45515,
49039,
53467,
54190,
59250,
59973,
68286,
68648,
70455,
71539,
72985,
73347,
75877,
76961,
83828,
85726,
85997,
89250,
89431,
92413,
94672,
98196,
102624,
103347,
108407,
109130,
117443,
117804,
119612,
120696,
122503,
122865,
125395,
125756,
131901,
132262,
132624,
132985,

3 Column Long Note Times:
23467,
23828,
25274,
36479,
55274,
61057,
62865,
104431,
110214,
112021,
121419,
127021,

3 Column Release Times:
23648,
24009,
25636,
36841,
55816,
61600,
63226,
104973,
110756,
112383,
121780,
127202,

4 Column Hit Times:
3226,
4310,
6118,
7202,
10094,
11178,
12985,
14069,
26359,
26720,
27804,
28166,
29250,
29612,
30696,
32142,
33588,
35033,
37925,
39371,
39732,
40094,
40816,
41539,
41810,
42081,
42985,
44069,
45154,
46600,
47322,
47594,
47865,
48768,
49853,
54913,
56720,
57443,
60696,
63949,
65395,
65575,
66841,
67925,
69732,
70816,
74792,
75154,
77684,
79130,
79491,
79943,
80214,
81298,
81660,
82744,
83015,
85274,
88527,
88798,
89973,
90696,
90967,
91238,
92142,
93226,
94310,
95756,
96479,
96750,
97021,
97925,
99009,
104069,
105877,
106600,
109853,
113106,
114551,
114732,
115997,
117081,
118889,
119973,
123949,
124310,
127563,
127925,
128286,
128648,

4 Column Long Note Times:
20575,
20937,
22021,
22383,
24913,
37202,
50937,
52021,
53106,
58889,
62503,
78045,
80575,
84913,
86359,
87081,
87443,
100094,
101178,
102262,
108045,
111660,
126841,

4 Column Release Times:
20756,
21118,
22202,
22563,
25274,
37563,
51298,
52383,
53467,
59250,
62865,
78226,
80756,
85094,
86539,
87262,
87624,
100455,
101539,
102624,
108407,
112021,
127021,

