Artist : hololive
Song Name : hololive song pack
Difficulty : 0
BPM : 166
Background Image : charts\hololive-hololive song pack\KING - Nakiri Ayame.png
Audio : charts\hololive-hololive song pack\KING - Nakiri Ayame.ogg

1 Column Hit Times:
696,
877,
3226,
5575,
6841,
11359,
12985,
15515,
15877,
16961,
17322,
18407,
18949,
19310,
19491,
19762,
20033,
20214,
21298,
22021,
22383,
22563,
23467,
23828,
24190,
24551,
25094,
25274,
25636,
25997,
26359,
26539,
26720,
27804,
28166,
28527,
28708,
29431,
29612,
30334,
30696,
31057,
31690,
31961,
32322,
32503,
32684,
33045,
33226,
33588,
33949,
34853,
36841,
37112,
37383,
38286,
39009,
40816,
41178,
41539,
42081,
42262,
42624,
42985,
43256,
43527,
46600,
46961,
47322,
47865,
48045,
48407,
48768,
49039,
49310,
51660,
52021,
52202,
53828,
54190,
54551,
54913,
55274,
57804,
57985,
59612,
60334,
60696,
61057,
62684,
63136,
65395,
65575,
66841,
69190,
70455,
74973,
76600,
79130,
79853,
80124,
80937,
81298,
81660,
82834,
83467,
84009,
84190,
84732,
85274,
85636,
85997,
86720,
88527,
89250,
89431,
90334,
90696,
91238,
91419,
91780,
92142,
92413,
92684,
95756,
96118,
96479,
97021,
97202,
97563,
97925,
98196,
100816,
101178,
101359,
102985,
103347,
103708,
104069,
104431,
106961,
107142,
108768,
109491,
109853,
110214,
111841,
112021,
112292,
113467,
113648,
113828,
114009,
114190,
114371,
114913,
115094,
115997,
116720,
117081,
117804,
118347,
119250,
119612,
119973,
120877,
121057,
122503,
123588,
124130,
125756,
128106,
128828,
129551,
130274,
130997,
131720,

1 Column Long Note Times:
1780,
2142,
2503,
3588,
4491,
5214,
5756,
7383,
7744,
8106,
9009,
9913,
10455,
10997,
11539,
12262,
12624,
13347,
13708,
14069,
14792,
15154,
16238,
16600,
17684,
18045,
20575,
27081,
27443,
29069,
29973,
31238,
34310,
35214,
35575,
35937,
36298,
37563,
39371,
39732,
40094,
41720,
43708,
44069,
44431,
44792,
45154,
45515,
45877,
46238,
47503,
49491,
49853,
50214,
50575,
50937,
52383,
55816,
56539,
56901,
58166,
59792,
61600,
62322,
63588,
66118,
67202,
68106,
68828,
69371,
70997,
71359,
71720,
72624,
73527,
74069,
74612,
75154,
75877,
76238,
76961,
77322,
77684,
78407,
78588,
78768,
80395,
82021,
82202,
82383,
83106,
84913,
86178,
87081,
87262,
87443,
87624,
88889,
89973,
90877,
92865,
93226,
93588,
93949,
94310,
94672,
95033,
95395,
96660,
98648,
99009,
99371,
99732,
100094,
101539,
104973,
105696,
106057,
107322,
108949,
110756,
111479,
112744,
115274,
116359,
117262,
117985,
118527,
120334,
121238,
121780,
122684,
123226,
123768,
124310,
125033,
125395,
126118,
126479,
126841,
128286,
129009,
129732,
130455,

1 Column Release Times:
1961,
2322,
2865,
3768,
4672,
5395,
6118,
7563,
7925,
8648,
9371,
10094,
10636,
11178,
11901,
12443,
12804,
13527,
13889,
14431,
14973,
15334,
16419,
16780,
17865,
18226,
20937,
27262,
27624,
29250,
30154,
31419,
34581,
35395,
35756,
36118,
36479,
37925,
39551,
39913,
40274,
41901,
43889,
44250,
44612,
44973,
45334,
45696,
46057,
46419,
47684,
49672,
50033,
50395,
50756,
51298,
53106,
55997,
56720,
57443,
58889,
60154,
61780,
62503,
63949,
66479,
67383,
68286,
69009,
69732,
71178,
71539,
72262,
72985,
73708,
74250,
74792,
75515,
76057,
76419,
77142,
77503,
78045,
78497,
78678,
78859,
80575,
82112,
82292,
82473,
83286,
85094,
86359,
87172,
87353,
87533,
87804,
89069,
90154,
91057,
93045,
93407,
93768,
94130,
94491,
94853,
95214,
95575,
96841,
98828,
99190,
99551,
99913,
100455,
102262,
105154,
105877,
106600,
108045,
109310,
110937,
111660,
113106,
115636,
116539,
117443,
118166,
118889,
120696,
121600,
122142,
122865,
123407,
123949,
124672,
125214,
125575,
126298,
126660,
127563,
128648,
129190,
130094,
130636,

2 Column Hit Times:
4672,
5666,
7925,
8467,
9009,
10816,
11539,
11901,
12262,
13708,
14792,
15334,
16057,
16419,
16961,
17142,
17684,
18045,
18407,
18949,
19581,
19853,
21118,
22383,
22654,
23106,
23828,
24732,
25274,
25816,
26178,
26359,
26720,
27081,
27624,
27985,
28166,
28347,
28527,
29250,
29973,
30515,
30696,
30877,
31419,
31690,
31961,
32142,
33588,
34130,
35033,
35395,
35575,
35756,
36118,
36298,
36479,
36660,
37563,
37925,
38467,
38828,
40816,
41178,
41539,
41810,
42081,
42262,
42624,
42985,
43256,
43527,
43708,
44069,
44702,
45696,
45877,
46238,
46419,
46600,
46961,
47322,
47594,
47865,
48045,
48407,
48768,
49039,
49310,
49491,
49853,
50485,
51298,
51660,
52021,
52202,
52383,
53467,
53828,
54371,
54732,
55184,
55636,
58166,
59250,
59612,
60515,
60967,
61238,
62774,
63768,
63949,
65395,
65575,
65756,
65937,
66841,
68286,
69280,
71539,
72081,
72624,
74431,
75154,
75515,
75877,
77322,
77684,
77955,
78407,
78588,
79130,
79491,
79853,
80124,
80395,
80575,
81118,
81479,
81841,
82202,
82383,
82834,
83106,
83467,
83828,
84100,
84371,
85094,
85726,
85907,
86359,
86539,
87081,
87262,
87443,
88527,
88889,
89250,
89612,
89792,
89973,
90334,
90696,
90967,
91238,
91419,
91780,
92142,
92413,
92684,
92865,
93226,
93859,
94853,
95033,
95395,
95575,
95756,
96118,
96479,
96750,
97021,
97202,
97563,
97925,
98196,
98467,
98648,
99009,
99642,
100455,
100816,
101178,
101359,
101539,
102624,
102985,
103527,
103979,
104250,
104612,
106780,
107322,
108407,
108768,
109762,
110033,
110575,
111931,
112925,
113106,
114551,
114732,
114913,
115094,
115997,
116359,
117443,
118166,
118437,
120515,
121780,
122142,
122865,
123588,
123949,
124310,
124672,
125033,
125395,
126118,
126479,
129190,
130636,
132443,

2 Column Long Note Times:
3768,
4130,
5033,
6118,
6660,
7202,
8648,
9551,
10274,
12804,
27262,
28798,
29612,
30154,
31057,
32322,
32865,
33226,
33768,
34581,
36841,
39371,
39732,
40094,
44250,
44973,
45334,
50033,
50756,
52744,
55816,
56539,
57081,
57804,
58527,
60154,
61600,
62322,
63226,
67383,
67744,
68648,
69732,
70274,
70816,
72262,
73166,
73889,
76419,
78949,
84551,
84732,
87804,
87985,
88166,
93407,
94130,
94491,
99190,
99913,
101901,
104973,
105696,
106238,
106961,
107684,
109310,
110756,
111479,
112383,
116539,
116901,
117804,
118889,
119431,
119973,
120877,
121419,
122322,
123045,
125575,
127021,
131178,
131901,
132624,
133166,

2 Column Release Times:
3949,
4310,
5214,
6479,
6841,
7383,
8828,
9732,
10455,
12985,
27443,
29069,
29792,
30334,
31238,
32503,
33045,
33407,
33949,
34853,
37202,
39551,
39913,
40274,
44431,
45154,
45515,
50214,
50937,
53106,
55997,
56720,
57443,
57985,
58889,
60334,
61780,
62503,
63588,
67563,
67925,
68828,
70094,
70455,
70997,
72443,
73347,
74069,
76600,
79039,
84642,
84822,
87895,
88075,
88256,
93588,
94310,
94672,
99371,
100094,
102262,
105154,
105877,
106600,
107142,
108045,
109491,
110937,
111660,
112744,
116720,
117081,
117985,
119250,
119612,
120154,
121057,
121509,
122503,
123226,
125756,
127563,
131539,
132081,
132985,
133347,

3 Column Hit Times:
1057,
1238,
3226,
3588,
4310,
5395,
5756,
6118,
7563,
8286,
8557,
9371,
11178,
11449,
12624,
13347,
14792,
15154,
16600,
17232,
18226,
18768,
19310,
19491,
19672,
20033,
20214,
20575,
21841,
22202,
22563,
22744,
23106,
23648,
24009,
24190,
24551,
25094,
25455,
25636,
25907,
26901,
27262,
27443,
27804,
28889,
29069,
29250,
29792,
30154,
31238,
31419,
32865,
33407,
34310,
34672,
35214,
35395,
35756,
35937,
36118,
37202,
37473,
37834,
38648,
40816,
41178,
41810,
43256,
43708,
44069,
44431,
44702,
44973,
45154,
45515,
45831,
46238,
46419,
46600,
46961,
47594,
49039,
49491,
49853,
50214,
50485,
50756,
50937,
52112,
52292,
52744,
53106,
54009,
54822,
55094,
55455,
56720,
58075,
58527,
58889,
59973,
60334,
60606,
60877,
61419,
62503,
63407,
63859,
65395,
65575,
65756,
65937,
67925,
69009,
69371,
69732,
71178,
71901,
72172,
72985,
74792,
75063,
76238,
76961,
78045,
78407,
78768,
78949,
79310,
79491,
79943,
80214,
80756,
81298,
81660,
82021,
82383,
82744,
83015,
83286,
83648,
84190,
84551,
84913,
85274,
85726,
85907,
86178,
86720,
86901,
87759,
87985,
88166,
88618,
88798,
89069,
89250,
89431,
89612,
89973,
90334,
90967,
92413,
92865,
93226,
93588,
93859,
94130,
94310,
94672,
94943,
95395,
95575,
95756,
96118,
96750,
98196,
98467,
98648,
99009,
99371,
99642,
99913,
100094,
101268,
101449,
101901,
102262,
103166,
103889,
104341,
104792,
105877,
106238,
106419,
106600,
107232,
107684,
108045,
109130,
109491,
109672,
110124,
110395,
111660,
112563,
112744,
113015,
114551,
114732,
114913,
115094,
117081,
117443,
118166,
118527,
118889,
119612,
120154,
120425,
120606,
120877,
121057,
121780,
121961,
122142,
123226,
123949,
124220,
125395,
126118,
126479,
132081,
132804,

3 Column Long Note Times:
3949,
4853,
6479,
7021,
9732,
10094,
10636,
11901,
12985,
26539,
27985,
28527,
29431,
30334,
30877,
32142,
32503,
33045,
33588,
33949,
34853,
36479,
39371,
39732,
40094,
41359,
42081,
42443,
42804,
47142,
47865,
48226,
48588,
51298,
53467,
54371,
56178,
57262,
57624,
59250,
61961,
62865,
66841,
67563,
68467,
70094,
70636,
73347,
73708,
74250,
75515,
76600,
81841,
87081,
87262,
87443,
90515,
91238,
91600,
91961,
96298,
97021,
97383,
97744,
100455,
102624,
103527,
105334,
106780,
108407,
111118,
112021,
115274,
115997,
116720,
117624,
119250,
119792,
121328,
122503,
122865,
123407,
124672,
125756,
127202,
130816,
131539,
132262,
132985,

3 Column Release Times:
4130,
5033,
6660,
7202,
9913,
10274,
10816,
12262,
13166,
26720,
28166,
28798,
29612,
30515,
31057,
32322,
32684,
33226,
33768,
34130,
35033,
36841,
39551,
39913,
40274,
41539,
42262,
42624,
42985,
47322,
48045,
48407,
48768,
51660,
53828,
54551,
56359,
57443,
57985,
59612,
62142,
63226,
67202,
67744,
68648,
70274,
70816,
73527,
73889,
74431,
75877,
76780,
81931,
87172,
87353,
87533,
90696,
91419,
91780,
92142,
96479,
97202,
97563,
97925,
100816,
102985,
103708,
105515,
107142,
108768,
111298,
112383,
115636,
116359,
116901,
117804,
119431,
119973,
121419,
122684,
123045,
123588,
125033,
125937,
127563,
131178,
131901,
132624,
133347,

4 Column Hit Times:
335,
1419,
1600,
3949,
5033,
6479,
7202,
9009,
9732,
10094,
10455,
15154,
15515,
15877,
16057,
16419,
16600,
17142,
17322,
17684,
18045,
18768,
19130,
19672,
19853,
21298,
21660,
22021,
22473,
22744,
23467,
24732,
25274,
25636,
25997,
27081,
27443,
28889,
29612,
29973,
30334,
31057,
31419,
31690,
31961,
32142,
32503,
32865,
33226,
33768,
33949,
34310,
34491,
34672,
35033,
36479,
36750,
37021,
37744,
37925,
39190,
42985,
43708,
44069,
44431,
44973,
45154,
45515,
45786,
46419,
48768,
49491,
49853,
50214,
50756,
50937,
51298,
52112,
52292,
54551,
54913,
55274,
56720,
56901,
59792,
60154,
60696,
61057,
63045,
63497,
63949,
64310,
64491,
64672,
64853,
65033,
65214,
65756,
65937,
67202,
67563,
68648,
70094,
70816,
72624,
73347,
73708,
74069,
77865,
78768,
79943,
80575,
80937,
82021,
82744,
83015,
83828,
84551,
85636,
86359,
88618,
88798,
89612,
89792,
89973,
92142,
92865,
93226,
93588,
94130,
94310,
94672,
94853,
95033,
95575,
97925,
98467,
98648,
99009,
99371,
99913,
100094,
100455,
101268,
101539,
103708,
104069,
104431,
105877,
106057,
106419,
107322,
108949,
109310,
109853,
110214,
112202,
112383,
112654,
113106,
114551,
114732,
116359,
116720,
117804,
119250,
119973,
120334,
120696,
122142,
122503,
122865,
123226,
125033,
125756,
128467,
129190,
129913,
130636,
131359,
132081,

4 Column Long Note Times:
1961,
2322,
3226,
4310,
4672,
5395,
6841,
7563,
7925,
8286,
9371,
10816,
11178,
12443,
13166,
13527,
13889,
14431,
20575,
20937,
26359,
26720,
27804,
28166,
29250,
30696,
35395,
35756,
36118,
37202,
40816,
41178,
41539,
41901,
42262,
42624,
44612,
46057,
46600,
46961,
47322,
47684,
48045,
48407,
50395,
51660,
53106,
54009,
56178,
57443,
58889,
61961,
62503,
66479,
67925,
68286,
69009,
70455,
71178,
71539,
71901,
72985,
74431,
74792,
76057,
76780,
77142,
77503,
78045,
79130,
79310,
79491,
80214,
81298,
81479,
81660,
83286,
84190,
84371,
84913,
85094,
85274,
85997,
87804,
87985,
88166,
89069,
90334,
90696,
91057,
91419,
91780,
93768,
95214,
95756,
96118,
96479,
96841,
97202,
97563,
99551,
100816,
102262,
103166,
105334,
106600,
108045,
111118,
111660,
115636,
117081,
117443,
118166,
119612,
121238,
121780,
123588,
123949,
125214,
125937,
126298,
126660,
127383,
127925,
128648,
129371,
130094,

4 Column Release Times:
2142,
2865,
3588,
4491,
4853,
6118,
7021,
7744,
8106,
8648,
9551,
10997,
11901,
12624,
13347,
13708,
14069,
14792,
20756,
21118,
26539,
26901,
27985,
28527,
29431,
30877,
35575,
35937,
36298,
37563,
40997,
41359,
41720,
42081,
42443,
42804,
44792,
46238,
46780,
47142,
47503,
47865,
48226,
48588,
50575,
52021,
53828,
54371,
56359,
57985,
59612,
62142,
62865,
66841,
68106,
68467,
69732,
70636,
71359,
71720,
72262,
73166,
74612,
75515,
76238,
76961,
77322,
77684,
78226,
79220,
79401,
79581,
80395,
81389,
81569,
81750,
83467,
84280,
84461,
85003,
85184,
85365,
86178,
87895,
88075,
88256,
89250,
90515,
90877,
91238,
91600,
91961,
93949,
95395,
95937,
96298,
96660,
97021,
97383,
97744,
99732,
101178,
102985,
103527,
105515,
107142,
108768,
111298,
112021,
115997,
117262,
117624,
118889,
119792,
121600,
121961,
123768,
124672,
125395,
126118,
126479,
126841,
127563,
128286,
129009,
129732,
130455,

