Artist : hololive
Song Name : hololive song pack
Difficulty : 0
BPM : 166
Background Image : charts\hololive-hololive song pack\KING - Gawr Gura x Calliope Mori.png
Audio : charts\hololive-hololive song pack\KING - Gawr Gura x Calliope Mori.ogg

1 Column Hit Times:
2183,
5074,
5255,
5436,
5616,
5797,
6158,
6429,
6701,
6881,
7243,
7966,
8146,
8327,
8508,
8869,
9411,
9592,
9773,
10044,
10857,
11128,
11399,
11761,
12122,
12303,
12574,
12845,
13387,
13658,
13929,
14110,
14472,
15737,
15917,
16189,
17182,
17544,
17725,
18086,
18267,
18809,
19170,
19532,
19893,
20436,
20616,
21339,
21701,
22785,
22966,
23508,
23689,
24050,
24231,
24773,
25315,
25676,
26038,
26942,
27122,
27484,
28026,
28207,
28387,
28929,
29110,
29291,
29652,
29833,
30014,
30917,
31098,
31279,
31821,
32182,
32363,
32905,
33628,
34170,
34351,
34713,
34893,
35074,
35255,
35797,
35978,
36158,
36520,
36881,
37062,
37423,
37604,
37966,
38327,
38689,
38869,
39050,
39321,
39592,
39773,
43207,
43749,
43929,
44833,
45104,
45917,
46098,
46640,
46821,
47544,
47725,
47905,
48990,
49532,
50616,
51701,
52785,
53869,
54050,
54231,
55134,
55315,
55676,
56038,
56761,
56942,
57122,
57484,
57845,
58207,
58568,
58929,
59652,
59833,
60014,
61008,
61640,
61911,
62182,
62363,
62544,
62725,
64532,
64713,
64893,
65797,
68689,
68869,
69050,
69231,
69411,
69773,
69954,
70134,
70496,
70676,
70857,
71038,
71580,
71761,
71942,
72122,
72484,
73026,
73207,
73387,
73568,
73749,
73929,
74472,
74743,
74923,
75195,
75466,
75737,
75917,
76279,
76460,
77002,
77273,
77544,
77725,
78086,
78267,
79351,
79532,
79713,
79893,
80074,
80255,
80436,
80616,
81249,
81520,
81791,
81972,
82243,
82423,
82604,
83508,
84231,
84592,
84954,
85134,
85315,
85496,
86399,
86942,
87122,
87574,
87755,
88026,
88568,
88749,
88929,
89291,
90375,
90737,
90917,
91098,
91279,
92182,
92363,
93267,
93448,
93628,
93809,
93990,
94261,
94532,
95074,
95255,
96158,
96339,
96520,
96701,
96881,
97062,
97243,
97423,
98327,
98508,
98689,
98869,
99231,
99592,
99773,
100134,
100857,
101038,
103026,
103207,
103387,
104291,
104472,
104833,
105195,
105737,
105917,
106098,
106279,
106640,
107002,
107363,
107725,
108086,
108809,
108990,
109170,
110164,
110797,
111068,
111339,
111520,
111881,
113508,
113689,
113869,
114050,
114954,
117845,
118026,
118207,
118568,
119472,
119652,
120014,
122544,
122725,
122905,
124351,
125255,
125978,
126158,
126339,
126701,
127062,
127423,
127785,
127966,
128327,
128689,
129050,
129411,
131038,
131761,
132484,

1 Column Long Note Times:
3448,
7604,
9050,
10496,
13026,
14833,
15195,
16460,
30375,
32544,
32725,
33267,
33809,
40676,
41219,
41580,
41942,
42303,
43387,
44110,
44472,
45375,
46279,
47002,
47363,
48086,
49170,
49893,
50255,
51158,
52062,
52333,
52604,
53146,
54592,
59291,
60375,
61279,
62905,
63448,
63809,
64170,
65074,
66158,
67243,
67423,
67604,
67785,
68327,
71219,
72664,
74110,
76640,
78448,
78809,
80797,
83146,
83869,
85676,
86580,
89652,
89833,
90014,
91821,
92544,
92815,
93086,
95436,
95707,
95978,
97604,
97966,
100315,
101219,
101490,
101761,
101942,
102664,
103749,
108448,
109532,
110436,
112062,
112604,
112966,
113327,
114231,
116219,
118749,
120375,
120737,
121279,
121460,
121821,
122182,
123267,
123990,
124713,
125616,
129773,
130496,
131219,
131942,
132845,
133387,
134110,
135014,

1 Column Release Times:
3628,
7785,
9231,
10676,
13207,
15014,
15556,
16640,
30646,
32634,
32815,
33448,
33899,
40767,
41264,
41625,
41987,
42664,
43478,
44201,
44562,
45466,
46369,
47092,
47454,
48176,
49261,
49984,
50345,
51249,
52152,
52423,
52695,
53508,
54954,
59472,
60737,
61460,
63267,
63538,
63899,
64261,
65436,
66249,
67288,
67469,
67649,
67830,
68508,
71399,
72845,
74291,
76821,
78628,
79170,
80978,
83327,
84050,
86038,
86761,
89743,
89923,
90104,
91911,
92634,
92905,
93176,
95526,
95797,
96068,
97695,
98056,
100405,
101309,
101580,
101851,
102122,
102936,
104110,
108628,
109893,
110616,
112423,
112695,
113056,
113417,
114592,
116309,
118839,
120646,
121098,
121369,
121550,
121911,
122273,
123628,
124170,
124893,
125797,
130134,
130857,
131580,
132303,
133026,
133749,
134472,
135195,

2 Column Hit Times:
3809,
4170,
5074,
5345,
5616,
5978,
6881,
7062,
7243,
7423,
7604,
7875,
8237,
8508,
8689,
8869,
9050,
9321,
9682,
10676,
10857,
11038,
11580,
12303,
13116,
13297,
13568,
13749,
13929,
14472,
14652,
14833,
15104,
15375,
15556,
15827,
16098,
16279,
16640,
17002,
17363,
17905,
18357,
18628,
18990,
19532,
19893,
20074,
20255,
20526,
20797,
21158,
21701,
22062,
22423,
22875,
23056,
23869,
24411,
24592,
24954,
25676,
26038,
26399,
26942,
27664,
28026,
28207,
28568,
28749,
29110,
29472,
29652,
29923,
30195,
30375,
31098,
31460,
31640,
31821,
32002,
32363,
32725,
32905,
33086,
33628,
33990,
34351,
34532,
34893,
35074,
35797,
36158,
36339,
36520,
37152,
37423,
37966,
38146,
38327,
38508,
38689,
38960,
39231,
39411,
39682,
44652,
47604,
48809,
49713,
51881,
52785,
53146,
53508,
53929,
54140,
54411,
54954,
55225,
55857,
56128,
56399,
56580,
56761,
56942,
57122,
57393,
58568,
58749,
60014,
60737,
61098,
61460,
61640,
62002,
62905,
63176,
64442,
64622,
65074,
68689,
68960,
69231,
69592,
70496,
70767,
71038,
71219,
71490,
71851,
72122,
72303,
72484,
72664,
72936,
73387,
73568,
74381,
74652,
75195,
75375,
75917,
76098,
76731,
76911,
77182,
77363,
77544,
78176,
78357,
78719,
78990,
79170,
79442,
79803,
80255,
80978,
81158,
81791,
81972,
82423,
82604,
82785,
83146,
83689,
83869,
84411,
84682,
84863,
85134,
85315,
85496,
86038,
86219,
87484,
87845,
88207,
88387,
88568,
88839,
89110,
90285,
90466,
90646,
91098,
91279,
91460,
91640,
91821,
92182,
92363,
93990,
94261,
94532,
96158,
96339,
96821,
96972,
97243,
97423,
98146,
98327,
98508,
98689,
98869,
99773,
100496,
103086,
103297,
103568,
104110,
104381,
105014,
105285,
105556,
105917,
106098,
106279,
106550,
107725,
107905,
109170,
109893,
110255,
110616,
110797,
111158,
111610,
112062,
112333,
113598,
113779,
114231,
117845,
118116,
118387,
118929,
119833,
120014,
120195,
120375,
120646,
122454,
122815,
123176,
123628,
126068,
128146,
128508,
128869,
129231,
129411,
130315,
132845,

2 Column Long Note Times:
3267,
4713,
6158,
6520,
6701,
10134,
11219,
11942,
12664,
12845,
14110,
30646,
33267,
35436,
35616,
36701,
40496,
41038,
42664,
43026,
43387,
43658,
44110,
44472,
45104,
45375,
46279,
46550,
47002,
47363,
48086,
48267,
49170,
49442,
49893,
50255,
50887,
51158,
52062,
52333,
52604,
54592,
55496,
57664,
58026,
58387,
59110,
59472,
60375,
63448,
63809,
64170,
65436,
66339,
66881,
67243,
67423,
67966,
69773,
70134,
70315,
73749,
74833,
75556,
76279,
76460,
77725,
80616,
81339,
83327,
84050,
86399,
86761,
87122,
89472,
89652,
89833,
90014,
92544,
92815,
93086,
93267,
93628,
94713,
95074,
95436,
95707,
95978,
96520,
97604,
97966,
99050,
99411,
100044,
100315,
100857,
101219,
101490,
101761,
101942,
102303,
102664,
103749,
104652,
106821,
107182,
107544,
108267,
108628,
109532,
112604,
112966,
113327,
114592,
115676,
116038,
116399,
116580,
116761,
116942,
118568,
119110,
119652,
121098,
121279,
121640,
121821,
122002,
122182,
124170,
124532,
124893,
125436,
125797,
126339,
129954,
130676,
131038,
131761,
132303,
133207,
133749,
134291,
134833,

2 Column Release Times:
3402,
4893,
6339,
6610,
6791,
10496,
11399,
12122,
12755,
12936,
14291,
30917,
33448,
35526,
35707,
36881,
40586,
41128,
42755,
43116,
43478,
43749,
44201,
44562,
45195,
45466,
46369,
46640,
47092,
47454,
48176,
48357,
49261,
49532,
49984,
50345,
50978,
51249,
52152,
52423,
52695,
54773,
55676,
57710,
58071,
58432,
59291,
59652,
60556,
63538,
63899,
64261,
65797,
66429,
66972,
67288,
67469,
68327,
69954,
70225,
70405,
74110,
75014,
75737,
76369,
76550,
77905,
80797,
81520,
83508,
84231,
86580,
86851,
87303,
89562,
89743,
89923,
90104,
92634,
92905,
93176,
93357,
93719,
94803,
95164,
95526,
95797,
96068,
96610,
97695,
98056,
99140,
99502,
100134,
100405,
100948,
101309,
101580,
101851,
102213,
102574,
102936,
103929,
104833,
106866,
107228,
107589,
108448,
108809,
109713,
112695,
113056,
113417,
114954,
115767,
116128,
116445,
116625,
116806,
116987,
118658,
119381,
119743,
121189,
121369,
121731,
121911,
122092,
122273,
124351,
124713,
125255,
125616,
125978,
127966,
130134,
130857,
131219,
131942,
132664,
133387,
134110,
134472,
135195,

3 Column Hit Times:
3628,
3990,
5255,
5436,
6158,
6520,
7333,
7514,
7785,
8327,
9231,
9411,
10405,
10767,
11038,
11219,
11399,
11580,
11761,
11942,
12213,
12484,
12664,
13026,
13207,
13749,
14020,
14291,
14833,
15195,
15466,
15737,
16640,
17002,
17363,
17905,
18448,
19080,
19803,
20616,
20978,
21339,
21520,
22243,
23146,
23689,
24050,
24502,
24954,
25315,
25586,
25857,
26219,
26580,
26761,
27122,
27393,
27845,
28207,
28568,
28929,
29291,
30014,
30195,
30375,
30737,
31279,
31460,
31640,
31821,
32182,
32544,
32815,
33990,
34170,
34532,
34713,
35074,
35436,
35616,
36881,
37243,
37604,
37875,
38146,
38327,
38598,
39050,
39231,
39411,
39592,
39773,
44472,
47182,
47664,
47905,
49170,
50255,
50436,
51158,
52243,
52604,
53508,
53990,
54231,
54502,
54954,
55676,
55857,
56219,
56399,
56580,
57032,
57303,
57484,
59291,
59472,
60195,
60375,
60737,
60917,
61460,
61640,
61821,
62182,
62363,
62815,
63086,
63267,
64351,
64713,
64893,
65074,
65436,
68869,
69050,
69773,
70134,
70315,
70857,
71128,
71399,
71942,
72845,
73026,
73207,
74110,
74291,
74472,
74652,
74833,
75104,
75375,
75556,
75827,
76008,
76189,
76640,
76821,
77363,
77634,
77905,
78448,
78809,
79080,
79351,
80074,
80797,
80978,
81520,
81701,
82062,
82243,
82423,
82785,
82966,
83327,
84050,
84592,
84954,
85315,
86038,
86580,
87303,
87484,
87845,
88026,
88207,
88568,
88749,
89833,
90195,
90466,
90646,
91098,
91279,
91460,
91640,
91821,
92544,
92725,
92905,
93086,
95436,
95616,
95797,
95978,
96761,
96881,
97062,
97243,
97423,
97604,
97966,
98146,
100315,
101219,
101399,
101580,
101761,
103146,
103387,
103658,
104110,
104833,
105014,
105375,
105556,
105827,
106189,
106460,
106640,
108448,
108628,
109351,
109532,
109893,
110074,
110616,
110797,
110978,
111339,
111520,
111701,
111972,
112243,
112423,
113508,
113869,
114050,
114231,
114592,
117845,
118207,
120285,
120556,
120737,
122363,
122544,
122905,
123086,
123990,
124713,
126520,
126881,
127243,
127604,
129954,
130676,
133568,

3 Column Long Note Times:
2544,
2725,
3086,
4351,
5797,
6881,
7062,
7966,
8689,
9773,
13387,
14472,
15917,
30917,
33267,
33538,
35797,
35978,
36429,
40315,
40857,
41219,
41580,
41942,
42664,
43026,
43658,
43929,
44833,
45104,
45556,
45917,
46550,
46821,
48448,
48809,
49442,
49713,
50616,
50887,
51339,
51701,
52785,
55315,
57664,
58026,
58387,
58929,
59652,
61098,
63448,
63809,
64170,
65797,
66520,
67062,
67604,
67785,
68508,
69411,
70496,
70676,
71580,
72303,
73387,
77002,
78086,
79532,
80436,
81158,
83508,
84231,
86219,
86761,
86942,
88929,
89110,
89291,
89472,
92182,
93267,
93628,
93990,
94261,
94532,
94713,
95074,
96158,
96520,
98327,
98598,
98869,
99050,
99411,
99773,
100044,
100496,
100857,
101942,
102303,
102664,
104472,
106821,
107182,
107544,
108086,
108809,
110255,
112604,
112966,
113327,
114954,
115496,
115857,
116399,
116580,
116761,
116942,
118387,
118929,
119472,
119833,
121098,
121460,
121821,
122002,
123267,
124351,
124893,
127966,
130315,
131399,
132122,
132484,
133026,
133929,
134652,

3 Column Release Times:
2589,
2770,
3176,
5074,
5978,
6972,
7152,
8146,
8869,
10134,
13568,
14652,
16279,
31098,
33448,
33719,
35887,
36068,
36701,
40405,
40948,
41264,
41625,
41987,
42755,
43116,
43749,
44020,
44923,
45195,
45646,
46008,
46640,
46911,
48538,
48899,
49532,
49803,
50707,
50978,
51429,
51791,
53146,
55496,
57755,
58116,
58478,
59110,
60014,
61279,
63493,
63854,
64216,
66158,
66610,
67152,
67649,
67830,
68689,
69592,
70586,
70767,
71761,
72484,
73749,
77182,
78267,
79893,
80616,
81339,
83689,
84411,
86399,
86851,
87122,
89020,
89201,
89381,
89562,
92273,
93357,
93719,
94080,
94351,
94622,
94803,
95164,
96249,
96610,
98417,
98689,
98960,
99140,
99502,
99863,
100134,
100586,
100948,
102213,
102574,
102845,
104652,
106911,
107273,
107634,
108267,
109170,
110436,
112649,
113011,
113372,
115315,
115586,
115948,
116445,
116625,
116806,
116987,
118478,
119020,
119562,
119923,
121189,
121550,
121911,
122092,
123628,
124532,
126339,
129411,
130496,
131580,
132303,
132664,
133387,
134110,
134833,

4 Column Hit Times:
5797,
5978,
6339,
6520,
6791,
7604,
7785,
7966,
8146,
8689,
9050,
9954,
10134,
10315,
10496,
11219,
11942,
12664,
13026,
13387,
14110,
14291,
14652,
15014,
15195,
15375,
16098,
16821,
17273,
18448,
18809,
19170,
19713,
20074,
20255,
20797,
21158,
21429,
21610,
22062,
22423,
22604,
23146,
23508,
24231,
24592,
25134,
25496,
25857,
26399,
26580,
27303,
27484,
27664,
27845,
28116,
28387,
28568,
28749,
28929,
29291,
29472,
30556,
30737,
31098,
31460,
32002,
32182,
32544,
33809,
33990,
34351,
34713,
35255,
35436,
35707,
36701,
36881,
37243,
37604,
37785,
37966,
38146,
38508,
38689,
38869,
39050,
39411,
39773,
43026,
43387,
43568,
44110,
44291,
45375,
46279,
46460,
47002,
47363,
47544,
47725,
49351,
49893,
50074,
50887,
52062,
52423,
52695,
53146,
54050,
54231,
54592,
54954,
55857,
56038,
56219,
59110,
59291,
59562,
60014,
60285,
60737,
61821,
62002,
62544,
62725,
62905,
63267,
63628,
63990,
64351,
64984,
65436,
65797,
69411,
69592,
70044,
70225,
70405,
70586,
71219,
71399,
71580,
71761,
72303,
72664,
73749,
73929,
74110,
74291,
74833,
75014,
75556,
76279,
76640,
77002,
77725,
77905,
78086,
78448,
78628,
78809,
78990,
79713,
79893,
80616,
81339,
81701,
82785,
82966,
83146,
83508,
84140,
84411,
84682,
84863,
85134,
86399,
87032,
87303,
87574,
87755,
88207,
88387,
89652,
90014,
90375,
90737,
90917,
91460,
91640,
92544,
92725,
92905,
93086,
94713,
95074,
95255,
95436,
95616,
95797,
95978,
96520,
96701,
96881,
97062,
97243,
97423,
97966,
99050,
99411,
100134,
100315,
100857,
101038,
101219,
101399,
101580,
101761,
103026,
103207,
103387,
103749,
104110,
105014,
105195,
105375,
105737,
108267,
108448,
108719,
109170,
109442,
109893,
110978,
111158,
111701,
111881,
112062,
112423,
112785,
113146,
113508,
113869,
114140,
114592,
114954,
117845,
118568,
118749,
118929,
119652,
120375,
120737,
122544,
125616,
126158,
126339,
126701,
127062,
127423,
127785,
127966,
128327,
128689,
129050,
129411,
131399,
132122,
133207,

4 Column Long Note Times:
2905,
5074,
5436,
7243,
8327,
9411,
10857,
11580,
12303,
12484,
13749,
15556,
16279,
29652,
29833,
30014,
30195,
32905,
33086,
33538,
36158,
40134,
41219,
41580,
41942,
42303,
43929,
44833,
45556,
45917,
46821,
48086,
48267,
48448,
48809,
49713,
50616,
51339,
51701,
53508,
55315,
57122,
57664,
58026,
58387,
58749,
61098,
66701,
67243,
67423,
67604,
67785,
68689,
69050,
70857,
71942,
73026,
74472,
75195,
75917,
76098,
77363,
79170,
80255,
80978,
82062,
83689,
86038,
86761,
88929,
89110,
89291,
91821,
92182,
93990,
94261,
94532,
96158,
98327,
98598,
98869,
99773,
100496,
102303,
104472,
106279,
106821,
107182,
107544,
107905,
110255,
115315,
116399,
116580,
116761,
116942,
118207,
119110,
120014,
121098,
121460,
121640,
122182,
122905,
123628,
125255,
125797,
130134,
130857,
131580,
132664,
133568,
134472,

4 Column Release Times:
2951,
5255,
5616,
7423,
8508,
9773,
11038,
11761,
12393,
12574,
13929,
15917,
16640,
29743,
29923,
30104,
30285,
32996,
33176,
33719,
36429,
40225,
41264,
41625,
41987,
42664,
44020,
44923,
45646,
46008,
46911,
48176,
48357,
48538,
48899,
49803,
50707,
51429,
51791,
53869,
55676,
57484,
57755,
58116,
58478,
58929,
61460,
66791,
67288,
67469,
67649,
67830,
68869,
69231,
71038,
72122,
73387,
74652,
75375,
76008,
76189,
77544,
79532,
80436,
81158,
82423,
83869,
86219,
86942,
89020,
89201,
89381,
91911,
92273,
94080,
94351,
94622,
96249,
98417,
98689,
98960,
99863,
100586,
102484,
104833,
106640,
106911,
107273,
107634,
108086,
110616,
115405,
116445,
116625,
116806,
116987,
118297,
119381,
120285,
121189,
121550,
121731,
122273,
123267,
124893,
125436,
125978,
130496,
131219,
131942,
133026,
133749,
134833,

