Artist : hololive
Song Name : hololive song pack
Difficulty : 0
BPM : 190
Background Image : charts\hololive-hololive song pack\Kiseki Musubi - hololive 4th Gen.png
Audio : charts\hololive-hololive song pack\Kiseki Musubi - hololive 4th Gen.ogg

1 Column Hit Times:
725,
1041,
1672,
2304,
2777,
3409,
3725,
4041,
4830,
5146,
5620,
6041,
6251,
7198,
9409,
10672,
11935,
12251,
12567,
13198,
13620,
13830,
14146,
16988,
18725,
19830,
20146,
20620,
21093,
21409,
22041,
22198,
22672,
23146,
23304,
23620,
24093,
24567,
24804,
24962,
25120,
25277,
25514,
25830,
26462,
26777,
27093,
27567,
27883,
28041,
28198,
28672,
29304,
29777,
29935,
30251,
30725,
31198,
31514,
31830,
31988,
32777,
32935,
34041,
34356,
34672,
34830,
35146,
35620,
35935,
36251,
36567,
36883,
37672,
38146,
38462,
39251,
39725,
40198,
40514,
40672,
40909,
41304,
41777,
42093,
42409,
42725,
43041,
43514,
43830,
44620,
44935,
45409,
45725,
46672,
46988,
47304,
47620,
47935,
48567,
48883,
49672,
50146,
50383,
50620,
50935,
52041,
52198,
53146,
53935,
54251,
54567,
55672,
57883,
58672,
58988,
59462,
59777,
59935,
60251,
60725,
61198,
61514,
61672,
62146,
62462,
63725,
64514,
64988,
66093,
66251,
67198,
67356,
67672,
67988,
68225,
68541,
68777,
69093,
69251,
69567,
69883,
70198,
70988,
71304,
71777,
72251,
72567,
73198,
73672,
73988,
75093,
75883,
76356,
77146,
77462,
77620,
77935,
78251,
78646,
78804,
79830,
80146,
80462,
81409,
81567,
81883,
82356,
83462,
84093,
84409,
84725,
85041,
85988,
86462,
86777,
86935,
87251,
88672,
88988,
89304,
89620,
89935,
90251,
90567,
90883,
91198,
91356,
91514,
91751,
92067,
92383,
92698,
92856,
93172,
93488,
93804,
94041,
94356,
94988,
95146,
95620,
96251,
96409,
96725,
97356,
97988,
98146,
98462,
98620,
99093,
99409,
99725,
100356,
100830,
101462,
101620,
102251,
102725,
102883,
103356,
103672,
103988,
104146,
105093,
105567,
105883,
106356,
106514,
107146,
107935,
108093,
108251,
108725,
109120,
109830,
110146,
110777,
111093,
111567,
111725,
112198,
112356,
112988,
113462,
113620,
114093,
114251,
114409,
114883,
115198,
115830,
116304,
116620,
117014,
117251,
118356,
118830,
119304,
119777,
120567,
121041,
121672,
123567,
124198,
124356,
124988,
125146,
125620,
125935,
126093,
127198,
127514,
127672,
127988,
129409,
129567,
130041,
130356,
130514,
130830,
130988,
131935,
132251,
132567,
132725,
133041,
133672,
134146,
134935,
135409,
135725,
136672,
136909,
137777,
138251,
139041,
139514,
140146,
140462,
140620,
140935,
141251,
141409,
141725,
142041,
142356,
142514,
142830,
143304,
143777,
144093,
144251,
144567,
145041,
145514,
146462,
146935,
147251,
148356,
149620,
150409,
150725,
151041,
151198,
151672,
151830,
151988,
152146,
152777,
153251,
153567,
154672,
154988,
155462,
156251,
156409,
156725,
157041,
157198,
158620,
158935,
159251,
159409,
159567,
161620,
161935,
164304,
164777,
165093,
165409,
165725,
166041,
166356,
166672,
167146,
167777,
168093,
168409,
169830,
170146,
170462,
170777,
171093,
172356,
172672,
173304,
174093,
174567,
174725,
175198,
175356,
175672,
175988,
176462,
177093,
177409,
177567,
177725,
177883,
178672,
179935,
180725,
181988,
182462,
183093,
183251,
183409,
184988,
185304,
185514,
187198,
188777,
189198,
189409,
190041,
191304,
192883,
193093,
194777,
195514,
195725,
196198,
198041,
198251,
199198,
199409,
200146,
200462,
200672,
201093,
201409,
202356,
212777,
213567,
214041,
214514,
215146,
215304,
215935,
216093,
216251,
216725,
217041,
217514,
218146,
218620,
218935,
219093,
219409,
220041,
220356,
220830,
221304,
222409,
222725,
222883,
224146,
224935,
225409,
226198,
226988,
227304,
227620,
227935,
228725,
229198,
229514,
230462,
230620,
230935,
231409,
232514,
233146,
233462,
233777,
234093,
234409,
235198,
235830,
236462,
237725,
238198,
238514,
238988,
239304,
239620,
239935,
240172,
240409,
240567,
240725,
241198,
241514,
241751,
242146,
242462,
242698,
242935,
243093,
243409,
243725,
243883,
244198,
244356,
244672,
244988,
245304,
245462,
245620,
245777,
246251,
246567,
246725,
246883,
247041,
247198,
247356,
247514,
247672,
247830,

1 Column Long Note Times:
4356,
6725,
7514,
8146,
8777,
9725,
11620,
14462,
17777,
18093,
19198,
21725,
23777,
24251,
33409,
46041,
49198,
51409,
52672,
53462,
55041,
55988,
56777,
58041,
63093,
64041,
64672,
65620,
65777,
66567,
72725,
74462,
74620,
75409,
75567,
76041,
76672,
76830,
79198,
80777,
82514,
83146,
83620,
85356,
87725,
97041,
97514,
107304,
120251,
122146,
123093,
126725,
128777,
131304,
136356,
137304,
137935,
138567,
139198,
139830,
145988,
147725,
148672,
149304,
149935,
152462,
154041,
155777,
157514,
157988,
159883,
160198,
160672,
160988,
171567,
176620,
180251,
181041,
201725,
202672,
203304,
203777,
207725,
208988,
209620,
211514,
212146,
212462,
213093,
213251,
213725,
214672,
215620,
221777,
223514,
224462,
224620,
225093,
225725,
225883,
226514,
228251,
229830,
231567,
232198,
232672,
234725,
235514,
236146,
236777,
247988,
248462,
254462,

1 Column Release Times:
4435,
7041,
7830,
8620,
9093,
9883,
11777,
15409,
17935,
18251,
19356,
21883,
23935,
24409,
33883,
46356,
49514,
51567,
52830,
53620,
55356,
56146,
57251,
58514,
63251,
64198,
64830,
65698,
65856,
66725,
73041,
74541,
74698,
75488,
75646,
76198,
76751,
76909,
79356,
81093,
82672,
83304,
83935,
85672,
88514,
97198,
97672,
107777,
120409,
122304,
123251,
126883,
129093,
131777,
136514,
137462,
138093,
138725,
139356,
139988,
146304,
147883,
148830,
149462,
150093,
152620,
154356,
155935,
157672,
158304,
160041,
160356,
160830,
161462,
171883,
176935,
180409,
181356,
202041,
203146,
203620,
205198,
208909,
209541,
210172,
212067,
212383,
212698,
213172,
213330,
213883,
214830,
215698,
222093,
223672,
224541,
224698,
225251,
225804,
225962,
226672,
228409,
230146,
231725,
232356,
232988,
235041,
235672,
236304,
237567,
248146,
254304,
254620,

2 Column Hit Times:
1514,
2935,
3883,
4988,
5462,
5620,
7409,
7830,
9409,
12462,
13830,
17462,
18251,
19909,
20304,
21883,
22356,
22830,
22988,
23462,
24409,
24567,
24725,
25041,
25514,
25830,
26146,
26935,
27251,
27409,
27883,
28356,
28988,
29462,
29777,
30093,
30409,
30725,
30883,
31198,
32304,
32462,
33093,
33409,
33883,
34514,
34751,
34988,
35698,
35935,
36725,
37041,
37356,
37514,
37988,
38146,
38777,
39093,
39409,
39883,
40041,
40356,
40830,
41304,
41620,
41935,
42409,
43041,
43356,
43672,
43988,
44620,
45093,
45725,
46514,
46830,
47146,
47620,
48409,
49041,
49356,
51093,
51251,
51725,
51883,
52672,
52988,
53304,
53620,
53856,
54093,
54409,
55041,
55356,
57962,
58672,
58909,
59146,
59620,
60093,
60409,
60883,
61198,
61830,
61988,
62304,
63567,
64830,
66172,
66409,
66883,
67041,
67514,
67830,
68146,
68383,
68698,
68935,
69093,
69409,
69883,
70356,
70672,
70830,
71620,
72725,
73514,
73751,
75014,
76277,
77777,
77935,
78093,
78567,
78883,
79041,
79514,
79672,
80304,
80620,
80935,
81251,
81409,
81725,
82514,
82830,
83304,
83777,
83935,
85356,
85672,
86146,
86304,
86462,
86620,
86777,
87093,
87409,
87725,
88514,
88672,
88988,
89146,
89462,
89777,
90093,
90409,
90725,
91041,
91356,
91593,
91909,
92225,
92541,
93014,
93330,
93646,
93962,
94672,
95304,
95935,
96093,
96567,
97198,
98304,
98462,
98620,
99409,
100041,
100198,
100514,
100830,
100988,
101304,
101462,
101935,
102567,
103041,
103198,
103830,
104462,
104777,
105251,
105883,
106198,
106514,
107620,
107777,
108014,
108409,
108725,
109041,
109198,
109514,
109672,
110146,
110304,
110620,
110935,
111251,
111567,
112041,
112514,
112830,
113146,
113304,
113935,
114172,
114567,
114883,
115198,
115514,
115672,
116304,
116462,
116777,
116935,
117567,
117883,
118198,
118514,
118988,
119146,
119935,
120409,
121830,
122777,
123093,
123409,
123725,
124356,
124672,
124988,
125304,
125462,
126251,
126567,
126883,
127435,
127830,
129093,
129725,
129962,
130198,
130356,
131935,
132172,
132409,
133041,
133198,
133514,
133830,
134304,
134462,
134777,
136988,
138172,
139435,
140304,
140935,
141251,
141567,
141883,
142041,
142356,
142672,
142988,
143304,
143620,
144409,
144725,
144883,
145198,
145514,
145830,
146146,
146304,
146620,
146935,
147093,
147883,
148277,
148830,
149462,
149620,
150093,
151120,
151356,
151672,
152146,
152462,
152935,
153883,
154830,
155620,
155935,
157672,
157988,
158304,
159725,
159883,
160198,
160514,
161620,
162251,
162883,
163514,
164146,
164462,
165093,
165725,
166356,
166988,
167304,
167935,
168567,
169198,
169514,
170146,
170777,
171251,
171409,
172041,
172356,
172988,
173146,
173462,
174093,
174567,
174725,
174883,
175277,
175672,
175988,
176304,
176620,
176935,
177251,
178041,
178198,
178672,
179304,
179620,
179777,
180251,
181041,
181356,
182146,
182304,
182462,
182777,
182935,
183093,
183409,
186251,
186672,
186883,
187356,
187830,
188041,
188620,
190356,
190567,
190988,
191725,
191935,
192409,
192988,
193198,
193672,
195093,
195409,
195620,
197304,
198567,
198883,
199830,
201830,
202041,
212777,
212935,
213883,
214041,
215225,
215462,
216409,
216804,
217041,
217198,
217514,
218146,
218462,
218620,
218935,
219251,
219725,
219883,
220356,
220672,
221462,
221777,
222567,
222804,
223672,
224067,
225330,
226830,
226988,
227146,
227777,
227935,
228093,
228567,
228883,
229356,
229672,
229988,
230304,
230462,
230777,
231567,
231883,
232356,
232830,
232988,
233304,
234725,
235041,
235356,
235514,
235672,
236146,
236777,
237409,
238041,
238356,
238593,
238830,
239304,
239462,
239856,
240093,
240567,
240883,
241041,
241514,
241830,
241988,
242383,
242620,
243093,
243567,
243725,
244041,
244277,
244514,
244830,
244988,
245462,
245620,
245935,
246093,
246409,
246567,
246883,
247041,
247198,
247356,
247514,
247672,
247830,
254304,

2 Column Long Note Times:
1830,
5935,
6567,
9093,
10041,
10672,
11146,
11777,
12883,
15409,
15725,
19514,
20777,
21409,
24093,
35146,
47935,
50462,
52356,
55830,
56146,
56777,
57409,
62620,
62935,
63251,
64356,
65304,
65462,
65935,
71777,
73041,
74146,
74304,
74777,
75725,
76988,
77304,
79988,
82041,
84251,
84725,
96883,
97356,
97672,
119620,
121198,
121514,
122462,
124041,
128146,
128777,
130672,
131304,
134935,
135883,
136514,
137620,
138883,
147409,
148041,
148988,
150251,
150567,
153093,
153567,
154356,
155304,
156409,
156883,
158620,
160830,
180567,
183567,
200462,
201409,
203620,
207093,
207725,
209620,
210251,
212146,
212462,
213409,
214356,
214988,
215777,
220830,
222093,
223198,
223356,
223830,
224777,
226041,
226356,
229041,
231093,
233462,
234093,
235830,
236462,
247988,
254462,

2 Column Release Times:
1909,
6251,
6725,
9251,
10198,
10988,
11462,
12251,
13198,
15567,
16988,
19830,
21093,
21567,
24251,
35462,
48251,
50777,
52514,
55988,
56620,
57251,
57883,
62777,
63093,
63409,
64514,
65383,
65541,
66093,
72251,
73356,
74225,
74383,
74935,
75883,
77146,
77462,
80146,
82198,
84409,
85041,
97041,
97514,
97988,
119777,
121356,
121672,
122620,
124198,
128620,
129014,
131146,
131777,
135567,
136041,
136672,
137777,
139041,
147567,
148198,
149146,
150409,
150725,
153251,
153725,
154672,
155462,
156567,
157198,
158935,
160988,
180725,
184988,
200777,
201725,
203777,
207646,
208909,
210172,
211435,
212383,
212698,
213567,
214514,
215146,
215856,
221146,
222409,
223277,
223435,
223988,
224935,
226198,
226514,
229198,
231251,
233777,
234409,
235988,
236620,
248146,
254620,

3 Column Hit Times:
883,
1356,
2462,
3567,
4198,
4672,
5304,
5620,
6146,
6567,
12356,
13514,
13725,
16988,
18251,
18567,
19988,
20146,
20462,
20777,
22041,
22514,
22672,
23935,
24883,
25198,
25356,
25672,
25830,
26462,
27725,
28041,
28672,
29304,
29620,
30567,
31514,
31988,
32304,
32620,
32935,
33251,
33725,
34514,
34830,
34988,
35462,
35777,
35935,
36251,
36567,
36883,
37198,
37672,
37988,
38304,
38462,
38935,
39409,
39567,
40041,
40198,
40672,
40988,
41620,
42093,
42251,
42883,
43198,
43356,
43514,
43751,
43988,
44304,
45014,
45251,
45567,
46041,
46356,
46593,
46988,
47856,
48251,
49120,
49514,
49830,
50146,
50462,
50777,
51093,
51409,
52514,
53462,
53777,
54251,
54725,
55830,
58672,
58988,
59304,
59935,
60251,
60567,
61041,
61514,
63093,
63409,
63646,
63883,
64909,
65146,
66725,
67198,
67356,
67988,
68304,
68462,
68620,
68777,
69014,
69567,
70041,
70356,
70514,
70988,
71304,
71935,
72251,
72409,
72883,
73041,
73356,
73672,
73830,
74935,
76356,
76514,
77856,
78409,
78725,
78883,
79198,
79356,
81093,
81409,
82041,
83146,
83620,
83935,
84251,
85672,
85988,
86462,
86698,
86935,
87409,
87567,
87725,
88672,
89067,
89383,
89698,
90014,
90488,
90804,
91120,
91435,
91672,
91988,
92304,
92620,
92935,
93251,
93567,
93725,
93883,
94041,
94356,
94514,
94988,
95620,
95777,
96251,
96567,
97041,
97672,
97988,
98146,
98462,
98620,
99093,
99725,
100672,
101146,
101304,
102251,
102725,
103356,
103514,
103988,
104146,
104777,
105093,
105567,
105725,
106041,
106356,
106672,
106988,
107146,
107777,
107935,
108093,
108251,
108962,
109198,
109356,
109988,
110304,
110620,
111251,
111409,
111883,
112356,
112672,
113304,
113620,
114093,
115041,
115356,
115988,
116146,
116620,
116777,
117093,
117251,
118277,
118672,
118988,
119304,
120251,
120488,
120883,
121198,
121751,
122304,
123014,
124277,
125620,
125777,
126725,
126883,
127198,
127514,
127672,
127988,
129093,
129409,
129567,
129883,
131304,
131620,
131777,
131935,
132251,
132725,
133514,
134146,
134620,
135093,
135251,
135567,
136356,
136988,
138251,
139830,
140146,
140462,
140620,
141093,
141409,
141646,
141804,
142041,
142198,
142988,
143146,
143620,
143935,
144251,
145672,
145988,
146225,
146620,
146777,
147014,
147567,
148198,
149146,
149777,
151041,
151514,
151909,
152067,
152304,
153409,
154041,
154356,
154672,
155304,
155777,
157198,
157514,
158304,
158620,
159567,
159725,
160356,
160830,
161777,
162567,
163198,
163830,
164462,
164777,
165409,
166041,
166672,
166988,
167620,
168251,
168883,
169514,
169830,
170462,
171093,
171567,
171883,
172041,
172356,
172672,
173304,
173777,
173935,
174409,
174883,
175356,
175672,
177093,
177409,
178041,
178356,
178514,
179304,
179462,
179935,
180409,
180567,
181514,
181672,
181988,
182225,
182383,
182777,
183093,
183251,
184988,
185409,
185620,
186093,
187514,
188462,
189093,
189304,
190462,
190672,
191146,
191620,
191830,
192251,
193830,
194251,
194462,
196041,
196356,
196672,
196883,
201251,
201725,
201935,
213962,
214198,
215304,
215935,
216093,
216251,
216567,
216883,
217198,
217514,
218146,
218462,
218620,
219093,
219409,
219567,
220041,
220356,
220751,
221146,
221462,
221777,
222093,
222409,
222725,
222883,
223041,
223988,
224146,
225409,
225567,
226672,
226909,
227462,
227698,
227856,
228409,
230146,
230462,
231093,
232198,
232672,
232988,
234409,
234725,
235198,
235514,
235830,
236620,
237725,
238041,
238198,
238672,
238909,
239146,
239304,
239620,
239777,
240251,
240567,
240725,
241120,
241356,
241830,
242146,
242304,
242777,
243093,
243409,
243883,
244041,
244198,
244356,
244672,
244830,
245146,
245304,
245541,
245777,
245935,
246251,
246409,
246567,
246962,
247120,
247277,
247435,
247593,
247751,
247909,
254383,

3 Column Long Note Times:
7198,
8146,
8777,
9725,
10356,
10672,
11620,
14146,
15567,
17935,
19041,
19356,
21093,
21567,
23304,
23620,
24409,
47304,
48567,
51725,
52988,
55356,
56146,
57409,
58041,
61672,
64041,
64672,
65620,
65777,
74462,
74620,
75409,
75567,
76041,
76830,
77304,
79830,
80620,
82356,
82830,
84409,
85041,
96725,
97198,
108409,
122777,
123725,
126251,
128146,
128777,
130041,
130672,
136041,
136672,
137304,
137935,
138567,
139198,
145041,
147725,
148672,
149304,
150567,
152777,
154988,
156093,
156567,
157672,
158935,
160041,
160514,
160988,
176462,
180883,
200777,
202356,
203304,
203777,
206462,
208988,
209620,
210251,
211514,
212462,
213093,
213251,
213725,
214672,
223514,
224462,
224620,
225093,
225883,
226356,
228883,
229672,
231409,
231883,
233304,
233777,
235988,
236304,
236777,
248462,

3 Column Release Times:
7514,
8620,
9093,
9883,
10514,
10988,
11777,
14462,
15725,
18093,
19198,
19514,
21251,
21725,
23462,
23777,
24567,
47620,
48883,
51883,
53225,
55672,
56620,
57883,
58514,
62304,
64198,
64830,
65698,
65856,
74541,
74698,
75488,
75646,
76198,
76909,
77462,
79988,
80777,
82514,
82988,
84725,
85356,
96883,
97356,
108725,
122935,
123883,
126488,
128620,
129014,
130514,
131146,
136198,
136830,
137462,
138093,
138725,
139356,
145514,
147883,
148830,
149462,
150725,
152935,
155146,
156251,
156883,
157988,
159251,
160198,
160672,
161462,
176620,
181041,
201093,
202672,
203620,
205198,
207646,
209541,
210172,
211435,
212067,
212698,
213172,
213330,
213883,
214830,
223672,
224541,
224698,
225251,
225962,
226514,
229041,
229830,
231567,
232041,
233462,
234093,
236146,
236462,
237567,
254304,

4 Column Hit Times:
1198,
2146,
2619,
5935,
7304,
7514,
9725,
12567,
14462,
17462,
18251,
20067,
20462,
20777,
21251,
21725,
22356,
22988,
23777,
24251,
24646,
24883,
25198,
25435,
25593,
25751,
26146,
26777,
26935,
27251,
27567,
28198,
28356,
28988,
29462,
30093,
30251,
30567,
30883,
31830,
32146,
32620,
33093,
33251,
33883,
34672,
34830,
35146,
35462,
35856,
36409,
37041,
37356,
37830,
38304,
38777,
39093,
39567,
39883,
40356,
40830,
40988,
41462,
41935,
42567,
42725,
43198,
43514,
43672,
43830,
44304,
44935,
45093,
45409,
45883,
46356,
47304,
47777,
48093,
48251,
48883,
49198,
49514,
50304,
50777,
51093,
51567,
52356,
52830,
53620,
53935,
54093,
54567,
55988,
58830,
59304,
59462,
59777,
60567,
60883,
61356,
61830,
62146,
62462,
63251,
63725,
64198,
64988,
66251,
66567,
66883,
67041,
67672,
67830,
68146,
68462,
68777,
69409,
69725,
70041,
70672,
71146,
71462,
71620,
71935,
72093,
72962,
73356,
73514,
73830,
75093,
75251,
76198,
77462,
77777,
78093,
78409,
78567,
78883,
79988,
80777,
82198,
82672,
82988,
83935,
84251,
84725,
85041,
85356,
86146,
86304,
86620,
87093,
87251,
87567,
88514,
88988,
89225,
89541,
89856,
90172,
90330,
90646,
90962,
91277,
91514,
91830,
92146,
92462,
92777,
93093,
93409,
93725,
94041,
94672,
94830,
95304,
95462,
95935,
96883,
97514,
97672,
98067,
98304,
99093,
100041,
100198,
100514,
101146,
101620,
101935,
102567,
103041,
103514,
103830,
104462,
105251,
105409,
106198,
107304,
108014,
108409,
108883,
109198,
109514,
109830,
110462,
110935,
111409,
111725,
112041,
112672,
112830,
113146,
113462,
113777,
113935,
114251,
114567,
114725,
115356,
115672,
115988,
116462,
116777,
116935,
117093,
117567,
117883,
118198,
118356,
118672,
119304,
119620,
121514,
121830,
122146,
122462,
122935,
124041,
124356,
124672,
124830,
125304,
125935,
126883,
127356,
127830,
129093,
129725,
129883,
130672,
130988,
131146,
131462,
131620,
131856,
132093,
132567,
132883,
133198,
133356,
133830,
133988,
134462,
134777,
135093,
135409,
135725,
136514,
136830,
137146,
137462,
138093,
138409,
138725,
139356,
139514,
139672,
139988,
140304,
140777,
141093,
141488,
141725,
141962,
142277,
142672,
143146,
143462,
143935,
144567,
144883,
145198,
145356,
146777,
147093,
148356,
148514,
149541,
150725,
150883,
151198,
151356,
151830,
152146,
152620,
153093,
153725,
154198,
154514,
154672,
155146,
156093,
156567,
156883,
157198,
157514,
157988,
158935,
159251,
159409,
160041,
160672,
161935,
162251,
162567,
162883,
163198,
163514,
163830,
164146,
164620,
165251,
165567,
165883,
166830,
167304,
167620,
167935,
168251,
168567,
168883,
169198,
170304,
170620,
170935,
171251,
171409,
171883,
172988,
173146,
173462,
173777,
173935,
174409,
174883,
175356,
175988,
176935,
177251,
177409,
178672,
178830,
178988,
179146,
179935,
180409,
180725,
180883,
181356,
181514,
182462,
182777,
182935,
183409,
185935,
186567,
186777,
187935,
188146,
189567,
189883,
192567,
193514,
194146,
194356,
195093,
196777,
196988,
197620,
197935,
198146,
198725,
199304,
199514,
200146,
200567,
200777,
212777,
214041,
214830,
215304,
216409,
216725,
216883,
217198,
218146,
218462,
218777,
219014,
219725,
220198,
220514,
220672,
220830,
220988,
222093,
222409,
222567,
222883,
224146,
224304,
225251,
225409,
226830,
227146,
227462,
227620,
227935,
228251,
229041,
229830,
231251,
231725,
232041,
232988,
233304,
233777,
234093,
235041,
235356,
235988,
236146,
236304,
236462,
237567,
238041,
238356,
238672,
238988,
239225,
239462,
239935,
240251,
240488,
240883,
241198,
241435,
241672,
241830,
241988,
242462,
242777,
243014,
243409,
243567,
243725,
244041,
244356,
244514,
244672,
244988,
245146,
245304,
245620,
245935,
246093,
246251,
246725,
246962,
247120,
247277,
247435,
247593,
247751,
247909,

4 Column Long Note Times:
567,
3093,
6251,
6725,
7830,
9251,
10041,
10356,
11146,
11777,
13198,
15725,
18883,
19514,
21883,
23462,
23935,
34041,
46672,
49830,
52041,
53225,
54725,
55672,
56146,
58041,
62777,
63409,
64356,
65304,
65462,
65935,
72409,
74146,
74304,
74777,
75725,
76672,
76988,
79514,
80304,
81093,
81725,
83304,
85672,
96567,
106672,
119935,
120567,
120883,
123409,
126488,
128146,
130041,
136198,
137620,
138883,
145672,
146304,
147409,
148041,
148988,
149935,
150251,
153251,
153883,
155620,
158304,
159725,
160356,
160988,
172041,
176304,
181672,
183567,
201093,
202041,
202672,
203620,
205830,
207725,
208988,
210251,
211514,
212146,
213409,
214356,
214988,
215620,
215777,
221462,
223198,
223356,
223830,
224777,
225725,
226041,
226514,
228567,
229356,
230146,
230777,
232356,
234409,
235672,
236620,
248462,
254462,

4 Column Release Times:
646,
5620,
6567,
7041,
8146,
9409,
10198,
10514,
11462,
12251,
14146,
16988,
19041,
19830,
22041,
23620,
24093,
34514,
46988,
50146,
52198,
53462,
55041,
55830,
56620,
58514,
62935,
63567,
64514,
65383,
65541,
66093,
72725,
74225,
74383,
74935,
75883,
76751,
77146,
79672,
80462,
81409,
81883,
83620,
85988,
96725,
107146,
120093,
120725,
121041,
123567,
126725,
128620,
130514,
136356,
137777,
139041,
145988,
146620,
147567,
148198,
149146,
150093,
150409,
153409,
154041,
155777,
158620,
159883,
160514,
161462,
172356,
176462,
181988,
184988,
201409,
202356,
203146,
203777,
207646,
208909,
209541,
211435,
212067,
212383,
213567,
214514,
215146,
215698,
215856,
221777,
223277,
223435,
223988,
224935,
225804,
226198,
226672,
228725,
229514,
230462,
230935,
232672,
234725,
235830,
236777,
254304,
254620,

