Artist : hololive
Song Name : hololive song pack
Difficulty : 0
BPM : 190
Background Image : charts\hololive-hololive song pack\Mage of Violet - Murasaki Shion.png
Audio : charts\hololive-hololive song pack\Mage of Violet - Murasaki Shion.ogg

1 Column Hit Times:
302,
1285,
2433,
3252,
3908,
4236,
4892,
5220,
5383,
5547,
6203,
6367,
6531,
6859,
7187,
8662,
8908,
9072,
9318,
9646,
9974,
10301,
10465,
11531,
11695,
11941,
12761,
13088,
13580,
14072,
14236,
14400,
14728,
15056,
15383,
15547,
15711,
15875,
16203,
16531,
17187,
17515,
17842,
18662,
18826,
18990,
19154,
19810,
20138,
20629,
20793,
20957,
21777,
21941,
22269,
22597,
23416,
23908,
24236,
24564,
24892,
25711,
25875,
26203,
26367,
26531,
27187,
27351,
27515,
27842,
28170,
29646,
29892,
30056,
30301,
30629,
30957,
31285,
31449,
32924,
33252,
33580,
33908,
34400,
34564,
34728,
34892,
35547,
35875,
36367,
36531,
36695,
37515,
37679,
38006,
38334,
39154,
39646,
40301,
40629,
41449,
41613,
41777,
41941,
42187,
43034,
43252,
43471,
43799,
44673,
45110,
45985,
46640,
46804,
47077,
47952,
48170,
49263,
49427,
49919,
50138,
50793,
51012,
51449,
51613,
51777,
51941,
52105,
54400,
55383,
55711,
56367,
56531,
58334,
58662,
58826,
59646,
59810,
60138,
60465,
60957,
61121,
61613,
61941,
62105,
63580,
64400,
65056,
65383,
65547,
65875,
66039,
66203,
66367,
66531,
67679,
67842,
68006,
68334,
68498,
68662,
69154,
69810,
70138,
70465,
70629,
70957,
71613,
72105,
72761,
73252,
73580,
75383,
76203,
77679,
77842,
78006,
78170,
78826,
79154,
79646,
79810,
79974,
81613,
82433,
82924,
83252,
83580,
83908,
84728,
85220,
85547,
86203,
86367,
86531,
86859,
87187,
88662,
88908,
89072,
89318,
89646,
89974,
90301,
90465,
91285,
92924,
93252,
93744,
94892,
95383,
95547,
96531,
97351,
97515,
98170,
98334,
98662,
98826,
98990,
99154,
100465,
100629,
100957,
101285,
103471,
104782,
106312,
106531,
106750,
106968,
107187,
107842,
108061,
109154,
109373,
109591,
110465,
110629,
110793,
110957,
111121,
113088,
113252,
113908,
114072,
114318,
114728,
115383,
115547,
117351,
117679,
117842,
118662,
118826,
119154,
119482,
119646,
119974,
120138,
120465,
120629,
120957,
121121,
122597,
123416,
123744,
124072,
124564,
124728,
124892,
125056,
125220,
125383,
125547,
126367,
126531,
127023,
127187,
127515,
127679,
129154,
130138,
131121,
131449,
131613,
132761,
133744,
134728,
135138,
135301,
135547,
136121,
136285,
136531,
136859,
137023,
138006,
138170,
138416,
138580,
138744,
138908,
139072,
139236,
139482,
139728,
139974,
140138,
140301,
140465,
140629,
140793,
140957,
141285,
141449,
141941,
142105,
142269,
143088,
143744,
143908,
144072,
144236,
144482,
144646,
144810,
144974,
145138,
145301,
145465,
145629,
145793,
148006,
148498,
148662,
149810,
151777,
151941,
152597,
153580,
154072,
154236,
156203,
156859,
158990,
159154,
159318,
159974,
160138,
160629,
160793,
161285,
161449,
163252,
163580,
163744,
164564,
164728,
165056,
165383,
165875,
166039,
166531,
166859,
167023,
168498,
169318,
169646,
169974,
170301,
170465,
170629,
170793,
170957,
171121,
171285,
171449,
172269,
172597,
172924,
173416,
173580,
174072,
174236,
174728,
175056,
175383,
175547,
176039,
176203,
176695,
176859,
177679,

1 Column Long Note Times:
7515,
7842,
11121,
12105,
12433,
16695,
18006,
19318,
21285,
22924,
25056,
28498,
28826,
31777,
32433,
35056,
37023,
38662,
40793,
44236,
45329,
46203,
47515,
48389,
48826,
50356,
52761,
54564,
57187,
57842,
59154,
62433,
63088,
63908,
67023,
73744,
74892,
75711,
76531,
77023,
78334,
80301,
80957,
81941,
84072,
87515,
87842,
90793,
91449,
91941,
92433,
94072,
94400,
96039,
96695,
97679,
99482,
99810,
101941,
102159,
102378,
102597,
103908,
105220,
108498,
109810,
111777,
116203,
116859,
118170,
121449,
122105,
122924,
125875,
128826,
129482,
134892,
135711,
137351,
137679,
142597,
143252,
159482,
162105,
162761,
164072,
167351,
168006,
168826,
171777,
177023,
178006,

1 Column Release Times:
7679,
8006,
11449,
12269,
12597,
17023,
18334,
19482,
21613,
23252,
25383,
28662,
28990,
32105,
32761,
35220,
37351,
38990,
41121,
44455,
45547,
46422,
47733,
48608,
49045,
50575,
53744,
55056,
57515,
58170,
59482,
62761,
63416,
64236,
67351,
74564,
75056,
76039,
76695,
77351,
78498,
80629,
81285,
82269,
84400,
87679,
88006,
91121,
91777,
92269,
92761,
94236,
94564,
96367,
97023,
98006,
99646,
100138,
102050,
102269,
102487,
103252,
104564,
105875,
108935,
110247,
112433,
116531,
117187,
118498,
121777,
122433,
123252,
126039,
129072,
129810,
135056,
136039,
137515,
137842,
142761,
143580,
159810,
162433,
163088,
164400,
167679,
168334,
169154,
171941,
177351,
178252,

2 Column Hit Times:
957,
1121,
1777,
4564,
4892,
5138,
5383,
5875,
6203,
6367,
6531,
7023,
8006,
8334,
8908,
9072,
9318,
9482,
9810,
10138,
10383,
10629,
10957,
11531,
11695,
11941,
12597,
12924,
13744,
14072,
14236,
14400,
14564,
14892,
15547,
15711,
16039,
16859,
18170,
18662,
20301,
20875,
21285,
21613,
21941,
22597,
23088,
23252,
23744,
24236,
24564,
25547,
25875,
26121,
26859,
27187,
27351,
27515,
28006,
28990,
29318,
29892,
30056,
30301,
30465,
30793,
31121,
31367,
31613,
32924,
33580,
34072,
34400,
36039,
36613,
37023,
37351,
37679,
38334,
38826,
38990,
39482,
39646,
39974,
40301,
41121,
41285,
41613,
41859,
42105,
42269,
43034,
43252,
43471,
43580,
44017,
44236,
44892,
45547,
46203,
46804,
47296,
47515,
48170,
48608,
48826,
49427,
49700,
50356,
50575,
52433,
53416,
54072,
54236,
54400,
54564,
54892,
55056,
55383,
55711,
56039,
56203,
56367,
56695,
56859,
57351,
57515,
58006,
58170,
58662,
58990,
59154,
59482,
59646,
60301,
60547,
60957,
61285,
61613,
61777,
62597,
62761,
63580,
63744,
63908,
64236,
64400,
64728,
65056,
65629,
65875,
66531,
67351,
67515,
68006,
68334,
68498,
69154,
69318,
69810,
70138,
70465,
70711,
71121,
71613,
72269,
72597,
73088,
73416,
73744,
75056,
76695,
77187,
79318,
80220,
80465,
81285,
81449,
82105,
82269,
82761,
83252,
83580,
84400,
84892,
85261,
85875,
86203,
86367,
86531,
87023,
88006,
88334,
88908,
89072,
89318,
89482,
89810,
90138,
90383,
90629,
91121,
91449,
91777,
91941,
92269,
92433,
93252,
93416,
93744,
94072,
94564,
94892,
95056,
95383,
95629,
96039,
96367,
96695,
97023,
97187,
97351,
97679,
98662,
99318,
99646,
100138,
100301,
100629,
100957,
101285,
102597,
102815,
103252,
103689,
103908,
104127,
104345,
104564,
105001,
105220,
105438,
105875,
107405,
107842,
108061,
108280,
108498,
108717,
109154,
109373,
109591,
109810,
110247,
111449,
113088,
113252,
113416,
113580,
113908,
114072,
114236,
114400,
114564,
114728,
115056,
115220,
115383,
115711,
115875,
116367,
116531,
117023,
117187,
117679,
118006,
118170,
118498,
118662,
119318,
119564,
119974,
120301,
120629,
120793,
121613,
121777,
122597,
122761,
122924,
123252,
123416,
123744,
124072,
124400,
124564,
124728,
124892,
125056,
125220,
125383,
125547,
126695,
126859,
127023,
127187,
127351,
127515,
127679,
128170,
128334,
128826,
129482,
130793,
130957,
131777,
133416,
133580,
134400,
134564,
134892,
135138,
135383,
135547,
135711,
135875,
136039,
136203,
136367,
136531,
136695,
136859,
137023,
137269,
137842,
138006,
138170,
138334,
138498,
138744,
138908,
139072,
139236,
139646,
139810,
139974,
140301,
140547,
140957,
141121,
141285,
141613,
141777,
142105,
142597,
142924,
143088,
143252,
143498,
143826,
144072,
144646,
144810,
144974,
145138,
145301,
145465,
145629,
145793,
148170,
149154,
149318,
149974,
151121,
151285,
154728,
154892,
156695,
157515,
157842,
159318,
159482,
159810,
160301,
160465,
160957,
161285,
161613,
161777,
162269,
162433,
162924,
163088,
163580,
163908,
164072,
164400,
164564,
165383,
165875,
166203,
166531,
166695,
167515,
167679,
168498,
168662,
168826,
169154,
169318,
169646,
169974,
170301,
170547,
170711,
170957,
171285,
171449,
171941,
172269,
172597,
172924,
173170,
173334,
173580,
174072,
174728,
175056,
175383,
175711,
175957,
176203,
177351,

2 Column Long Note Times:
5547,
7679,
8498,
12269,
13416,
15056,
16367,
17187,
17679,
19482,
22269,
22761,
24892,
26531,
28662,
29482,
35220,
38006,
38498,
40629,
44455,
45110,
45766,
46422,
47733,
49045,
49919,
50793,
51230,
59810,
63088,
66859,
75383,
76203,
78498,
80629,
81777,
83908,
85547,
87679,
88498,
92761,
98006,
101941,
102159,
102378,
106531,
106968,
118826,
122105,
125711,
129154,
137515,
142269,
144236,
152269,
155220,
158170,
164728,
168006,
171613,
176695,
177679,
178006,

2 Column Release Times:
5711,
7842,
8826,
12433,
13580,
15220,
16695,
17515,
18006,
19646,
22433,
22924,
25056,
26695,
28826,
29810,
35383,
38170,
38662,
40793,
44673,
45329,
45985,
46640,
47952,
49263,
50138,
51012,
51449,
60138,
63252,
67023,
75711,
76531,
78662,
80957,
81941,
84072,
85711,
87842,
88826,
93088,
98334,
102050,
102269,
102487,
106750,
107187,
119154,
122269,
125875,
129400,
137679,
142433,
144564,
152597,
155547,
158990,
165056,
168170,
171777,
177023,
177924,
178252,

3 Column Hit Times:
1039,
1203,
1449,
2269,
2597,
3662,
3826,
4400,
4892,
5220,
6285,
6449,
6695,
7351,
7679,
8498,
8826,
8990,
9154,
10301,
10465,
10629,
10793,
11121,
11449,
11613,
11777,
12269,
13252,
14154,
14318,
15629,
16039,
16367,
16695,
17023,
17351,
17679,
18006,
18498,
18990,
19318,
20138,
20465,
20629,
20957,
21203,
21449,
22433,
22761,
23252,
23580,
23908,
25383,
26203,
26449,
27269,
27433,
27679,
28334,
28662,
29482,
29810,
29974,
30138,
31285,
31449,
31613,
33252,
33908,
34236,
34728,
35056,
35875,
36203,
36367,
36695,
36941,
37187,
38170,
38498,
38990,
39318,
39974,
41285,
41449,
41777,
42105,
42269,
42924,
43143,
43362,
43580,
44181,
44455,
44892,
45110,
45329,
45547,
45766,
46640,
46859,
47515,
47733,
48389,
49482,
50138,
50356,
52924,
53416,
54072,
54236,
54400,
54564,
54974,
55220,
55711,
55875,
56039,
56367,
56695,
57351,
58006,
58334,
58662,
58990,
59482,
59974,
60138,
60465,
60957,
61285,
61449,
61941,
62597,
63252,
63416,
64072,
64400,
64728,
65056,
65711,
65875,
66203,
66531,
67023,
67679,
67842,
68170,
68416,
68662,
69154,
69318,
69810,
70138,
70465,
70793,
71285,
71777,
72105,
72433,
72924,
73580,
76039,
76367,
77515,
78006,
79482,
79892,
80301,
80793,
80957,
81613,
81777,
82269,
82597,
82924,
84564,
85301,
86285,
86449,
86695,
87351,
87679,
88498,
88826,
88990,
89154,
90301,
90465,
90793,
90957,
91121,
91449,
91777,
92105,
92433,
92761,
93088,
93416,
94072,
94400,
95056,
95220,
95383,
95711,
95875,
96039,
96859,
97023,
97679,
97842,
98006,
98334,
98662,
98990,
99318,
99810,
100465,
100629,
100875,
101121,
101285,
103034,
103252,
103908,
104127,
104345,
104564,
105220,
105657,
105875,
106094,
106531,
107187,
107624,
107842,
108280,
108498,
108717,
108935,
109154,
109373,
109591,
109810,
110028,
110247,
111121,
111777,
112105,
112433,
113088,
113252,
113416,
113580,
114154,
114400,
114728,
114892,
115056,
115383,
115711,
116367,
117023,
117351,
117679,
118006,
118498,
118990,
119154,
119482,
119974,
120301,
120465,
120957,
121613,
122269,
122433,
123088,
123416,
123744,
124072,
124400,
124646,
124810,
125875,
126039,
126367,
126531,
127023,
127515,
127679,
128170,
128334,
128826,
129482,
129646,
130875,
131039,
132433,
133498,
133662,
134072,
134236,
134728,
134892,
135056,
135220,
135383,
135711,
135875,
136121,
136285,
136531,
136695,
137187,
137351,
137515,
137679,
137924,
138088,
138334,
138498,
138662,
138826,
138990,
139154,
139318,
139482,
139646,
139892,
140138,
140301,
140629,
140793,
141285,
141449,
141613,
142433,
142597,
142761,
142924,
143252,
143416,
143580,
143744,
144400,
144564,
144728,
144892,
145056,
145220,
145383,
145547,
145711,
148334,
148826,
148990,
151449,
151613,
152761,
154400,
154564,
156531,
157023,
157351,
158990,
159154,
159892,
160629,
160957,
161285,
161613,
162269,
162924,
163252,
163580,
163908,
164400,
164892,
165220,
165465,
165875,
166203,
166367,
166859,
167515,
168170,
168334,
168990,
169318,
169646,
169974,
170465,
170629,
170793,
171121,
171777,
172433,
172761,
172924,
173088,
173252,
173416,
174236,
174728,
175056,
175383,
175875,
176039,
176203,
176859,

3 Column Long Note Times:
5875,
7023,
8170,
9646,
9974,
12924,
13744,
14728,
15220,
19646,
21941,
24728,
26859,
28006,
29154,
30629,
30957,
32761,
35383,
37679,
40465,
43799,
45985,
47077,
47952,
48608,
49700,
50575,
51012,
56859,
57515,
59646,
62105,
62761,
63580,
66695,
76695,
78662,
81285,
83744,
85875,
87023,
88170,
89646,
89974,
96367,
97187,
102050,
102269,
102487,
106750,
115875,
116531,
118662,
121121,
121777,
122597,
125547,
129154,
129810,
136859,
141941,
143908,
145875,
155547,
161777,
162433,
164564,
167023,
167679,
168498,
171449,
176367,
177351,
177679,
178006,

3 Column Release Times:
6203,
7187,
8334,
9810,
10138,
13088,
14072,
14892,
15383,
19810,
22269,
24892,
27187,
28170,
29318,
30793,
31121,
32924,
35547,
38006,
40629,
44017,
46203,
47296,
48170,
48826,
49919,
50793,
51230,
57187,
57842,
59810,
62433,
63088,
63908,
66859,
77023,
78826,
81449,
83908,
86203,
87187,
88334,
89810,
90138,
96695,
97515,
102159,
102378,
102597,
106968,
116203,
116859,
118826,
121449,
122105,
122924,
125711,
129400,
130138,
137023,
142105,
144236,
147023,
156039,
162105,
162761,
164728,
167351,
168006,
168826,
171613,
176695,
177597,
177924,
178252,

4 Column Hit Times:
629,
1613,
1941,
2924,
3580,
3744,
4072,
4728,
5056,
5220,
5383,
5711,
6039,
6285,
6449,
6695,
7515,
7842,
8170,
8826,
8990,
9154,
11285,
11449,
11613,
11777,
12105,
12433,
13416,
13908,
14154,
14318,
15220,
15711,
16695,
17351,
18006,
18334,
18662,
18990,
19318,
19646,
20301,
20465,
20629,
20957,
21121,
21285,
22105,
22924,
23908,
24072,
24236,
24400,
25056,
25383,
25547,
25711,
25875,
26039,
26203,
26695,
27023,
27269,
27433,
27679,
28498,
28826,
29154,
29810,
29974,
30138,
31777,
32924,
33252,
33580,
33908,
34400,
34728,
35056,
35383,
36039,
36203,
36367,
36695,
36859,
37023,
37842,
38662,
39646,
39810,
39974,
40138,
40793,
41121,
41613,
41941,
42269,
42924,
43143,
43362,
44017,
44181,
44673,
45329,
46203,
46422,
47733,
47952,
48826,
49045,
49263,
50575,
50793,
52761,
53088,
54072,
54236,
54892,
55056,
55383,
55547,
56039,
57023,
57187,
57679,
57842,
58006,
58334,
58498,
58990,
59154,
59810,
60138,
60465,
60629,
60793,
61285,
61613,
62269,
62433,
62924,
63088,
63908,
64728,
65383,
65547,
65793,
66203,
66859,
67351,
67515,
67842,
68170,
68498,
68662,
69318,
69810,
70138,
70465,
70957,
71121,
71449,
71941,
72269,
72433,
72924,
73416,
75711,
76531,
77023,
77351,
77679,
78334,
79646,
79974,
80138,
80301,
80629,
80957,
81121,
81941,
82924,
83088,
83252,
83416,
84072,
84400,
84564,
84728,
84892,
85711,
86039,
86285,
86449,
86695,
87515,
87842,
88170,
88826,
88990,
89154,
90629,
90793,
91613,
92105,
92597,
92924,
93416,
93580,
93744,
93908,
95220,
95711,
95875,
96203,
96367,
96695,
98006,
98498,
98990,
100138,
100301,
100793,
101121,
104127,
104345,
106750,
106968,
107187,
108498,
108935,
109810,
110028,
111449,
111941,
113416,
114072,
114400,
114564,
115056,
115220,
116039,
116203,
116695,
116859,
117023,
117187,
117351,
117515,
117842,
118006,
118170,
118826,
119154,
119482,
119646,
119810,
120301,
120629,
121285,
121449,
121941,
122105,
122924,
124072,
124400,
124646,
124810,
125711,
125875,
126695,
126859,
127269,
127433,
128170,
128334,
129154,
129482,
130465,
131285,
132105,
132269,
133088,
133908,
135056,
135220,
136039,
136203,
136367,
137351,
137515,
137679,
138006,
138252,
138662,
138826,
138990,
139154,
139318,
139646,
139974,
140138,
140383,
140629,
140957,
141121,
141613,
141777,
141941,
142269,
142433,
142761,
143252,
143416,
144154,
144400,
144564,
144728,
144892,
145056,
145220,
145383,
145547,
145711,
149482,
149646,
150301,
150957,
152105,
153744,
153908,
156367,
158990,
159154,
159318,
159482,
159810,
159974,
160138,
160629,
160957,
161121,
161941,
162105,
162597,
162761,
162924,
163252,
163416,
163744,
164072,
164728,
165056,
165547,
165711,
166203,
166531,
167187,
167351,
167842,
168006,
168826,
169974,
170301,
170547,
170711,
171613,
171777,
172433,
172761,
173088,
173416,
173580,
174072,
174236,
174728,
175056,
175383,
175547,
175711,
175875,
176695,
176859,

4 Column Long Note Times:
6859,
7187,
9482,
9810,
10138,
10793,
12761,
13088,
14564,
14892,
15383,
16039,
17023,
17515,
19810,
21613,
22433,
23252,
24564,
27842,
28170,
30465,
30793,
31121,
32105,
35547,
37351,
38170,
38990,
40301,
43580,
44892,
45547,
46859,
47296,
48170,
49482,
50138,
51449,
56695,
57351,
59482,
61941,
62597,
63252,
64236,
66531,
75056,
76039,
78826,
81449,
82269,
83580,
86859,
87187,
89482,
89810,
90138,
91121,
91777,
92269,
94236,
94564,
97023,
97515,
99318,
99646,
102050,
102269,
102487,
103252,
104564,
105875,
107842,
109154,
110465,
113580,
115711,
116367,
118498,
120957,
121613,
122269,
123252,
126039,
128826,
134728,
135383,
136695,
137023,
142924,
143580,
145875,
147679,
152924,
155056,
161613,
162269,
164400,
166859,
167515,
168170,
169154,
171941,
176039,
177351,
177679,
178006,

4 Column Release Times:
7023,
7351,
9646,
9974,
10465,
10957,
12924,
13252,
14728,
15056,
15547,
16367,
17187,
17679,
20138,
21941,
22761,
23580,
24728,
28006,
28334,
30629,
30957,
31449,
32433,
35875,
37679,
38498,
39318,
40465,
43799,
45110,
45766,
47077,
47515,
48389,
49700,
50356,
52433,
56859,
57515,
59646,
62105,
62761,
63580,
64400,
66695,
75383,
76203,
79154,
81777,
82597,
83744,
87023,
87351,
89646,
89974,
90465,
91449,
91941,
92433,
94400,
94892,
97187,
97679,
99482,
99810,
102159,
102378,
102597,
103908,
105220,
106531,
108280,
109591,
111121,
113908,
115875,
116531,
118662,
121121,
121777,
122597,
123416,
126367,
129072,
134892,
135711,
136859,
137187,
143088,
143908,
147023,
148006,
153252,
155220,
161777,
162433,
164564,
167023,
167679,
168498,
169318,
172269,
176367,
177597,
177924,
178252,

