Artist : hololive
Song Name : hololive song pack
Difficulty : 0
BPM : 183
Background Image : charts\hololive-hololive song pack\Mage of Violet - Murasaki Shion.png
Audio : charts\hololive-hololive song pack\Mage of Violet - Murasaki Shion.ogg

1 Column Hit Times:
957,
1121,
1449,
2433,
3252,
3908,
4400,
4728,
5547,
6203,
6367,
6531,
6859,
7187,
8908,
9072,
9810,
10301,
11531,
11695,
13088,
13580,
14072,
14236,
14400,
15711,
16039,
16367,
17351,
17679,
18662,
20793,
22269,
23908,
24400,
25383,
25547,
26367,
26695,
27187,
27351,
27515,
27842,
28170,
29318,
29892,
30056,
30465,
31285,
31777,
32924,
33252,
33580,
33908,
34400,
36203,
36367,
36859,
37351,
37842,
39318,
39646,
40138,
41777,
42269,
43034,
43252,
43471,
45547,
45985,
46859,
47515,
48170,
49919,
50793,
54400,
55383,
55711,
56367,
56531,
57023,
57679,
58334,
58826,
60138,
60301,
60957,
61121,
61941,
62269,
62924,
64400,
65056,
65875,
68006,
68498,
68662,
69154,
69318,
70465,
70957,
74892,
77679,
79892,
81613,
82924,
83416,
84728,
85220,
85547,
86203,
86367,
86531,
86859,
87187,
88334,
88908,
89072,
89482,
90138,
90383,
93744,
95629,
97351,
98662,
100793,
101285,
103252,
103908,
104564,
105875,
106531,
106750,
106968,
107187,
107842,
109154,
109373,
109591,
111777,
112105,
113088,
113252,
113908,
114400,
114728,
115383,
115547,
116039,
116695,
117351,
117679,
119482,
119974,
120138,
120957,
121285,
121941,
123416,
124564,
124728,
124892,
126695,
126859,
127515,
128334,
130138,
131121,
132105,
132433,
133416,
133580,
134072,
134236,
135383,
136531,
137187,
138088,
138252,
138662,
139236,
139892,
140301,
140629,
140793,
141285,
141941,
143744,
143908,
144154,
144482,
149482,
151121,
152269,
153580,
154400,
155220,
156203,
157515,
157842,
158170,
158990,
159154,
160629,
160793,
161285,
161449,
161941,
162597,
163252,
163580,
163744,
165056,
166039,
166531,
166859,
167187,
167842,
169318,
170301,
170465,
170793,
170957,
171121,
171285,
171449,
172269,
172433,
173252,
173580,
174072,
174236,
174728,
175056,
175383,
175875,
176203,
176695,
178006,

1 Column Long Note Times:
5875,
7515,
7842,
8498,
10793,
12105,
12433,
16695,
18006,
19810,
21285,
22924,
24564,
28498,
28826,
35547,
38662,
40301,
44236,
46203,
48826,
54564,
57187,
57842,
59154,
62433,
63088,
63908,
67023,
72105,
73416,
75711,
76531,
77023,
78334,
80301,
80957,
81941,
83580,
87515,
87842,
90793,
91449,
91941,
92433,
94564,
96039,
96695,
97679,
99810,
101941,
102159,
102378,
102597,
105220,
108498,
116203,
116859,
118170,
121449,
122105,
122924,
126039,
128826,
129482,
134892,
135711,
137351,
137679,
139482,
142597,
143252,
144728,
145056,
145547,
145711,
148170,
159974,
162105,
162761,
164072,
167351,
168006,
168826,
171777,
177023,

1 Column Release Times:
6039,
7679,
8170,
8662,
10957,
12269,
12761,
17023,
18334,
20138,
21613,
23252,
24728,
28662,
29154,
35875,
38990,
40465,
44455,
46422,
49045,
55056,
57515,
58170,
59482,
62761,
63252,
64236,
67351,
72269,
73580,
76039,
76695,
77351,
78498,
80629,
81285,
82269,
83744,
87679,
88170,
91121,
91777,
92269,
92761,
94892,
96367,
97023,
98006,
100138,
102050,
102269,
102487,
102815,
105438,
108717,
116531,
117187,
118498,
121777,
122269,
123252,
126367,
129072,
129810,
135056,
136039,
137515,
137842,
139646,
142761,
143580,
144810,
145138,
145629,
145793,
148334,
160301,
162433,
163088,
164400,
167679,
168170,
169154,
171941,
177351,

2 Column Hit Times:
629,
1039,
1203,
2269,
2597,
4072,
4892,
5220,
5711,
8334,
9318,
9482,
10138,
10383,
11285,
11941,
12761,
15629,
18334,
18826,
20465,
20629,
20875,
21613,
21941,
22597,
23252,
24236,
26203,
30301,
31121,
31367,
31613,
32761,
34564,
36613,
37515,
38826,
39974,
41121,
41285,
41941,
43580,
44017,
44892,
45110,
45329,
45766,
47296,
47733,
48170,
48608,
49482,
51012,
54072,
54236,
55056,
55220,
56039,
56203,
56695,
58170,
58662,
60465,
61285,
61613,
61777,
63416,
63744,
64728,
65056,
65629,
65793,
66039,
68334,
69810,
70138,
70711,
71449,
71941,
72761,
73252,
75056,
77842,
79482,
79646,
79974,
81285,
82269,
83252,
84400,
84892,
89318,
89810,
90301,
90793,
91777,
92433,
93416,
93908,
95220,
95383,
95875,
96367,
97023,
97515,
98826,
100138,
100301,
100957,
102597,
103034,
104127,
104345,
105220,
107624,
109810,
110247,
113416,
113580,
114072,
114236,
114564,
115056,
115220,
115711,
117023,
117515,
118006,
119318,
119564,
120629,
120793,
122433,
122761,
123416,
123744,
124400,
125056,
127187,
127351,
127515,
128334,
130465,
131285,
132269,
133498,
133662,
134400,
134564,
134892,
135711,
136121,
136285,
136695,
137023,
137269,
137842,
138416,
138580,
138744,
139072,
139810,
139974,
140301,
140547,
140957,
141121,
141613,
142105,
142761,
142924,
143252,
143580,
143826,
144072,
149154,
149810,
150465,
151777,
152761,
154728,
159318,
160957,
161613,
162924,
163088,
163908,
165383,
165875,
166203,
166531,
166695,
168334,
168662,
169646,
169974,
170547,
171941,
172597,
172761,
173088,
173416,
173580,
175056,
175547,
175711,
175957,
176203,
177679,

2 Column Long Note Times:
7679,
12269,
13416,
15056,
16367,
17187,
19646,
22269,
22761,
24728,
26531,
28662,
29482,
35383,
37023,
38006,
38498,
40465,
44455,
46422,
49045,
52105,
53416,
59810,
66859,
72269,
73580,
75383,
76203,
78662,
80629,
81777,
83744,
85875,
87679,
88498,
92761,
94236,
98006,
99318,
103471,
106094,
108061,
108717,
112433,
118826,
125875,
128826,
129154,
129482,
135138,
135301,
137515,
142269,
144236,
144810,
145138,
145629,
145793,
148006,
148334,
159482,
164728,
171613,
176695,
178006,

2 Column Release Times:
7842,
12433,
13580,
15220,
16695,
17515,
19810,
22433,
22924,
24892,
26695,
28826,
29646,
35547,
37351,
38170,
38662,
40629,
44673,
46640,
49263,
52761,
53744,
60138,
67023,
72433,
73744,
75711,
76531,
78826,
80957,
81941,
83908,
86039,
87842,
88662,
93088,
94400,
98334,
99482,
103689,
106312,
108280,
108935,
112761,
119154,
126039,
129072,
129400,
129810,
135220,
135383,
137679,
142433,
144564,
144892,
145220,
145711,
145875,
148170,
148498,
159810,
165056,
171777,
177023,
178252,

3 Column Hit Times:
1777,
2924,
3662,
3826,
5383,
6039,
6695,
7515,
8662,
10465,
10793,
13416,
15547,
17023,
18990,
20957,
21285,
23580,
24072,
25711,
25875,
26121,
27679,
28498,
29646,
31449,
32105,
34072,
34236,
34728,
35875,
36039,
36695,
37023,
37187,
38334,
39154,
39810,
41859,
42269,
44673,
45547,
46640,
47515,
47952,
50138,
50356,
50575,
50793,
51230,
52924,
54400,
54564,
54974,
55711,
55875,
56367,
58006,
58334,
58662,
58990,
60547,
60957,
61285,
61449,
64072,
64400,
65383,
65547,
65711,
66203,
67679,
67842,
68416,
68662,
69154,
70629,
77515,
78170,
79154,
79318,
80301,
80957,
82597,
83088,
84564,
86039,
86695,
87515,
88662,
90629,
91121,
91449,
91613,
92105,
93088,
93580,
95711,
96859,
97679,
98334,
98662,
99154,
100465,
100629,
100875,
101285,
103689,
103908,
104564,
105001,
105657,
106531,
106750,
106968,
107405,
108280,
108935,
109154,
109373,
109591,
110028,
111941,
113088,
113252,
114154,
114318,
114728,
114892,
115383,
117351,
117679,
117842,
119974,
120301,
120465,
123088,
123744,
124072,
125220,
126367,
126531,
127023,
127679,
128170,
130875,
131039,
131613,
133088,
133908,
134728,
135547,
135875,
137351,
137924,
138334,
138498,
138826,
138990,
139728,
140138,
140465,
141285,
141449,
142597,
143088,
143498,
144400,
148826,
150138,
151449,
152924,
154072,
155547,
159892,
160629,
161285,
163580,
165220,
165465,
165875,
166203,
166367,
168990,
169318,
169646,
170629,
170793,
172269,
172433,
172924,
173334,
174072,
174236,
174728,
175383,
176039,
176859,
177351,

3 Column Long Note Times:
7023,
9646,
9974,
11121,
12924,
13744,
14728,
15220,
17679,
19482,
21941,
24892,
26859,
28006,
29154,
30629,
30957,
35220,
37679,
40629,
43799,
47077,
49700,
56859,
57515,
59646,
62105,
62761,
63580,
66695,
71285,
71777,
72597,
73088,
76695,
81285,
83908,
85547,
87023,
88170,
89646,
89974,
94400,
96367,
97187,
99646,
102815,
105875,
110465,
115875,
116531,
118662,
121121,
121777,
122597,
125711,
129154,
135056,
135220,
136859,
139318,
141941,
143908,
144646,
144974,
145301,
145465,
145875,
161777,
162433,
164564,
167023,
167679,
168498,
171449,
176367,
177679,
178006,

3 Column Release Times:
7187,
9810,
10138,
11285,
13088,
13908,
14892,
15383,
18006,
19646,
22269,
25056,
27023,
28170,
29318,
30793,
31121,
35383,
38006,
40793,
44017,
47296,
49919,
57187,
57842,
59810,
62433,
63088,
63908,
66859,
71367,
71859,
72679,
73170,
77023,
81449,
84072,
85711,
87187,
88334,
89810,
90138,
94564,
96695,
97515,
99810,
103034,
106094,
111121,
116203,
116859,
118826,
121449,
122105,
122924,
125875,
129400,
135138,
135301,
137023,
139482,
142105,
144236,
144728,
145056,
145383,
145547,
147023,
162105,
162761,
164728,
167351,
168006,
168826,
171613,
176695,
177924,
178252,

4 Column Hit Times:
302,
1285,
1613,
1941,
3580,
3744,
4236,
4564,
4892,
5220,
6285,
6449,
7842,
8826,
8990,
9154,
10629,
10957,
11449,
11613,
11777,
12105,
12433,
13908,
14154,
14318,
14564,
15383,
15711,
16695,
18006,
18662,
19154,
20138,
20301,
21121,
22924,
23908,
26039,
26531,
27023,
27269,
27433,
28826,
29154,
29810,
29974,
30138,
31777,
32433,
32924,
33252,
33580,
33908,
34400,
34892,
36531,
39646,
41449,
41613,
42105,
42924,
43143,
43362,
44236,
44892,
45110,
45329,
46203,
47733,
47952,
48389,
48826,
49263,
50138,
50356,
50575,
52761,
53088,
54072,
54236,
54892,
55383,
55547,
56039,
58006,
58498,
58990,
60629,
60793,
61613,
64728,
65875,
66367,
67351,
67515,
68170,
68498,
69318,
69810,
70138,
70465,
70793,
78006,
79810,
80138,
80629,
81941,
82924,
85261,
85711,
86285,
86449,
87842,
88170,
88826,
88990,
89154,
90465,
92597,
92924,
93416,
94892,
95056,
95547,
96039,
96695,
97842,
98170,
98498,
98990,
101121,
104127,
104345,
104782,
106312,
107187,
108498,
109810,
113416,
114400,
115056,
117023,
117187,
118006,
119154,
119646,
119810,
120301,
120629,
124072,
124646,
124810,
125383,
127269,
127433,
127679,
128170,
128826,
129154,
129482,
129646,
130793,
130957,
131449,
131777,
132761,
133744,
136039,
136203,
136367,
137679,
138006,
138170,
138908,
139154,
139646,
139974,
140383,
140629,
140957,
141613,
141777,
142269,
142433,
143416,
144236,
148498,
150793,
152105,
152597,
153744,
155056,
158990,
159154,
159318,
159482,
159810,
160957,
161121,
162924,
163252,
163416,
163908,
165547,
169974,
170301,
170465,
170711,
172597,
172761,
173170,
173416,
173580,
174236,
174728,
175056,
175383,
176859,

4 Column Long Note Times:
5547,
6859,
7187,
8170,
9482,
9810,
12761,
13088,
14892,
16039,
17023,
17515,
19318,
21613,
22433,
23252,
25056,
27842,
28170,
30465,
30793,
35056,
37351,
38170,
38990,
40793,
43580,
46859,
49482,
51449,
56695,
57351,
59482,
61941,
62597,
63252,
64236,
66531,
71121,
71613,
72433,
72924,
73744,
75056,
76039,
78498,
78826,
81449,
82269,
84072,
86859,
87187,
89482,
89810,
91121,
91777,
92269,
94072,
97023,
97515,
99482,
102050,
102269,
102487,
103252,
105438,
107842,
111121,
113580,
115711,
116367,
118498,
120957,
121613,
122269,
123252,
125547,
129810,
134728,
135383,
136695,
137023,
142924,
143580,
144564,
144892,
145220,
145383,
145875,
147679,
156367,
161613,
162269,
164400,
166859,
167515,
168170,
169154,
171941,
176039,
177351,
177679,
178006,

4 Column Release Times:
5711,
7023,
7515,
8334,
9646,
9974,
12924,
13416,
15056,
16367,
17187,
17679,
19482,
21941,
22761,
23580,
25383,
28006,
28498,
30629,
30957,
35220,
37679,
38498,
39318,
41121,
43799,
47077,
49700,
52105,
56859,
57515,
59646,
62105,
62761,
63580,
64400,
66695,
71203,
71695,
72515,
73006,
74400,
75383,
76203,
78662,
79154,
81777,
82597,
84400,
87023,
87515,
89646,
89974,
91449,
91941,
92433,
94236,
97187,
97679,
99646,
102159,
102378,
102597,
103471,
105657,
108061,
111777,
113908,
115875,
116531,
118662,
121121,
121777,
122597,
123416,
125711,
130138,
134892,
135711,
136859,
137187,
143088,
143908,
144646,
144974,
145301,
145465,
147023,
148006,
157351,
161777,
162433,
164564,
167023,
167679,
168498,
169318,
172269,
176367,
177597,
177924,
178252,

