Artist : hololive
Song Name : hololive song pack
Difficulty : 0
BPM : 170
Background Image : charts\hololive-hololive song pack\Nenenenenenenene! Daibakusou - Momosozu Nene.png
Audio : charts\hololive-hololive song pack\Nenenenenenenene! Daibakusou - Momosozu Nene.ogg

1 Column Hit Times:
2416,
3750,
5750,
8550,
10550,
13350,
13750,
18150,
20550,
23550,
23814,
24079,
24255,
24608,
24785,
27079,
27255,
27432,
32373,
32902,
33079,
33432,
33961,
34138,
34491,
34667,
35902,
36255,
36608,
36961,
37314,
37667,
38020,
38373,
39079,
39608,
39961,
40314,
41373,
41726,
42255,
42785,
43314,
43667,
44020,
44373,
44726,
44902,
45079,
46314,
46579,
46844,
47197,
47814,
48432,
48785,
49314,
49491,
50020,
50549,
51255,
51608,
51961,
52844,
53197,
53549,
53902,
54432,
54608,
54961,
56020,
56197,
56549,
57079,
57432,
57785,
58138,
58491,
58844,
59020,
59373,
59549,
59726,
60079,
60255,
60432,
60785,
60961,
61314,
61667,
61932,
62373,
62638,
63079,
63344,
63785,
64491,
64843,
65196,
65549,
65902,
67667,
69696,
72079,
72255,
72608,
72785,
73137,
73490,
74372,
74549,
75078,
76137,
76313,
76843,
77019,
77549,
77902,
78255,
78608,
79313,
80019,
80196,
80372,
80725,
81166,
83725,
83902,
84784,
86196,
86549,
90960,
91578,
92019,
93078,
93784,
94313,
94666,
95372,
95725,
95902,
96608,
97843,
98725,
99078,
99784,
99960,
100490,
101196,
101549,
102608,
102960,
103225,
103666,
103931,
104196,
104902,
105608,
106313,
108255,
108519,
108784,
108960,
111784,
111960,
112137,
117078,
117608,
117784,
118049,
118490,
118843,
119019,
120608,
120960,
121402,
121666,
122019,
122372,
122725,
123255,
123608,
123960,
124490,
124843,
125372,
125725,
126255,
126784,
126960,
127137,
127666,
128725,
129078,
129608,
129960,
130490,
130843,
131196,
131549,
131902,
132255,
132519,
132960,
133225,
133666,
133931,
134372,
135078,
135255,
135608,
135784,
135960,
136313,
136490,
136666,
137019,
137196,
137813,
138608,
149196,
149549,
149902,
150166,
150519,
151049,
151225,
151666,
152019,
152725,
153519,
153696,
153960,
154402,
155019,
155196,
155372,
155549,
155725,
155902,
156431,
156608,
156784,
156960,
158372,
158549,
160666,
160843,
161019,
161196,
161549,
162078,
162255,
163490,
163666,
164019,
164725,
165078,
165343,
165960,
166666,
167019,
167372,
167902,
168255,
169843,
170196,
170902,
171960,
172137,
172313,
173019,
173549,
173725,
175313,
175666,
176019,
176372,
176902,
178843,
179019,
179196,
179372,
179549,
181313,
181490,
181755,
182019,
183078,
183431,
183784,
184137,
187666,
188019,
188725,
189078,
189431,
189784,
191813,
192431,
192608,
194673,
195573,
195973,
196373,
196773,
197173,
197573,
198273,
199173,
199573,
199973,
200673,
201573,
201973,
202373,
203073,
203573,
203706,
203839,
204273,
205173,
205573,
205973,
206373,
206773,
207173,
207573,
207973,
208373,
208506,
208773,
209973,
210373,
210773,
211173,
211573,
211973,
212773,
213073,
213439,
219572,
220101,
220278,
220630,
223807,
224513,
226983,
227336,
227513,
227689,
227866,
228042,
228748,
229454,
229983,
230160,
230336,
230866,
231042,
231395,
231572,
232278,
233513,
233689,
234395,
234572,
235454,
235630,
235983,
236866,
237219,
238278,
238630,
238895,
239336,
239601,
239866,
240395,
240572,
241101,
241277,
241807,
241983,
242513,
242866,
243219,
243572,
245336,
245689,
246042,
246395,
246748,
247101,
247454,
247807,
249572,
250983,
251160,
251689,
251866,
252395,
252660,
252925,
253101,
253277,
253454,

1 Column Long Note Times:
2950,
4950,
6550,
6950,
7350,
7750,
9750,
12550,
14550,
16150,
16550,
16950,
17350,
19350,
24961,
25138,
25314,
25667,
25932,
26108,
26373,
27785,
27961,
28491,
28844,
29197,
29726,
30255,
30608,
30785,
31314,
31491,
31844,
32549,
34844,
35197,
40844,
45432,
52314,
55491,
63961,
70843,
74019,
75431,
81431,
82137,
82843,
83372,
84255,
84961,
85666,
86725,
87255,
87784,
88490,
89019,
89372,
89725,
90255,
91137,
92372,
92725,
93431,
96255,
96960,
97313,
98196,
99255,
99431,
101902,
104372,
105078,
105784,
106490,
106843,
107196,
107549,
107902,
109666,
109843,
110019,
110372,
110637,
110813,
111078,
112490,
112666,
112843,
113019,
113460,
113902,
114255,
114784,
115843,
116196,
116549,
117255,
119549,
119902,
127843,
134725,
137549,
139313,
141431,
141608,
141784,
143549,
145313,
146372,
146549,
146725,
147784,
154666,
156078,
157313,
157843,
158725,
159431,
159784,
160313,
161725,
162608,
163137,
164196,
167549,
168608,
169137,
169490,
170549,
171255,
174078,
174255,
174608,
179902,
180431,
180784,
182549,
182725,
184490,
185019,
185549,
186078,
186431,
186960,
188196,
188372,
190137,
190666,
191019,
191549,
192960,
215689,
217101,
217454,
217807,
218160,
218513,
218866,
219748,
220983,
221336,
221689,
222042,
223101,
224160,
224866,
225219,
228395,
229101,
231925,
232630,
232983,
233866,
234925,
235101,
237572,
240042,
240748,
241454,
242160,
243925,
245866,
246572,
246925,
247630,
248160,
248513,
248954,
249307,
249925,
250630,
254513,

1 Column Release Times:
3350,
5150,
6750,
7150,
7550,
8150,
9950,
12950,
14750,
16350,
16750,
17150,
17750,
19550,
25050,
25226,
25402,
25755,
26020,
26197,
26726,
27873,
28049,
28579,
28932,
29549,
29902,
30432,
30697,
30873,
31402,
31579,
31932,
32726,
35020,
35549,
41020,
45608,
52667,
55667,
64138,
71196,
74196,
75608,
81784,
82490,
83196,
83549,
84608,
85313,
86019,
86902,
87431,
88137,
88843,
89196,
89549,
90078,
90608,
91313,
92549,
92902,
93608,
96431,
97137,
97490,
98549,
99343,
99608,
102255,
104460,
105166,
105872,
106578,
106931,
107284,
107637,
107990,
109755,
109931,
110108,
110460,
110725,
110902,
111431,
112578,
112755,
112931,
113108,
113549,
114078,
114608,
114960,
115931,
116284,
116637,
117431,
119725,
120255,
128196,
134902,
137725,
140725,
141519,
141696,
141872,
144960,
145666,
146460,
146637,
146813,
148490,
154843,
156255,
157666,
158019,
159078,
159696,
160049,
160490,
161902,
162960,
163313,
164372,
167725,
168784,
169313,
169666,
170725,
171608,
174166,
174431,
174960,
180078,
180608,
180960,
182637,
182813,
184843,
185196,
185725,
186255,
186608,
187137,
188284,
188460,
190490,
190843,
191196,
191725,
194019,
216748,
217189,
217542,
217895,
218248,
218601,
218954,
220013,
221072,
221425,
221866,
222219,
223189,
224248,
224954,
225307,
228572,
229278,
232101,
232807,
233160,
234219,
235013,
235278,
237925,
240130,
240836,
241542,
242248,
244630,
245954,
246660,
247013,
247719,
248248,
248601,
249042,
249395,
250013,
250719,
255925,

2 Column Hit Times:
2550,
4150,
5350,
8950,
10950,
14950,
15350,
18550,
20950,
23550,
23726,
23991,
24167,
24432,
24697,
27608,
32726,
35814,
36079,
36432,
36785,
37226,
37491,
38020,
38549,
38902,
39432,
39785,
40491,
41549,
41902,
42432,
42961,
43667,
44726,
44991,
45432,
47020,
47197,
47373,
47726,
47902,
48255,
48961,
49667,
50197,
50373,
50726,
51079,
52844,
53197,
53461,
53902,
54520,
54961,
55138,
56020,
56285,
56638,
57079,
57432,
57608,
58049,
58314,
58755,
59108,
59814,
60520,
62197,
62902,
63608,
64491,
66255,
66608,
66961,
67314,
68020,
68549,
68726,
72432,
72696,
72873,
73313,
73666,
74019,
74372,
75255,
76225,
76402,
76931,
77108,
77372,
77637,
77813,
78166,
78519,
80019,
80196,
80372,
80813,
81078,
90784,
91490,
92549,
93960,
94843,
96078,
96255,
96784,
99078,
99608,
100137,
100313,
101108,
102960,
103137,
103666,
103843,
104196,
104372,
104637,
104902,
105078,
105343,
105608,
105784,
106049,
106313,
106490,
106755,
108431,
108608,
112402,
115137,
117431,
120519,
120784,
121049,
121313,
121755,
122108,
122372,
123431,
124137,
124666,
125019,
125372,
126431,
126608,
126872,
127049,
127225,
128725,
129078,
129431,
129696,
130049,
130490,
130843,
131108,
131372,
131813,
132078,
132784,
133490,
134196,
134902,
135343,
136049,
136755,
137725,
140019,
144255,
149549,
149902,
150078,
150431,
150608,
150960,
151137,
151578,
151755,
151931,
153519,
153696,
153872,
154313,
157843,
158019,
158725,
160137,
161372,
162431,
162608,
163843,
164549,
165255,
166313,
166843,
168784,
171784,
172049,
172402,
173196,
173460,
173902,
174431,
176284,
176725,
176990,
177255,
178843,
179019,
179196,
179372,
179549,
179902,
181799,
182990,
186255,
186960,
187666,
188549,
189078,
189784,
191813,
192431,
192608,
194373,
194773,
195173,
196773,
197173,
197573,
199173,
199573,
199973,
200373,
200773,
201173,
201873,
202773,
203173,
203439,
203973,
206673,
208106,
208373,
208506,
208773,
209173,
209573,
210273,
212373,
212673,
213439,
217983,
218160,
219395,
220807,
222925,
223278,
223454,
223719,
223895,
224425,
224601,
225042,
225395,
226101,
226454,
227072,
227248,
227513,
227778,
227954,
228130,
229630,
230513,
230866,
231572,
231748,
231925,
232454,
233689,
234483,
234660,
235278,
235807,
235983,
236778,
238454,
238630,
238807,
239160,
239336,
239513,
239689,
239866,
240042,
240307,
240572,
240748,
241013,
241277,
241454,
241719,
241983,
242160,
242425,
242601,
242954,
243307,
243660,
245689,
246395,
247101,
247807,
250983,
251160,
251513,
251689,
251866,
252219,
252660,
253101,
253277,
253454,
253630,

2 Column Long Note Times:
3350,
6150,
8150,
10150,
11350,
11750,
12150,
12950,
15750,
17750,
19750,
25491,
25844,
26197,
26726,
28138,
28314,
28667,
28844,
29020,
29549,
29902,
30255,
30961,
31138,
31579,
31755,
32020,
33432,
35020,
35549,
41020,
44197,
45697,
54255,
61491,
64138,
71373,
81255,
81784,
82313,
82666,
83196,
83725,
84078,
84608,
85137,
85490,
85843,
86902,
87431,
87960,
88313,
88843,
89549,
89902,
90431,
90960,
91666,
92902,
93255,
93608,
94490,
96431,
97137,
97490,
98196,
100666,
100843,
101549,
102255,
106931,
107284,
107725,
108078,
108960,
110196,
110549,
110902,
111431,
113196,
113460,
113725,
114078,
114608,
115313,
115490,
115666,
116019,
116284,
116460,
116725,
118137,
119725,
120255,
125549,
126078,
127490,
134549,
138608,
140725,
142137,
142313,
142490,
145666,
147078,
147255,
147431,
155019,
155372,
155902,
156431,
156960,
157490,
158196,
158902,
159431,
159784,
160490,
161019,
161549,
162078,
162960,
163490,
164019,
165431,
166490,
167196,
167725,
168078,
168431,
168960,
169313,
170019,
170725,
171078,
171431,
172666,
172843,
174784,
175137,
175490,
175843,
180078,
180608,
180960,
181534,
182019,
183255,
184313,
184843,
185372,
185725,
186608,
187137,
188725,
189431,
190313,
190843,
191372,
192078,
214278,
216748,
221336,
222572,
228572,
228925,
229278,
230160,
232101,
232807,
233160,
233866,
236336,
236513,
237219,
237925,
244630,
245513,
245954,
246219,
246660,
246925,
247366,
247630,
248072,
248248,
248601,
248866,
249219,
249572,
249836,
250101,
250277,
250542,
250807,
254513,

2 Column Release Times:
3750,
6550,
8550,
10550,
11550,
11950,
12350,
13350,
16150,
18150,
20150,
25579,
25932,
26285,
27079,
28226,
28402,
28755,
28932,
29108,
29726,
30079,
30608,
31049,
31226,
31667,
31844,
32373,
34844,
35197,
35726,
41197,
44373,
45873,
54432,
61667,
64314,
71726,
81608,
82137,
82490,
83019,
83549,
83902,
84431,
84961,
85313,
85666,
86019,
87255,
87784,
88137,
88666,
89196,
89725,
90255,
90608,
91313,
91843,
93078,
93431,
93784,
94666,
96608,
97313,
97843,
98549,
100755,
101019,
101902,
102608,
107019,
107372,
107813,
108166,
109666,
110284,
110637,
110990,
111784,
113284,
113549,
113813,
114255,
114960,
115402,
115578,
115755,
116108,
116372,
116549,
117078,
119549,
119902,
120431,
125725,
126255,
127666,
134725,
139313,
141431,
142225,
142402,
142578,
146372,
147166,
147343,
147519,
155196,
155549,
156255,
156608,
157313,
157666,
158372,
159255,
159696,
160049,
160843,
161196,
161902,
162255,
163313,
163666,
164372,
165608,
166666,
167372,
167902,
168255,
168608,
169137,
169490,
170196,
170902,
171255,
171608,
172755,
173019,
174960,
175313,
175666,
176019,
180255,
180784,
181225,
181755,
182196,
183563,
184490,
185196,
185549,
185902,
186784,
187313,
188902,
189608,
190490,
191196,
191549,
192255,
215689,
216925,
221425,
222836,
228748,
229101,
229454,
230336,
232278,
232983,
233513,
234219,
236425,
236689,
237572,
238278,
245336,
245601,
246042,
246307,
246748,
247013,
247454,
247719,
248160,
248336,
248689,
248954,
249307,
249660,
249925,
250189,
250366,
250630,
250895,
255748,

3 Column Hit Times:
1750,
2150,
2683,
2950,
6550,
8150,
11350,
16150,
17350,
17750,
19750,
23638,
23902,
24079,
24344,
24520,
24785,
26373,
27697,
30432,
32902,
33079,
33344,
33608,
33785,
34138,
35726,
35902,
36520,
36873,
37138,
37314,
37667,
37844,
38461,
38726,
39079,
39432,
40138,
40491,
40844,
41197,
41549,
42079,
42255,
42608,
42961,
43314,
44726,
45079,
47108,
47373,
47549,
48255,
48608,
49138,
49667,
50020,
50285,
50726,
50902,
51432,
51608,
51961,
52314,
52755,
53020,
53373,
53638,
53814,
54608,
54785,
55314,
56373,
56726,
56991,
57344,
57697,
57961,
58402,
58667,
59373,
60079,
60785,
61932,
62638,
63344,
65549,
66608,
67579,
68373,
69079,
69432,
69785,
70138,
72961,
73490,
74196,
74725,
75078,
75872,
76049,
76578,
76755,
77284,
77461,
77725,
78078,
78431,
78608,
79313,
80108,
80284,
80461,
80637,
80902,
84431,
84608,
85313,
86725,
87960,
89019,
89196,
90431,
91137,
91843,
92902,
93431,
95372,
98372,
98637,
98990,
99872,
100049,
100490,
101019,
102784,
103313,
103490,
104019,
104284,
104549,
104725,
104990,
105255,
105431,
105696,
105960,
106137,
106402,
106666,
106843,
109225,
109490,
111078,
112313,
117608,
117784,
118137,
118313,
118843,
119196,
120431,
120608,
121225,
121578,
121843,
122284,
122725,
123078,
123784,
124137,
124313,
124843,
125019,
125372,
125725,
126255,
126519,
127313,
127666,
127843,
128284,
128460,
128637,
129431,
129784,
130137,
130402,
130755,
131019,
131460,
131725,
132166,
132519,
133225,
133931,
134902,
135608,
136313,
137019,
137637,
149196,
149372,
149725,
150255,
150696,
150872,
151313,
151490,
151843,
152019,
152725,
153431,
153608,
153784,
154049,
154225,
154490,
164196,
164902,
165960,
167372,
168255,
169490,
169666,
170196,
172490,
173019,
173372,
173549,
173725,
174519,
176196,
176637,
177078,
177343,
178931,
179108,
179284,
179460,
180608,
181313,
182902,
183431,
184137,
185902,
186960,
188637,
191725,
191902,
192519,
195573,
195973,
197973,
198373,
198773,
200373,
200773,
203306,
203973,
204373,
204773,
205173,
205573,
207573,
207973,
208239,
208639,
209073,
209973,
210373,
211473,
212373,
212673,
213173,
213306,
217278,
217454,
217630,
217807,
218689,
218866,
219042,
219219,
220983,
223013,
223189,
223630,
224336,
224689,
224866,
225130,
225307,
225748,
225925,
226278,
227160,
227425,
227601,
227778,
227954,
228219,
228395,
229101,
231042,
232983,
233160,
234130,
234307,
234748,
235807,
236160,
236689,
236866,
238454,
238807,
238983,
239160,
239513,
239689,
239954,
240219,
240395,
240660,
240925,
241101,
241366,
241630,
241807,
242072,
242336,
242513,
242689,
243042,
243483,
243836,
245336,
246042,
246748,
247454,
248160,
251248,
251954,
252395,
252572,
252925,
253366,
253542,
253719,

3 Column Long Note Times:
3750,
5750,
8950,
9350,
10550,
13350,
15350,
18550,
18950,
20150,
20950,
21350,
21750,
24961,
25138,
25314,
25667,
25932,
26108,
26550,
27079,
28491,
28755,
29020,
29373,
29902,
30608,
30785,
31314,
31491,
31844,
32373,
34844,
35373,
44020,
45961,
54079,
55667,
61314,
64314,
71902,
73843,
81608,
81961,
82490,
83019,
83549,
84078,
84784,
85490,
86019,
86372,
87078,
87608,
88137,
88666,
89549,
90078,
90608,
92019,
93078,
93784,
94313,
94666,
95019,
95549,
95902,
96608,
97313,
97666,
98019,
99255,
99431,
101372,
101725,
102078,
102431,
107019,
107372,
107637,
107990,
108255,
109666,
109843,
110019,
110372,
110637,
110813,
111255,
111784,
112843,
113019,
113372,
113549,
113725,
114255,
114608,
114960,
115843,
116196,
116549,
117078,
119549,
120078,
128902,
137372,
137902,
139666,
140725,
140902,
141078,
142137,
143549,
144960,
147784,
147960,
148137,
154666,
155196,
155725,
156078,
156608,
157137,
157490,
158019,
158549,
158902,
159255,
160313,
160843,
161372,
161725,
162255,
162960,
163313,
163843,
164372,
165078,
166313,
166666,
167019,
167902,
169843,
170549,
170902,
171608,
174078,
174255,
174960,
175666,
179725,
181843,
182196,
183608,
184490,
184843,
185196,
186255,
187490,
187843,
189078,
189784,
190137,
190490,
190843,
191196,
192255,
192784,
196373,
201173,
205973,
210773,
216925,
218336,
219925,
220278,
220630,
221513,
222395,
223983,
226807,
228748,
229454,
229983,
230336,
230689,
231219,
231572,
232278,
233336,
233689,
234925,
235101,
237042,
237395,
237748,
238101,
244630,
245601,
245866,
246307,
246572,
247013,
247277,
247719,
247983,
248336,
248689,
249042,
249395,
249748,
249925,
250189,
250454,
250630,
250895,
254513,

3 Column Release Times:
4150,
6150,
9150,
9550,
10950,
13750,
15750,
18750,
19150,
20550,
21150,
21550,
22150,
25050,
25226,
25402,
25755,
26020,
26197,
26726,
27255,
28579,
28844,
29108,
29549,
30255,
30697,
30873,
31402,
31579,
31932,
32726,
35197,
35549,
44197,
46138,
54255,
56020,
61491,
64491,
72255,
74019,
81784,
82137,
82843,
83196,
83902,
84255,
84961,
85843,
86284,
86637,
87431,
87784,
88490,
88843,
89902,
90255,
90960,
92196,
93255,
93960,
94490,
94843,
95196,
95725,
96078,
96784,
97490,
97843,
98196,
99343,
99608,
101549,
101902,
102255,
102608,
107108,
107460,
107725,
108078,
108960,
109755,
109931,
110108,
110460,
110725,
110902,
111431,
111960,
112931,
113108,
113460,
113637,
113813,
114431,
114784,
115313,
115931,
116284,
116637,
117431,
119902,
120255,
129078,
137549,
138608,
140019,
140813,
140990,
141166,
142843,
144255,
146372,
147872,
148049,
148225,
155019,
155549,
155902,
156431,
156960,
157313,
157843,
158372,
158725,
159078,
159431,
160666,
161196,
161549,
162078,
162608,
163137,
163666,
164019,
164725,
165255,
166490,
166843,
167196,
168078,
170019,
170725,
171255,
171960,
174166,
174431,
175313,
176019,
179902,
182019,
182372,
184049,
184666,
185019,
185549,
186431,
187578,
188019,
189255,
189960,
190313,
190666,
191019,
191549,
192431,
192960,
196773,
201573,
206373,
211173,
217189,
218601,
220013,
220366,
220719,
221601,
222572,
224248,
226983,
228925,
229630,
230160,
230513,
230866,
231395,
231748,
232454,
233513,
233866,
235013,
235278,
237219,
237572,
237925,
238278,
245248,
245689,
245954,
246395,
246660,
247101,
247366,
247807,
248072,
248425,
248777,
249130,
249483,
249836,
250013,
250277,
250542,
250719,
250983,
255748,

4 Column Hit Times:
2416,
2816,
3350,
6150,
7750,
10150,
12550,
12950,
15750,
20150,
23550,
23726,
23902,
24255,
24432,
24608,
24873,
26726,
27255,
27432,
32020,
33255,
33785,
34314,
34491,
36079,
36344,
36697,
36961,
37579,
38197,
38373,
38726,
39255,
39785,
40138,
40667,
41902,
42608,
43138,
43491,
43844,
45079,
45432,
45697,
45961,
46314,
46579,
46844,
47549,
47902,
48079,
48608,
48961,
49314,
49844,
50373,
51079,
51432,
52667,
53020,
53373,
53549,
53726,
55314,
56373,
56726,
56902,
57255,
57785,
58138,
58491,
58844,
59108,
59549,
59814,
60255,
60520,
60961,
61667,
61844,
62197,
62373,
62549,
62902,
63079,
63255,
63608,
63785,
64138,
65461,
67667,
68726,
69785,
70491,
72432,
72961,
73313,
74725,
74902,
75784,
75961,
76490,
76666,
77196,
77902,
78255,
78608,
79313,
80108,
80284,
80549,
80990,
81608,
81784,
81961,
82137,
82313,
82490,
83019,
83196,
83372,
83549,
84961,
85137,
87255,
87431,
87608,
87784,
88137,
88666,
88843,
90078,
90255,
90608,
91313,
91666,
91931,
92549,
93255,
93608,
93960,
94490,
94843,
96431,
96784,
97490,
98549,
98725,
98902,
99608,
100137,
100313,
101902,
102255,
102608,
102872,
103313,
103578,
104549,
105255,
105960,
106666,
106843,
108872,
109137,
109313,
109578,
111431,
111960,
112137,
116725,
117960,
118490,
118666,
119196,
119372,
120784,
121137,
121490,
121666,
121931,
122196,
122549,
122902,
123078,
123431,
123784,
124490,
125019,
125725,
126608,
127313,
127666,
128196,
128372,
128549,
129078,
129784,
130137,
130313,
130666,
131196,
131549,
131902,
132255,
132431,
132784,
132960,
133137,
133490,
133666,
133843,
134196,
134372,
135078,
135343,
135784,
136049,
136490,
136755,
137196,
137549,
145666,
149460,
149813,
150255,
150608,
150784,
151402,
152019,
152725,
153431,
153608,
153784,
154137,
154578,
157137,
157313,
158196,
159608,
159960,
164372,
164990,
165431,
166490,
167196,
167725,
168078,
168784,
169137,
169313,
170019,
171255,
172137,
172490,
173196,
173902,
174608,
174960,
176019,
176549,
178931,
179108,
179284,
179460,
180255,
180608,
180960,
181666,
182019,
182372,
183078,
183563,
186255,
186608,
187313,
191725,
191902,
192519,
194373,
194773,
195173,
195873,
197073,
197973,
198373,
198773,
199473,
201573,
201973,
202373,
202773,
203173,
203573,
203706,
203839,
204373,
204773,
205473,
206373,
206773,
207173,
207873,
208639,
209173,
209573,
211173,
211573,
211973,
212773,
213173,
213306,
220454,
223101,
225219,
225572,
226630,
226983,
227160,
227336,
227689,
227866,
228042,
228307,
228748,
228925,
229278,
229454,
229630,
230160,
230513,
232101,
232278,
232454,
232807,
232983,
234042,
234219,
234748,
235278,
235542,
235719,
236160,
237572,
237925,
238278,
238542,
238983,
239248,
240219,
240925,
241630,
242336,
242513,
242777,
243130,
243395,
243748,
245336,
245689,
246042,
246395,
246748,
247101,
247454,
247807,
248160,
250983,
251248,
251513,
251689,
251954,
252219,
252395,
252572,
253101,
253366,
253542,

4 Column Long Note Times:
4150,
4550,
5350,
8550,
10950,
13750,
14150,
14950,
18150,
20550,
25491,
25844,
26197,
26902,
27785,
27961,
28138,
28314,
28755,
29197,
29549,
30079,
30961,
31138,
31579,
31755,
32197,
32726,
35197,
35549,
41197,
44373,
51785,
52138,
54255,
55667,
61138,
70843,
71373,
71902,
73666,
74196,
75431,
81255,
82666,
83902,
84431,
85313,
86019,
86372,
86902,
88313,
89196,
89725,
90784,
94137,
95196,
95725,
96078,
97137,
97843,
100666,
100843,
101196,
104019,
104725,
105431,
106137,
107108,
107460,
107813,
108166,
110196,
110549,
110902,
111608,
112490,
112666,
113196,
113549,
113902,
114431,
114960,
115313,
115490,
115666,
116019,
116284,
116460,
116902,
117431,
119902,
120255,
125902,
134725,
137902,
140019,
142843,
143019,
143196,
144255,
146372,
148490,
148666,
148843,
154843,
155549,
156255,
156784,
157666,
158372,
159078,
160137,
160666,
161196,
161902,
162431,
162784,
163137,
163666,
164549,
165784,
166137,
166843,
169666,
170372,
170725,
171608,
172666,
172843,
175313,
177431,
179902,
181225,
182549,
182725,
184049,
184666,
185196,
185549,
186784,
187578,
188196,
188372,
188902,
189255,
189608,
189960,
190490,
191196,
215689,
219219,
219572,
221160,
221689,
222042,
222748,
223454,
223807,
224513,
229807,
230866,
231395,
231748,
233513,
236336,
236513,
236866,
239689,
240395,
241101,
241807,
243925,
245513,
246219,
247277,
247983,
248425,
248777,
249130,
249483,
250277,
254513,

4 Column Release Times:
4350,
4750,
5750,
8950,
11350,
13950,
14350,
15350,
18550,
20950,
25579,
25932,
26285,
27079,
27873,
28049,
28226,
28402,
28844,
29373,
29902,
30255,
31049,
31226,
31667,
31844,
32373,
32902,
35373,
35902,
41549,
44726,
51961,
52314,
54432,
56020,
61314,
71196,
71726,
72255,
73843,
74549,
75608,
81431,
82843,
84255,
84608,
85666,
86284,
86637,
87078,
88490,
89549,
89902,
90960,
94313,
95372,
95902,
96255,
97313,
98196,
100755,
101019,
101549,
104196,
104902,
105608,
106313,
107196,
107549,
107902,
108255,
110284,
110637,
110990,
111784,
112578,
112755,
113284,
113637,
114255,
114608,
115137,
115402,
115578,
115755,
116108,
116372,
116549,
117078,
117608,
120078,
120608,
126078,
134902,
139313,
140725,
142931,
143108,
143284,
144960,
147078,
148578,
148755,
148931,
155196,
155902,
156608,
156960,
158019,
158725,
159431,
160313,
160843,
161549,
162255,
162608,
162960,
163490,
164019,
164725,
165960,
166313,
167019,
169843,
170549,
170902,
171960,
172755,
173019,
175666,
178843,
180078,
181313,
182637,
182813,
184313,
184843,
185372,
185902,
186960,
187666,
188284,
188460,
189078,
189431,
189784,
190137,
190843,
191372,
216748,
219307,
219660,
221425,
221866,
222219,
222836,
223542,
223895,
224601,
229983,
231042,
231572,
231925,
233866,
236425,
236689,
237219,
239866,
240572,
241277,
241983,
244630,
245601,
246307,
247366,
248072,
248513,
248866,
249219,
249572,
250895,
255925,

