Artist : hololive
Song Name : hololive song pack
Difficulty : 0
BPM : 150
Background Image : charts\hololive-hololive song pack\Ochame Kinou - 5th Gen.ver.png
Audio : charts\hololive-hololive song pack\Ochame Kinou - 5th Gen.ver.ogg

1 Column Hit Times:
6500,
7500,
8300,
10700,
11500,
15500,
16300,
20500,
21300,
26700,
27100,
27500,
27900,
28300,
28700,
29100,
29500,
33100,
33500,
33900,
34300,
34700,
35100,
35900,
39900,
40700,
41500,
42300,
46300,
47100,
47900,
48700,
49100,
56500,
57500,
59500,
60300,
61900,
62500,
62900,
63500,
64100,
64500,
65100,
65700,
67700,
69000,
69700,
70600,
71300,
72200,
72500,
73500,
76700,
76900,
82100,
83700,
83900,
84500,
85900,
86100,
87100,
87500,
88700,
89100,
90100,

1 Column Long Note Times:
1300,
2300,
2900,
3900,
4500,
5500,
9100,
12700,
13900,
17100,
19100,
21900,
49900,
51500,
53100,
53900,
55100,
66700,
67900,
73700,
75300,
77700,
79100,
79700,
80100,
84700,
90300,

1 Column Release Times:
1500,
2500,
3100,
4100,
4700,
5700,
9500,
13100,
14300,
17500,
19500,
22100,
50200,
51800,
53400,
54100,
55500,
67100,
68300,
74100,
75500,
78500,
79300,
79900,
80500,
85100,
90500,

2 Column Hit Times:
2100,
3700,
5300,
6200,
6500,
8600,
9500,
10500,
11800,
14300,
15300,
16600,
17500,
18500,
19500,
20300,
21100,
27100,
27900,
28700,
29500,
33500,
34300,
35100,
39500,
39900,
40300,
40700,
41100,
41500,
41900,
42300,
45900,
46300,
46700,
47100,
47500,
47900,
48300,
55500,
56300,
57900,
58700,
59100,
59300,
60300,
60600,
62100,
63100,
63700,
64700,
65300,
66500,
68700,
70300,
71900,
72700,
74700,
76100,
77500,
80900,
82700,
82900,
86900,
87500,
87900,
89500,
89900,

2 Column Long Note Times:
13500,
23100,
50200,
51800,
53400,
54100,
54900,
81300,

2 Column Release Times:
13900,
23500,
50500,
52100,
53700,
54300,
55100,
81500,

3 Column Hit Times:
1800,
2000,
3400,
3600,
5000,
5200,
5900,
6200,
7900,
8900,
10200,
11100,
12100,
13300,
15000,
15900,
16900,
18200,
19700,
20700,
21500,
23900,
24700,
25500,
26300,
30300,
31100,
31900,
32700,
35500,
36300,
36700,
37100,
37500,
37900,
38300,
38700,
39100,
42700,
43100,
43500,
43900,
44300,
44700,
45100,
45500,
57100,
58100,
60600,
60900,
62300,
63900,
65500,
66300,
68500,
69500,
70100,
71100,
71700,
72900,
74100,
75500,
75700,
76300,
76500,
77300,
81000,
82500,
86300,
86900,
88300,
88700,
89500,

3 Column Long Note Times:
22700,
49500,
50500,
51100,
52100,
52700,
53700,
54300,
54700,
74300,
79300,
79900,
84100,

3 Column Release Times:
22900,
49900,
50700,
51500,
52300,
53100,
53900,
54500,
54900,
74700,
79500,
80100,
84500,

4 Column Hit Times:
5900,
9100,
9900,
13100,
13900,
14700,
17100,
17900,
20900,
21700,
23500,
23900,
24300,
24700,
25100,
25500,
25900,
26300,
29900,
30300,
30700,
31100,
31500,
31900,
32300,
32700,
35900,
36700,
37500,
38300,
39100,
43100,
43900,
44700,
45500,
48700,
50300,
51900,
53500,
55900,
56700,
57300,
58500,
58900,
59700,
59900,
60900,
62600,
63300,
64200,
64900,
65800,
66100,
67100,
68300,
68900,
69300,
69900,
70500,
70900,
71500,
72100,
74700,
77100,
82300,
83100,
83300,
85700,
87900,
88300,
89100,
90100,

4 Column Long Note Times:
1100,
1500,
2700,
3100,
4300,
4700,
7500,
10700,
12300,
15500,
18700,
19900,
22300,
49100,
50700,
52300,
54500,
67300,
73100,
75900,
78900,
79500,
80500,
81100,
81500,
86500,
90300,

4 Column Release Times:
1300,
1800,
2900,
3400,
4500,
5000,
7900,
11100,
12700,
15900,
19100,
20300,
22500,
49500,
51100,
52700,
54700,
67700,
73500,
76100,
79100,
79700,
80700,
81300,
81900,
86900,
90500,

