Artist : hololive
Song Name : hololive song pack
Difficulty : 0
BPM : 190
Background Image : charts\hololive-hololive song pack\Ochame Kinou - 5th Gen.ver.png
Audio : charts\hololive-hololive song pack\Ochame Kinou - 5th Gen.ver.ogg

1 Column Hit Times:
1800,
2000,
3700,
5000,
5200,
6900,
7100,
12300,
20500,
21100,
21400,
21900,
25300,
26300,
26900,
28500,
29300,
31700,
32700,
34700,
35300,
37300,
39100,
40500,
42100,
42900,
44500,
45300,
47500,
47900,
49900,
50300,
51500,
51900,
53100,
53500,
53900,
55100,
55500,
55900,
56300,
56900,
57500,
58100,
58600,
59100,
59700,
59900,
60300,
60600,
60800,
61900,
62300,
62600,
63100,
64100,
64700,
65100,
65500,
65800,
66700,
67100,
67700,
67900,
68700,
69000,
69500,
70300,
70900,
71900,
72200,
73100,
73500,
74700,
75300,
76100,
80900,
81100,
81500,
82100,
84500,
85100,
85300,
87500,
87900,
88700,
89100,
89800,

1 Column Long Note Times:
1300,
2700,
3100,
3900,
4500,
5900,
6500,
7500,
9100,
10700,
12900,
13300,
14700,
16300,
17900,
18900,
19500,
22500,
22900,
24700,
27900,
30300,
33500,
36700,
38300,
39900,
40700,
46300,
48300,
49100,
50700,
52300,
54300,
54700,
61300,
63500,
66300,
69900,
71500,
74100,
75700,
76300,
77100,
78900,
80100,
82700,
83300,
83900,
85900,
86500,
90300,

1 Column Release Times:
1500,
2900,
3300,
4100,
4700,
6100,
6700,
7900,
9500,
11100,
13100,
13500,
15000,
16600,
18200,
19100,
19700,
22700,
23100,
24900,
28100,
30500,
33700,
36900,
38500,
40100,
40900,
46500,
48500,
49500,
51100,
52700,
54500,
54900,
61700,
63700,
66500,
70100,
71700,
74300,
75900,
76700,
77700,
79100,
80300,
83100,
83500,
84100,
86100,
86900,
90500,

2 Column Hit Times:
1800,
2000,
3300,
3700,
5000,
5200,
6950,
7100,
18700,
20600,
21300,
21900,
24500,
24900,
26100,
26500,
27700,
28100,
29500,
30100,
32500,
34100,
34500,
35100,
36500,
38100,
38900,
39700,
40100,
41300,
42500,
45700,
46500,
46900,
47500,
50100,
51700,
53300,
54100,
54700,
55200,
55500,
56500,
57100,
57800,
58100,
58700,
59300,
59500,
59900,
60300,
60600,
60800,
62600,
62900,
63300,
64200,
64500,
64900,
65800,
66700,
67100,
68700,
69300,
69500,
70600,
71100,
71500,
72100,
73100,
73400,
73700,
75300,
75500,
75700,
76000,
80500,
80900,
81300,
82100,
82500,
84600,
85500,
85700,
85900,
86900,
87100,
87500,
87800,
88100,
88300,
88500,
89000,
89300,
89900,
90100,

2 Column Long Note Times:
4100,
5900,
6500,
7900,
8900,
9500,
10500,
11100,
12100,
12500,
13100,
13500,
14300,
15000,
15900,
16600,
17500,
18200,
19300,
19700,
22300,
22700,
23100,
23900,
25500,
27100,
28700,
31100,
31900,
33100,
35900,
37100,
41500,
43100,
43900,
44700,
45100,
48500,
49500,
50500,
51100,
52100,
52700,
53700,
54300,
61500,
62100,
63700,
65300,
67300,
68300,
70100,
72500,
74300,
76500,
77500,
79300,
79900,
82900,
83300,
86100,
90300,

2 Column Release Times:
4300,
6100,
6700,
8300,
9100,
9900,
10700,
11500,
12300,
12700,
13300,
13700,
14700,
15300,
16300,
16900,
17900,
18500,
19500,
19900,
22500,
22900,
23500,
24100,
25700,
27300,
28900,
31300,
32100,
33300,
36300,
37300,
41700,
43300,
44100,
44900,
45300,
48700,
49900,
50700,
51500,
52300,
53100,
53900,
54500,
61900,
62300,
63900,
65500,
67700,
68500,
70300,
72700,
74700,
76700,
77700,
79500,
80300,
83100,
83500,
86300,
90500,

3 Column Hit Times:
1700,
2100,
3400,
3600,
4900,
5300,
7000,
7300,
20300,
20900,
21500,
21800,
23700,
24100,
25700,
30500,
30900,
31300,
33300,
34700,
35100,
36900,
38500,
39300,
41700,
42300,
43300,
43700,
47300,
47900,
49300,
49700,
50700,
51100,
52300,
52700,
54100,
54900,
55300,
55700,
56200,
57300,
57900,
59800,
60000,
60300,
60500,
60900,
62300,
63100,
63500,
63900,
64200,
64700,
65700,
67000,
67700,
67900,
68900,
69300,
69700,
70500,
70900,
71300,
71900,
73300,
74700,
75500,
75900,
81000,
82300,
84700,
85600,
85800,
86900,
87100,
87700,
87900,
88200,
88600,
88900,
89500,
89700,
90100,

3 Column Long Note Times:
2500,
5700,
6200,
8600,
10200,
11800,
13300,
15300,
16900,
18500,
19500,
19900,
22900,
25100,
26700,
27500,
28300,
29100,
32300,
33900,
35700,
37500,
40300,
41100,
44300,
45900,
46700,
48700,
50200,
51800,
53400,
54500,
61700,
65100,
66500,
68500,
69900,
72700,
74100,
76900,
77300,
77700,
79100,
79700,
81500,
83100,
84100,
86300,
90300,

3 Column Release Times:
2700,
5900,
6400,
8900,
10500,
12100,
13500,
15500,
17100,
18700,
19700,
20100,
23100,
25300,
26900,
27700,
28500,
29300,
32500,
34100,
35900,
37700,
40500,
41300,
44500,
46100,
46900,
49100,
50500,
52100,
53700,
54700,
61900,
65300,
66700,
68700,
70100,
72900,
74300,
77100,
77500,
78500,
79300,
80300,
82100,
83300,
84500,
86500,
90500,

4 Column Hit Times:
2100,
3400,
3600,
5300,
7050,
7300,
12300,
18700,
20300,
20700,
21000,
21700,
27300,
28900,
29700,
32100,
32900,
33700,
34900,
37700,
40900,
44100,
44900,
45500,
46100,
47700,
48100,
49100,
49500,
50500,
50900,
51300,
52100,
52500,
52900,
53700,
53900,
55400,
55700,
56100,
56600,
57000,
57700,
57900,
58500,
58900,
59400,
59600,
60000,
60500,
60900,
62500,
62900,
63300,
63900,
64500,
64900,
65500,
66900,
69000,
69700,
70300,
70600,
71100,
71300,
72200,
73500,
73700,
75400,
75900,
76100,
81100,
84700,
85200,
85400,
85900,
87500,
88300,
88700,
89100,
89400,
90100,

4 Column Long Note Times:
1100,
1500,
2300,
2900,
4300,
4700,
5500,
6200,
8300,
9900,
11500,
12700,
13100,
13900,
15500,
17100,
19100,
19700,
22100,
22700,
23500,
24300,
25900,
29900,
30700,
31500,
34300,
35500,
36300,
37900,
38700,
39500,
41900,
42700,
43500,
47100,
49900,
51500,
53100,
54500,
54900,
61900,
66100,
67300,
68300,
71700,
72900,
74300,
76700,
77700,
79500,
80500,
83100,
83700,
86500,

4 Column Release Times:
1300,
1700,
2500,
3100,
4500,
4900,
5700,
6400,
8600,
10200,
11800,
12900,
13300,
14300,
15900,
17500,
19300,
19900,
22300,
22900,
23700,
24500,
26100,
30100,
30900,
31700,
34500,
35700,
36500,
38100,
38900,
39700,
42100,
42900,
43700,
47300,
50200,
51800,
53400,
54700,
55100,
62100,
66300,
67700,
68500,
71900,
73100,
74700,
77100,
78500,
79700,
80700,
83300,
83900,
86900,

