Artist : hololive
Song Name : hololive song pack
Difficulty : 0
BPM : 150
Background Image : charts\hololive-hololive song pack\Ochame Kinou - 5th Gen.ver.png
Audio : charts\hololive-hololive song pack\Ochame Kinou - 5th Gen.ver.ogg

1 Column Hit Times:
1800,
2000,
3400,
3600,
5000,
5200,
5900,
6200,
6500,
6966,
7200,
7500,
8300,
8700,
9500,
10700,
11500,
11900,
12300,
12700,
13100,
13300,
13900,
14700,
15100,
15900,
17100,
17900,
18300,
19100,
20500,
20700,
21500,
22000,
22200,
23700,
25300,
25700,
26300,
26600,
26900,
27700,
28500,
29300,
29800,
30900,
31700,
32700,
33000,
34100,
34500,
34700,
35000,
35300,
35500,
37300,
37700,
39100,
39400,
39700,
40500,
41300,
42100,
42400,
42900,
43700,
44500,
45000,
45300,
45700,
46900,
47300,
47500,
47900,
49100,
49500,
49700,
50600,
50900,
51100,
52100,
52300,
52700,
53800,
54000,
55300,
55900,
56300,
56900,
57100,
57500,
57700,
58100,
58600,
59100,
59300,
59500,
59700,
60000,
60300,
60600,
60900,
61900,
62300,
62600,
63000,
63500,
63700,
63900,
64100,
64300,
64700,
65100,
65500,
65700,
65900,
66300,
67500,
67700,
68300,
68700,
69000,
69500,
69900,
70100,
70300,
70500,
70700,
70900,
71500,
71700,
71900,
72100,
72300,
72700,
73100,
73300,
73500,
73900,
74166,
75100,
75300,
75500,
75700,
76000,
76100,
77500,
77700,
78300,
78700,
78900,
79100,
79900,
80700,
81000,
81100,
81500,
81700,
81900,
82200,
82500,
82900,
83100,
83500,
83700,
83900,
84100,
84300,
84700,
85000,
85200,
85400,
85600,
85800,
87100,
87500,
87900,
88300,
88500,
88700,
88900,
89100,
89500,
89800,
90100,

1 Column Long Note Times:
1300,
2300,
2900,
3900,
4500,
5500,
7900,
9100,
9900,
11100,
14300,
15500,
16300,
17500,
18700,
19500,
19900,
22700,
23100,
24700,
27900,
30300,
33500,
35900,
36700,
38300,
39900,
40700,
46300,
48300,
49900,
51500,
53100,
54500,
54900,
66700,
67100,
74300,
76300,
76700,
77100,
77900,
79500,
80300,
86300,
90300,

1 Column Release Times:
1500,
2500,
3100,
4100,
4700,
5700,
8100,
9300,
10200,
11300,
14500,
15700,
16600,
17700,
18900,
19700,
20300,
22800,
23500,
24900,
28100,
30500,
33700,
36300,
36900,
38500,
40100,
40900,
46500,
48500,
50200,
51800,
53400,
54700,
55100,
66900,
67300,
74700,
76500,
76900,
77300,
78100,
79700,
80500,
86900,
90500,

2 Column Hit Times:
1300,
1500,
1800,
2000,
2300,
2900,
3100,
3400,
3600,
3900,
4500,
4700,
5000,
5200,
5500,
6200,
6400,
6900,
7300,
7500,
8500,
8700,
11700,
11900,
12500,
12700,
13100,
14900,
15100,
17300,
18100,
18300,
19000,
19300,
20300,
20600,
21100,
21400,
21700,
21900,
22300,
22500,
24500,
24900,
26100,
26500,
27700,
28100,
29500,
29700,
30100,
32500,
32900,
34100,
34500,
34900,
35300,
35833,
36000,
36500,
38100,
38500,
38900,
39300,
39700,
40100,
40900,
41300,
42000,
42200,
42500,
45400,
45700,
46100,
46500,
46900,
47400,
47600,
47800,
48100,
49300,
49800,
50700,
51000,
51300,
52200,
52500,
52900,
53900,
54200,
54900,
55300,
55500,
55900,
56200,
56500,
57100,
57800,
58100,
58500,
58700,
59400,
59800,
60000,
60300,
60600,
60800,
61900,
62300,
62600,
62900,
63100,
63300,
63500,
63900,
64200,
64500,
64700,
65000,
65200,
65400,
65800,
66100,
66300,
66900,
67100,
67500,
67900,
68300,
68700,
68900,
69100,
69300,
69500,
69800,
70000,
70200,
70600,
71000,
71300,
71500,
71900,
72200,
72500,
72900,
73100,
73400,
73700,
73900,
74100,
74300,
75300,
75500,
76000,
76500,
77000,
77300,
77500,
77800,
78200,
78500,
78700,
79100,
79300,
79500,
79800,
80100,
80300,
80600,
80900,
81100,
81400,
81800,
82000,
82200,
82400,
82700,
82900,
83100,
83300,
83500,
83900,
84300,
84500,
84700,
84900,
85100,
85400,
85600,
85800,
86900,
87500,
87900,
88300,
88600,
88800,
89000,
89300,
89500,
89800,
90100,

2 Column Long Note Times:
2500,
4100,
5700,
8100,
8900,
9300,
9800,
10200,
11300,
12100,
13500,
14500,
15300,
15700,
16200,
16600,
17700,
18500,
19700,
22800,
23100,
23900,
25500,
27100,
28700,
31100,
31900,
33100,
37100,
41500,
43100,
43900,
44700,
45100,
48500,
50200,
51800,
53400,
54500,
61500,
74700,
76700,
86100,

2 Column Release Times:
2700,
4300,
5900,
8200,
9100,
9500,
9900,
10500,
11400,
12300,
13900,
14600,
15500,
15900,
16300,
16900,
17800,
18700,
19900,
22900,
23500,
24100,
25700,
27300,
28900,
31300,
32100,
33300,
37300,
41700,
43300,
44100,
44900,
45300,
48700,
50500,
52100,
53700,
54700,
61700,
75100,
76900,
86300,

3 Column Hit Times:
1500,
1700,
2100,
2300,
3100,
3300,
3700,
3900,
4700,
4900,
5300,
5500,
5900,
6100,
6500,
7033,
7400,
10100,
10300,
12300,
12600,
12900,
13100,
15700,
16500,
16700,
18900,
20700,
21000,
21300,
21500,
21800,
22400,
22600,
24100,
24500,
25700,
26100,
27300,
28900,
29600,
30100,
30500,
30900,
31300,
31700,
32100,
32600,
32800,
33300,
33700,
34800,
35100,
35400,
35700,
36100,
36900,
38100,
38500,
39000,
39300,
41700,
42100,
42300,
42600,
42900,
43300,
43700,
44100,
44600,
44900,
45300,
45600,
46200,
46500,
47000,
47300,
47700,
48100,
50100,
50300,
50800,
51700,
51900,
52500,
53300,
53500,
54100,
54700,
55200,
55500,
55700,
56100,
56500,
56700,
56900,
57300,
57500,
57900,
58300,
58700,
58900,
59100,
59600,
59900,
60500,
60900,
62000,
62200,
62500,
62700,
63100,
63400,
63600,
63800,
64200,
64600,
64900,
65100,
65500,
65700,
65900,
66500,
66700,
67100,
67300,
68400,
68600,
68900,
69100,
69300,
69700,
69900,
70300,
70500,
70700,
70900,
71100,
71400,
71600,
71800,
72200,
72600,
73000,
73300,
73500,
74233,
74400,
74600,
75100,
75400,
75700,
75900,
76100,
76600,
76900,
77400,
77600,
77900,
78100,
78600,
79000,
79700,
79900,
80100,
80300,
80500,
80700,
80900,
81100,
81300,
81500,
81700,
81900,
82300,
82700,
83000,
83400,
83600,
83800,
84000,
84300,
84600,
84900,
85100,
85300,
85500,
85700,
85900,
86900,
87800,
88000,
88200,
88700,
89100,
89400,
89700,
89900,
90100,

3 Column Long Note Times:
1100,
2700,
4300,
7700,
8200,
8600,
9700,
10500,
10900,
11400,
11800,
13500,
14100,
14600,
15000,
16100,
16900,
17300,
17800,
18200,
19500,
19900,
22900,
23500,
25100,
26700,
27500,
28300,
29100,
32300,
33900,
36300,
37500,
38700,
40300,
41100,
44300,
45900,
46700,
48300,
48700,
49500,
50500,
51100,
52100,
52700,
53700,
54300,
61700,
66900,
67500,
67900,
73700,
76300,
77100,
78300,
90300,

3 Column Release Times:
1300,
2900,
4500,
7900,
8300,
8900,
9800,
10700,
11100,
11500,
12100,
13900,
14300,
14700,
15300,
16200,
17100,
17500,
17900,
18500,
19700,
20300,
23000,
23700,
25300,
26900,
27700,
28500,
29300,
32500,
34100,
36500,
37700,
38900,
40500,
41300,
44500,
46100,
46900,
48500,
49100,
49900,
50700,
51500,
52300,
53100,
53900,
54500,
61900,
67000,
67700,
68300,
73900,
76500,
77300,
78500,
90500,

4 Column Hit Times:
1500,
1700,
2100,
3100,
3300,
3700,
4700,
4900,
5300,
5900,
6200,
6500,
7100,
7900,
9100,
9900,
10300,
11100,
12300,
12700,
12900,
13300,
13500,
14300,
15500,
16300,
16700,
17500,
19100,
19300,
20300,
20900,
21100,
21900,
22100,
22300,
22700,
23700,
24100,
24900,
25300,
26500,
26900,
27300,
28100,
28500,
28900,
29300,
29700,
30500,
31300,
32100,
32500,
32900,
33300,
33700,
34900,
35200,
35500,
35766,
36200,
36500,
36900,
37300,
37700,
38900,
40100,
40500,
40900,
41700,
42500,
43300,
44100,
44500,
44900,
45200,
45500,
45800,
46100,
46600,
47700,
48000,
48200,
49900,
50300,
51500,
51900,
52900,
53100,
53300,
53600,
53900,
54100,
55100,
55400,
55700,
56100,
56300,
56600,
57000,
57300,
57700,
57900,
58300,
58500,
58900,
59300,
59500,
59700,
59900,
60300,
60600,
60900,
61900,
62100,
62300,
62500,
62700,
62900,
63300,
63500,
63900,
64100,
64300,
64500,
64900,
65100,
65300,
65500,
65800,
66100,
66300,
66500,
66700,
67700,
67900,
68300,
68500,
68700,
69000,
69400,
69700,
69900,
70300,
70600,
71100,
71300,
71500,
71900,
72100,
72300,
72500,
72700,
72900,
73100,
74300,
74500,
75500,
75900,
76100,
77500,
78700,
79000,
79300,
79500,
79700,
81000,
81300,
81500,
81900,
82100,
82300,
82500,
82700,
83100,
83300,
83500,
83800,
84100,
84500,
84700,
85100,
85500,
85700,
87100,
87500,
87700,
87900,
88100,
88300,
88700,
89100,
89400,
89900,

4 Column Long Note Times:
1100,
2700,
4300,
7500,
8300,
9500,
10700,
11500,
13900,
14700,
15900,
17100,
17900,
18700,
19700,
23000,
24300,
25900,
29900,
30700,
31500,
34300,
37900,
39500,
41900,
42700,
43500,
47100,
48500,
49100,
50700,
52300,
54300,
54700,
61300,
67000,
67300,
73500,
73900,
74700,
76300,
76700,
77100,
77700,
79900,
80700,
85900,
86500,
90300,

4 Column Release Times:
1300,
2900,
4500,
7700,
8600,
9700,
10900,
11800,
14100,
15000,
16100,
17300,
18200,
18900,
19900,
23100,
24500,
26100,
30100,
30900,
31700,
34500,
38100,
39700,
42100,
42900,
43700,
47300,
48700,
49500,
51100,
52700,
54500,
54900,
61500,
67100,
67500,
73700,
74100,
75100,
76500,
76900,
77300,
78500,
80100,
80900,
86100,
86900,
90500,

