Artist : hololive
Song Name : hololive song pack
Difficulty : 0
BPM : 128
Background Image : charts\hololive-hololive song pack\Odo - Murasaki Shion.png
Audio : charts\hololive-hololive song pack\Odo - Murasaki Shion.ogg

1 Column Hit Times:
4890,
9344,
10281,
11219,
13094,
13797,
14031,
14500,
14969,
15672,
15906,
16140,
16375,
16609,
18719,
19890,
20125,
20359,
20594,
20828,
21062,
22469,
22937,
23875,
24344,
24812,
25750,
26687,
27156,
27390,
27508,
27859,
27976,
28562,
29969,
30437,
31375,
31844,
32781,
33250,
33719,
34187,
35594,
35828,
35945,
36297,
37000,
37234,
37469,
37937,
38406,
38875,
38992,
39344,
39578,
39812,
40281,
40750,
41219,
41570,
41922,
42390,
42742,
43328,
43562,
43679,
44031,
44500,
44734,
44851,
45203,
48719,
48836,
48953,
49656,
52498,
52967,
53406,
54109,
57156,
57390,
58094,
59031,
59969,
60203,
60437,
60672,
60906,
62781,
63484,
64656,
64890,
65125,
71219,
71531,
71804,
72156,
72361,
72742,
74031,
74500,
74969,
75437,
75906,
76375,
76687,
77312,
77781,
77937,
78094,
78484,
78719,
78836,
79187,
80125,
80359,
80594,
81062,
82000,
83875,
84187,
84344,
84812,
85281,
85437,
85594,
85750,
86687,
87156,
87625,
87859,
89031,
89969,
91902,
92195,
92371,
92664,
93015,
93250,
93719,
93894,
94187,
94422,
94656,
95008,
95242,
96531,
98406,
99461,
99695,
99929,
100164,
100515,
100750,
101219,
101453,
101687,
101922,
102156,
102625,
102801,
103328,
103797,
103914,
104031,
104148,
104734,
104969,
105437,
105906,
106375,
106844,
107312,
107781,
108250,
108719,
109656,
110125,
110594,
111531,
112703,
112937,
113406,
113758,
114109,
114344,
114812,
115281,
116219,
116570,
117156,
117508,
117859,
118328,
119031,
119383,
119617,
122781,
122937,
123094,
123719,
124422,
125125,
125437,
126531,
128406,
129344,
129812,
130047,
130281,
130515,
131219,
133094,
133562,
134265,
134500,
135906,
136375,
136609,
136844,
137312,
137547,
137781,
138250,
138484,
138719,
138953,
139187,
139422,
139656,
142469,
143406,
144344,
144461,
145047,
145164,
145750,
145984,
146219,
146570,
146804,
147156,
147742,
148211,
148562,
148797,
149383,
149500,
150437,
150672,
150789,
151844,
151961,
152312,
152781,
153250,
153484,
153719,
154070,
154304,
154656,
155242,
155594,
155945,
156297,
156531,
157469,
157937,
158406,
158875,
159812,
160750,
161687,
162156,
162625,
163094,
164031,
165437,
165906,
166375,
166844,
167078,
167312,
167547,
167781,
168015,
168250,
168484,
168719,
168953,
169187,
169422,
169656,
171062,
171297,
171765,
171883,
174812,
175047,
175750,
176219,
176375,
176531,
176687,
177156,
177625,
178094,
178328,
178445,
178797,
179265,
179500,
180906,
181844,
182781,
183719,
183875,
184031,
184187,
184422,
185125,
186062,
186531,
187000,
187234,
188406,
188875,
189812,
190281,
190750,
191687,
192625,
192859,
194031,
194500,
194969,
195437,
196375,
198250,
198562,
198719,
199187,
199656,
199812,
199969,
200125,
201297,
201531,
201883,
204578,
205164,
205549,

1 Column Long Note Times:
1844,
3484,
3953,
4422,
5594,
7703,
8172,
12625,
18953,
19187,
21531,
22000,
23406,
25281,
25984,
29031,
29500,
30906,
32312,
34656,
34890,
35125,
45906,
46140,
46375,
50594,
54344,
61844,
65594,
66297,
66531,
67234,
67469,
68172,
68406,
69109,
69344,
69578,
69812,
70047,
70281,
70515,
70750,
70984,
73094,
73562,
79656,
81297,
81648,
82703,
83172,
83523,
86219,
88094,
89265,
90672,
90789,
91023,
91375,
91609,
95594,
96765,
97586,
97820,
98640,
98992,
110359,
112000,
115515,
118562,
119969,
122078,
123250,
123953,
124187,
125828,
127000,
131922,
134969,
135437,
139773,
140242,
141648,
142937,
143875,
149969,
151140,
151492,
156765,
158054,
159226,
160281,
161219,
162273,
163445,
164265,
164734,
169890,
170125,
170359,
170594,
172381,
173640,
179734,
180203,
181258,
182312,
183133,
185594,
187469,
187937,
189344,
190984,
192156,
193094,
195672,
196023,
197078,
197547,
197898,
200594,
200828,
202469,
205750,

1 Column Release Times:
3250,
3719,
4187,
4656,
7000,
7937,
8406,
12859,
19129,
19597,
21883,
22351,
23758,
25633,
26219,
29383,
29851,
31258,
32547,
34773,
35008,
35359,
46023,
46258,
46726,
52000,
55750,
62312,
65828,
66472,
66765,
67410,
67703,
68347,
68640,
69285,
69519,
69754,
69988,
70222,
70457,
70691,
70926,
71160,
73328,
73797,
80008,
81531,
81883,
82937,
83406,
83758,
86336,
88152,
89441,
90730,
90906,
91140,
91551,
91785,
95945,
97058,
97644,
97937,
98933,
99285,
110476,
112234,
115750,
118797,
121844,
122195,
123484,
124070,
124304,
126062,
127469,
132039,
135379,
135847,
139890,
140359,
141765,
143172,
144109,
150203,
151375,
151726,
156883,
158172,
159344,
160398,
161336,
162508,
163679,
164500,
164969,
170008,
170242,
170476,
170711,
172937,
173875,
179969,
180437,
181492,
182547,
183367,
185769,
187703,
188172,
189578,
191219,
192390,
193562,
195906,
196258,
197312,
197781,
198133,
200711,
200945,
204344,
205808,

2 Column Hit Times:
1844,
3719,
4187,
5359,
8406,
8640,
9344,
10047,
10281,
10984,
11219,
12156,
14031,
14969,
15906,
19969,
20594,
20945,
21414,
22000,
22469,
22937,
23406,
24109,
25750,
27156,
27625,
28094,
28328,
28797,
29031,
29500,
29969,
30437,
30906,
31609,
31844,
32312,
32781,
33836,
33953,
34422,
35594,
36062,
36531,
37000,
37351,
37937,
38172,
38406,
38758,
39344,
39812,
40047,
40750,
40984,
41453,
41687,
42156,
42625,
42859,
43094,
43562,
44031,
44500,
44969,
45437,
45906,
46609,
49187,
49422,
50125,
53640,
60906,
63719,
64422,
64656,
65359,
71219,
71453,
72039,
72215,
72449,
72625,
72801,
73094,
74500,
74969,
76375,
76844,
77000,
77156,
77312,
77547,
78250,
78719,
78836,
79187,
79422,
79656,
79890,
80125,
80359,
81062,
82000,
82469,
82937,
83406,
83875,
84187,
84812,
85047,
85281,
85437,
85594,
85984,
86717,
87547,
87683,
87888,
89031,
89969,
91961,
92195,
92429,
92664,
93719,
93953,
94187,
94363,
95125,
95301,
96531,
99402,
99695,
99871,
100164,
101219,
101394,
101687,
101922,
102508,
102742,
103094,
103357,
104265,
104734,
105437,
107312,
108250,
109187,
111062,
112000,
112469,
112937,
113172,
113406,
113875,
114344,
114578,
114812,
115047,
115281,
115750,
115984,
116219,
116687,
117156,
117625,
117859,
118094,
118562,
119031,
119265,
120828,
121844,
122703,
124656,
124812,
124969,
126062,
126765,
127000,
127234,
128640,
129373,
129578,
130105,
130310,
130633,
130984,
133094,
133328,
134558,
135086,
135437,
135789,
136023,
136258,
136492,
136726,
136961,
137195,
137429,
137664,
138719,
138953,
139187,
139422,
139656,
139890,
140125,
140359,
142000,
142469,
143406,
144344,
144578,
144695,
145281,
145398,
145867,
146043,
146219,
146453,
146746,
146863,
147156,
147390,
147801,
147976,
148152,
148269,
148445,
148797,
149031,
149422,
150437,
150906,
151023,
151375,
151844,
152078,
152195,
152781,
153250,
153543,
153719,
153953,
154246,
154363,
154656,
154890,
155301,
155594,
155828,
157469,
158875,
159812,
160750,
161219,
161687,
163094,
163562,
164031,
164500,
164969,
166844,
167078,
167312,
167547,
167781,
168015,
168250,
168484,
168719,
168953,
169187,
169422,
169656,
169890,
171062,
171414,
174812,
175047,
175281,
175633,
175984,
176687,
176922,
177156,
177312,
177469,
177625,
177859,
178328,
178445,
178562,
179031,
179969,
180906,
181375,
181844,
182312,
183250,
183719,
183875,
184031,
184656,
185125,
185359,
186092,
186922,
187469,
188875,
189344,
190750,
191219,
191687,
191922,
193094,
193562,
193797,
194031,
194265,
194500,
194734,
195437,
196375,
196844,
197312,
197781,
198250,
198562,
199187,
199422,
199656,
199812,
199969,
200359,
202234,
202469,
203054,
203562,
204031,
204461,
204695,
205281,
205616,

2 Column Long Note Times:
9109,
12859,
16844,
17312,
17781,
18250,
19656,
23640,
24578,
25047,
26219,
26687,
31140,
33015,
33484,
34656,
35125,
46844,
50359,
56219,
56687,
57859,
61609,
62312,
69812,
70047,
70281,
70515,
70750,
70984,
73328,
73797,
74148,
75203,
75672,
76023,
80594,
81531,
88094,
90320,
92898,
93367,
94773,
95594,
97117,
97703,
98172,
98289,
100398,
100867,
102273,
105672,
106609,
107547,
108484,
109422,
110476,
111531,
119734,
122078,
122312,
123484,
125594,
126297,
131219,
134734,
137781,
138250,
140945,
142234,
142937,
143875,
149969,
156414,
157000,
157820,
158172,
159109,
159344,
160164,
160398,
161336,
162156,
162508,
163211,
163679,
170125,
170359,
170594,
172000,
172410,
173640,
174344,
179383,
180437,
182781,
185769,
187703,
188172,
188523,
189578,
190047,
190398,
192390,
194969,
195906,
201062,
205984,

2 Column Release Times:
9285,
13094,
17254,
17722,
18191,
18660,
19715,
23875,
24812,
25281,
26453,
26922,
31375,
33250,
33719,
34773,
35242,
46902,
50594,
56453,
56922,
58035,
61844,
63250,
69988,
70222,
70457,
70691,
70926,
71160,
73562,
74031,
74383,
75437,
75906,
76258,
80828,
81648,
88211,
90437,
93015,
93484,
94890,
95945,
97410,
97820,
98230,
98406,
100515,
100984,
102390,
105906,
106844,
107781,
108719,
109656,
110594,
111765,
119969,
122195,
122429,
123719,
125828,
126531,
132625,
134969,
138191,
138660,
141062,
142410,
143172,
144109,
150203,
156531,
157234,
158054,
158406,
159226,
159461,
160281,
160633,
161570,
162273,
162859,
163445,
163797,
170242,
170476,
170711,
172234,
172937,
173875,
174578,
179734,
180672,
182898,
185945,
187937,
188406,
188758,
189812,
190281,
190633,
192625,
195203,
196023,
201297,
206043,

3 Column Hit Times:
5359,
5594,
9344,
10281,
11219,
12156,
13094,
20047,
20359,
21062,
21297,
21531,
22000,
22234,
23875,
25281,
25750,
26219,
27156,
27625,
28094,
28562,
29265,
29734,
31375,
33250,
33719,
34187,
35594,
36062,
36297,
36531,
36883,
37469,
37937,
38406,
38640,
38875,
39695,
40047,
40281,
40515,
40633,
40984,
41219,
41687,
41922,
42156,
42390,
42625,
43094,
43562,
44031,
44265,
44969,
45203,
45437,
45672,
45789,
46375,
49656,
52469,
52937,
53640,
58094,
58797,
59031,
59734,
59969,
60906,
61844,
62547,
62781,
63719,
71219,
71336,
71922,
72273,
72478,
72654,
73094,
73562,
74031,
74500,
74969,
75906,
76375,
76687,
76844,
77547,
77781,
77937,
78094,
78250,
78484,
78953,
79070,
79187,
79656,
80594,
81531,
82000,
82469,
82937,
83875,
84344,
84500,
84656,
85281,
85750,
85984,
86746,
87156,
87469,
87654,
87918,
90906,
91844,
92078,
92312,
92547,
92781,
93484,
93836,
94070,
94422,
94656,
94890,
95066,
95476,
99344,
99519,
99812,
99988,
100281,
100984,
101277,
101570,
101804,
102156,
102390,
102566,
102859,
103123,
104383,
106375,
109187,
110125,
111062,
112000,
112469,
112820,
113406,
113640,
113875,
114109,
114344,
114695,
115047,
115750,
116219,
116453,
116687,
116922,
117156,
117625,
118094,
118562,
119031,
120750,
120906,
121062,
121219,
121375,
121687,
122625,
124422,
125125,
125437,
126062,
126765,
127000,
128875,
129402,
129842,
130164,
130340,
130662,
132156,
132390,
134617,
134969,
135203,
135437,
135672,
135906,
136140,
136375,
138015,
138250,
139890,
140125,
140359,
142029,
142703,
142820,
143406,
143523,
143875,
143992,
144344,
145281,
145750,
145926,
146101,
146277,
146394,
146687,
146922,
147390,
147625,
148094,
148328,
148738,
148914,
149265,
149461,
150437,
150906,
151375,
151609,
151726,
152312,
152781,
152898,
153601,
153777,
153894,
154187,
154422,
154890,
155125,
155476,
155652,
155769,
156179,
157469,
157937,
159344,
159812,
160281,
161219,
162625,
163562,
164500,
164969,
165203,
165437,
165672,
165906,
166140,
166375,
166609,
170008,
170242,
170711,
170945,
171297,
171531,
171648,
174812,
175047,
175281,
175750,
176219,
176375,
176531,
176922,
177625,
178094,
178211,
178562,
178797,
179031,
179265,
179500,
179734,
180437,
181375,
181844,
182312,
182781,
183250,
183562,
184187,
184422,
184656,
184812,
184969,
185359,
186121,
186531,
186844,
187234,
187469,
187937,
188406,
188875,
189344,
190281,
190750,
191219,
191922,
192156,
192625,
192859,
193562,
194031,
194383,
194969,
195906,
196375,
196844,
197312,
198250,
198719,
198875,
199031,
199656,
200125,
200359,
201531,
201883,
202586,
202820,
203406,
205683,

3 Column Long Note Times:
8875,
13562,
17078,
17547,
18015,
18484,
18953,
19187,
19656,
22703,
23172,
24344,
24812,
26453,
26922,
30203,
30672,
32078,
32547,
34890,
35242,
46844,
49890,
56453,
56922,
57625,
61375,
69109,
70281,
70515,
70750,
70984,
72859,
75437,
80008,
81062,
83406,
86453,
88094,
89500,
89617,
89734,
90086,
90203,
91140,
91258,
93133,
96062,
96179,
96297,
96765,
97469,
98640,
98758,
100633,
104969,
105906,
106844,
107781,
108250,
108719,
109656,
110594,
111297,
119500,
122312,
123953,
124187,
127469,
131453,
133562,
136844,
137312,
138484,
139070,
139539,
141297,
142234,
144812,
156883,
157586,
158406,
158758,
159461,
160047,
160633,
161570,
161922,
162859,
163094,
163797,
170476,
172000,
172439,
173640,
174344,
179969,
180906,
189812,
191453,
195437,
197781,
201062,
204344,
205984,

3 Column Release Times:
9285,
14500,
17312,
17781,
18250,
18719,
19129,
19597,
19715,
22937,
23406,
24578,
25047,
26687,
27039,
30437,
30906,
32312,
32781,
35008,
35359,
46902,
50594,
56687,
57156,
58035,
61609,
69344,
70457,
70691,
70926,
71160,
73035,
75672,
80359,
81297,
83523,
86570,
88269,
89558,
89676,
89793,
90144,
90320,
91199,
91375,
93250,
96121,
96238,
96355,
96941,
97820,
98699,
98875,
100750,
105320,
106258,
107195,
108015,
108484,
109070,
110008,
110945,
111531,
119617,
122429,
124070,
124304,
128406,
131570,
134031,
137254,
137722,
138719,
139187,
139656,
141414,
142469,
145047,
157000,
157820,
158523,
159109,
159695,
160164,
160984,
161804,
162156,
162976,
163211,
164031,
170594,
172234,
172937,
173875,
174578,
180203,
181023,
190047,
191687,
195672,
197898,
201297,
205281,
206101,

4 Column Hit Times:
3748,
4217,
4656,
4890,
5125,
8406,
11453,
11687,
11922,
12156,
14031,
14734,
14969,
15203,
15437,
15672,
15906,
20125,
21531,
21765,
23406,
23875,
24344,
24812,
25281,
26219,
26687,
27625,
29031,
29500,
30906,
31375,
31844,
32312,
32781,
33719,
34187,
34773,
35008,
36062,
36531,
36765,
37000,
37117,
37469,
37703,
37820,
38172,
38875,
39109,
39344,
39812,
40281,
40750,
41219,
41687,
42156,
42625,
43094,
43328,
43797,
43914,
44265,
44500,
44617,
44969,
45437,
48719,
49187,
50125,
53875,
54109,
57156,
58094,
59031,
59969,
60672,
61140,
61844,
62781,
63250,
63719,
63953,
64187,
64422,
64656,
71219,
71687,
72332,
72566,
73094,
73562,
75437,
76844,
77000,
77156,
77312,
77781,
78250,
78719,
78953,
79070,
79422,
79890,
80125,
81531,
82469,
83406,
84344,
84500,
84656,
84812,
85047,
85750,
87390,
87625,
90906,
91844,
92019,
92312,
92488,
92781,
93015,
93250,
93484,
93777,
94070,
94304,
94890,
95125,
95359,
97469,
99344,
99578,
99812,
100047,
100281,
100515,
100750,
100984,
101336,
101570,
101863,
102390,
102625,
102888,
104500,
104969,
105906,
106844,
107781,
108719,
109656,
110594,
111531,
111765,
111883,
112469,
112937,
113172,
114812,
115281,
116687,
116922,
117390,
117625,
118094,
118445,
119265,
119969,
120203,
120437,
120672,
122547,
122781,
127234,
129109,
129871,
130222,
130691,
131219,
132156,
132625,
132859,
133562,
134265,
134676,
134969,
135320,
135554,
136844,
137078,
137312,
137781,
142469,
142586,
143172,
143289,
144109,
144226,
145281,
145750,
146160,
146336,
146687,
147039,
147625,
147859,
148094,
148445,
148679,
149031,
149265,
149500,
150906,
151375,
151492,
152312,
152547,
152664,
153660,
153836,
154187,
154539,
155125,
155359,
155711,
156531,
156765,
157937,
158406,
158875,
159344,
160281,
160750,
161219,
161687,
162156,
162625,
163562,
164969,
165203,
165437,
165672,
165906,
166140,
166375,
166609,
166844,
167312,
167781,
168250,
168484,
168836,
169070,
169304,
169539,
169773,
170711,
170945,
171414,
175281,
175750,
175984,
176219,
176687,
177156,
177312,
177469,
177859,
178094,
178211,
178562,
179500,
179734,
179969,
180437,
181375,
183250,
183562,
183719,
184187,
184656,
184812,
184969,
185125,
186765,
187000,
187469,
187937,
189812,
191687,
192156,
192625,
193094,
193328,
194265,
194500,
194734,
195906,
196844,
197781,
198719,
198875,
199031,
199187,
199422,
200125,
201297,
201765,
202000,
202234,
202703,
203289,
203758,
204344,
204929,
205281,

4 Column Long Note Times:
1844,
5594,
7469,
7937,
8640,
13094,
16844,
17312,
17781,
18250,
18719,
19656,
20594,
21062,
22469,
22937,
25515,
27039,
28094,
28562,
29969,
30437,
33250,
35359,
45906,
46140,
46375,
47547,
47781,
48133,
50594,
52234,
52703,
53172,
54344,
57390,
65594,
66062,
66531,
67000,
67469,
67703,
67937,
68406,
68875,
70750,
70984,
72859,
74031,
74383,
75906,
76258,
80359,
80828,
81883,
82937,
83758,
86336,
86570,
86922,
88094,
88562,
88679,
88797,
89148,
90437,
90554,
94539,
96648,
97000,
97117,
97234,
97937,
98054,
98523,
98875,
99109,
102039,
105320,
106258,
107195,
108015,
109070,
110008,
110945,
113875,
115750,
118797,
119500,
123719,
125828,
126531,
127469,
131687,
135906,
136375,
138015,
138836,
139304,
140008,
140476,
144812,
151844,
153015,
153367,
156062,
157469,
158523,
159695,
161804,
162976,
164031,
164500,
170008,
170242,
170476,
172000,
172469,
173640,
174344,
179031,
180672,
181023,
182078,
182547,
182898,
185945,
186297,
188406,
188758,
189344,
190281,
190633,
191219,
193562,
195203,
196258,
197312,
198133,
200711,
200945,
205750,

4 Column Release Times:
3250,
7000,
7703,
8172,
9285,
13562,
17078,
17547,
18015,
18484,
18953,
19715,
20945,
21414,
22820,
23289,
25984,
27156,
28445,
28914,
30320,
30789,
33484,
35594,
46023,
46258,
46726,
47664,
47898,
48250,
52000,
52469,
52937,
53406,
55750,
58035,
66004,
66472,
66941,
67410,
67644,
67879,
68347,
68816,
69109,
70926,
71160,
73035,
74148,
74617,
76023,
76492,
80594,
81062,
82117,
83172,
83992,
86453,
86687,
87156,
88152,
88621,
88738,
88855,
89207,
90496,
90613,
94656,
96707,
97058,
97176,
97293,
97996,
98113,
98640,
99051,
99285,
102156,
105672,
106609,
107547,
108250,
109422,
110359,
111297,
114109,
115984,
119031,
119617,
125594,
126062,
127000,
128406,
131804,
136316,
136785,
138250,
138953,
139422,
140125,
140594,
145047,
152078,
153250,
153601,
156179,
157586,
158758,
160047,
161922,
163094,
164265,
164734,
170125,
170359,
170594,
172234,
172937,
173875,
174578,
179383,
180906,
181258,
182312,
182781,
183133,
186062,
186531,
188523,
188992,
189578,
190398,
190867,
191453,
194031,
195437,
196492,
197547,
198367,
200828,
201062,
205867,

