Artist : hololive
Song Name : hololive song pack
Difficulty : 0
BPM : 190
Background Image : charts\hololive-hololive song pack\p.h. - Nekomata Okayu.png
Audio : charts\hololive-hololive song pack\p.h. - Nekomata Okayu.ogg

1 Column Hit Times:
1863,
1976,
2204,
2431,
2545,
2772,
2999,
3113,
3340,
3567,
5045,
5501,
5726,
6295,
7317,
7545,
8113,
9135,
9363,
10726,
10954,
11408,
11863,
12014,
12166,
12317,
12545,
13226,
13454,
14363,
15045,
15272,
15954,
16181,
16408,
16749,
17204,
17545,
17658,
17772,
17999,
18681,
19135,
19590,
19742,
19893,
20385,
20726,
20954,
21408,
21863,
22090,
22431,
22999,
23795,
24135,
24363,
24704,
25158,
25499,
25726,
25954,
26295,
26749,
26976,
27317,
27772,
27999,
28340,
28681,
29022,
29476,
29817,
30158,
30954,
31408,
31863,
32204,
32772,
33226,
33454,
33681,
34022,
44931,
45726,
46067,
46408,
46635,
46976,
47317,
47999,
48226,
48908,
50613,
51181,
51635,
52545,
52999,
53454,
54590,
55385,
55726,
56635,
57090,
57317,
57658,
57999,
58340,
58681,
58908,
59135,
59476,
59817,
61635,
62772,
63113,
63795,
64476,
64704,
65158,
65385,
65613,
65954,
66181,
66635,
67090,
67204,
67772,
67999,
68454,
68795,
69135,
69590,
69931,
70385,
70954,
71408,
71749,
72204,
72658,
73113,
73454,
73795,
74590,
74931,
75385,
75840,
76408,
76863,
77090,
77317,
77658,
88908,
89476,
89817,
89931,
90158,
90499,
90726,
92317,
92999,
93454,
96067,
96408,
96635,
99022,
99363,
100499,
100726,
100954,
101295,
101635,
101976,
102317,
102545,
102772,
103113,
104135,
104363,
105272,
106408,
106560,
106711,
107317,
107999,
108226,
108567,
108908,
109135,
109817,
110045,
110215,
110385,
110499,
110954,
111635,
111863,
112204,
112545,
112772,
113454,
113681,
113851,
114022,
114590,
115045,
115272,
115499,
115954,
116181,
116408,
116863,
117204,
117545,
117999,
118226,
118681,
119135,
119476,
119817,
122772,
122999,
123226,
123454,
123681,
123908,
125272,
125499,
125954,
126408,
127317,
127999,
128226,
129931,
130272,
130499,
132204,
132545,
132772,
133226,
133454,
134363,
134590,
135272,
136181,
138226,
138454,
138795,
139022,
139476,
139817,
140045,
140272,
140385,
140726,
140954,
141295,
141522,
141749,
142090,
142431,
142658,
142999,
143340,
144363,
144590,
144817,
145045,
145499,
145726,
146067,
146408,
146749,
147090,
147317,
147545,
147885,
148226,
148567,
148908,
149135,
149590,
149931,
150158,
150499,
150954,
151257,
151560,
151863,

1 Column Long Note Times:
4135,
5954,
6863,
7772,
8681,
9590,
10045,
12772,
13681,
14590,
15499,
18226,
34590,
36181,
37090,
37999,
39135,
39817,
40726,
41408,
42317,
43113,
44022,
47545,
48454,
49135,
49363,
49590,
49817,
50045,
51863,
52204,
54022,
55954,
60045,
60272,
60499,
60726,
60954,
61863,
79476,
80385,
81295,
82317,
83113,
84022,
84817,
85272,
86408,
87090,
87999,
90954,
91522,
91749,
92545,
94022,
94590,
94817,
95045,
95272,
95499,
98226,
98567,
99590,
103454,
103908,
104590,
105499,
122317,
122545,
124135,
124363,
124590,
126749,
127545,
127772,
128567,
129135,
130954,
131635,
133681,
134817,
135045,
135499,
136408,
137317,
137620,
137923,
143681,

1 Column Release Times:
4363,
6181,
7090,
7999,
8908,
9817,
10272,
12999,
13908,
14817,
15726,
18378,
36067,
36976,
37885,
39022,
39704,
40613,
41295,
42204,
42999,
43908,
44817,
47772,
48681,
49249,
49476,
49704,
49931,
50385,
52090,
52431,
54249,
56408,
60158,
60385,
60613,
60840,
61295,
62014,
80272,
81181,
82204,
82999,
83908,
84704,
85158,
86295,
86976,
87885,
88795,
91181,
91635,
91863,
92772,
94249,
94704,
94931,
95158,
95385,
95726,
98454,
98795,
100045,
103681,
104022,
104931,
105651,
122431,
122658,
124249,
124476,
124931,
127090,
127658,
127885,
128908,
129476,
131408,
132090,
133795,
134931,
135158,
135840,
136560,
137469,
137772,
138075,
144135,

2 Column Hit Times:
4590,
4742,
4893,
5501,
5840,
6408,
6635,
6863,
7317,
7658,
8226,
8454,
8795,
9590,
9817,
10045,
10954,
11257,
11560,
11863,
13113,
13454,
13681,
14022,
14931,
15272,
15499,
15840,
16295,
16749,
17090,
17317,
17545,
17658,
17772,
18113,
19135,
19287,
20272,
20613,
20954,
21295,
21522,
21863,
22090,
22317,
22545,
22772,
22999,
23226,
23567,
23908,
24249,
24590,
24817,
25045,
25272,
25613,
25954,
26181,
26863,
27204,
27545,
27772,
28226,
28454,
29022,
29249,
29590,
29817,
30045,
30385,
30954,
31295,
31522,
31976,
32204,
32545,
32885,
33113,
33454,
33681,
34135,
45045,
45726,
46067,
46408,
46635,
47090,
47317,
47545,
47885,
48113,
48454,
50613,
50954,
51408,
52545,
54363,
54931,
55385,
57374,
57715,
58226,
58454,
58681,
59135,
59476,
60272,
60726,
61635,
61863,
63226,
63454,
64022,
64249,
64590,
64817,
65613,
66067,
66408,
66863,
67317,
67545,
68226,
68567,
68908,
69249,
69590,
69817,
70158,
70499,
70726,
71181,
71408,
71863,
72317,
72885,
73226,
73454,
73681,
74022,
74590,
75045,
75613,
76181,
76522,
76749,
77090,
77431,
77658,
88795,
89476,
89817,
89931,
90158,
90499,
90726,
91522,
91749,
92090,
92772,
93226,
93681,
95499,
95726,
95840,
96067,
97999,
99022,
101010,
101351,
101863,
102090,
102317,
102772,
105272,
105499,
106863,
107014,
107166,
107317,
107999,
108226,
108567,
108908,
109135,
109817,
110045,
110215,
110385,
110499,
110954,
111635,
111863,
112204,
112545,
112772,
113454,
113681,
113851,
114022,
114590,
114817,
115045,
115385,
115726,
115954,
116408,
116635,
116863,
117317,
117545,
117772,
118226,
118454,
118795,
119249,
119590,
119931,
122772,
122999,
123283,
123510,
124931,
125158,
125726,
126181,
126408,
126749,
127090,
129135,
129931,
130499,
131181,
131408,
131863,
132772,
132999,
133226,
133567,
135499,
136408,
138340,
138567,
139022,
139249,
139817,
140045,
140726,
140954,
141181,
141635,
141863,
142545,
142772,
142999,
143454,
143681,
144135,
145272,
145499,
145726,
145954,
146181,
146408,
146635,
146976,
147317,
147658,
147999,
148340,
148681,
148908,
149135,
149363,
149704,
149931,
150158,
150726,
151408,
151711,

2 Column Long Note Times:
3681,
9135,
10499,
18378,
18681,
35045,
36067,
36976,
37885,
39135,
39704,
40613,
41408,
42317,
43226,
44135,
48681,
49135,
49363,
49590,
49817,
50045,
51635,
52772,
52999,
53226,
53454,
53681,
54022,
55954,
56408,
56635,
56863,
57090,
59817,
61295,
62166,
62620,
79135,
79590,
80499,
81408,
82317,
83226,
84135,
84817,
85272,
86408,
86976,
87885,
90954,
92317,
94022,
94590,
94817,
95045,
96408,
96635,
96863,
97090,
97317,
98226,
98567,
99590,
100045,
100272,
100499,
100726,
103113,
103681,
104135,
104363,
104931,
105802,
106257,
121863,
122090,
122317,
122545,
124135,
124363,
125499,
125954,
127317,
127772,
127999,
128567,
133795,
134590,
135045,
135272,
135840,
136711,
137014,
137469,
137772,
138075,
144590,
151863,

2 Column Release Times:
3908,
9363,
10726,
18529,
18832,
35954,
36863,
37772,
39022,
39590,
40499,
41295,
42204,
43113,
44022,
44931,
48908,
49249,
49476,
49704,
49931,
50385,
51749,
52885,
53113,
53340,
53567,
53908,
54249,
56181,
56522,
56749,
56976,
57204,
60045,
61522,
62317,
62772,
79476,
80385,
81295,
82204,
83113,
84022,
84704,
85158,
86295,
86863,
87772,
88681,
91181,
92545,
94249,
94704,
94931,
95158,
96522,
96749,
96976,
97204,
97545,
98454,
98795,
99817,
100158,
100385,
100613,
100840,
103454,
103795,
104249,
104476,
105158,
105954,
106408,
121976,
122204,
122431,
122658,
124249,
124476,
125613,
126067,
127431,
127885,
128113,
128908,
134022,
134704,
135158,
135385,
136181,
136863,
137166,
137620,
137923,
138226,
145045,
152999,

3 Column Hit Times:
3681,
5045,
5840,
6181,
6408,
6749,
7658,
7999,
8226,
8567,
9022,
9476,
9817,
10045,
10272,
10385,
10499,
10840,
11105,
11408,
11711,
12772,
13113,
13681,
13908,
14135,
14590,
14931,
15499,
15726,
16067,
16863,
17090,
17317,
18226,
19135,
19439,
20045,
20499,
21408,
21749,
21976,
22317,
22545,
22885,
23113,
23454,
23681,
24135,
24476,
24931,
25499,
25726,
26181,
26408,
26863,
27317,
27658,
27885,
28226,
28681,
29135,
29363,
29590,
29931,
30272,
30499,
30840,
31181,
31635,
31863,
32090,
32317,
32545,
32772,
32999,
33226,
33567,
34022,
45158,
45954,
46181,
46749,
47204,
47545,
47772,
47999,
48226,
48681,
49363,
49817,
50726,
51863,
54363,
55272,
56181,
56408,
56863,
57317,
57658,
57999,
58226,
58681,
59022,
61863,
63226,
63454,
63681,
63908,
64363,
64931,
65499,
65726,
66067,
66635,
67431,
67772,
68113,
68681,
69135,
69476,
70045,
70499,
70954,
71295,
71635,
71863,
72090,
72317,
72545,
72772,
72999,
73226,
73567,
73908,
74135,
74363,
74704,
75158,
75499,
75726,
75954,
76181,
76408,
76635,
76863,
77317,
77545,
88681,
89249,
89590,
90045,
90272,
90613,
90840,
91181,
91635,
91863,
92545,
94363,
94590,
95045,
95726,
95840,
96181,
97999,
98908,
99817,
100045,
100272,
100954,
101295,
101635,
101863,
102317,
102658,
103454,
105499,
106863,
107014,
107166,
108113,
109022,
109931,
110954,
111105,
111257,
111863,
112014,
112166,
113226,
113567,
114135,
114306,
114476,
114590,
115045,
115499,
115726,
116408,
116863,
117317,
117772,
118113,
118340,
118681,
119022,
119363,
119704,
122885,
123113,
123340,
123567,
124590,
125272,
126749,
127545,
127772,
128226,
129135,
129476,
129817,
131181,
131408,
131863,
132545,
132885,
133226,
133681,
134022,
134363,
135045,
135840,
136181,
138226,
138454,
138681,
138908,
139135,
139363,
139590,
139931,
140272,
140385,
140613,
140840,
141181,
141408,
141749,
142317,
142658,
143226,
143454,
143681,
143908,
144135,
145385,
145613,
145954,
146295,
146635,
146863,
147090,
147317,
147545,
147772,
147999,
148226,
148454,
148681,
149022,
149363,
149817,
150045,
150272,
150499,
151105,

3 Column Long Note Times:
3908,
12317,
16408,
18529,
18832,
35499,
35954,
36863,
37772,
38681,
39590,
40499,
41181,
41635,
42772,
43340,
44249,
48908,
50385,
50954,
51181,
51408,
52204,
52772,
52999,
53226,
53454,
53681,
54590,
54931,
55499,
59476,
60045,
60272,
60499,
60726,
60954,
62014,
62469,
78681,
79704,
80613,
81522,
82772,
83340,
84249,
85045,
85954,
86863,
87772,
91295,
92090,
92772,
92999,
93226,
93454,
93681,
95272,
96408,
96635,
96863,
97090,
97317,
97658,
99135,
102885,
103681,
103908,
104135,
104590,
105651,
106105,
112772,
120045,
120499,
120954,
121408,
121863,
122090,
122317,
122545,
124135,
125499,
125726,
125954,
126181,
127317,
127999,
128567,
130045,
134590,
134817,
135272,
136560,
137166,
144590,
151408,

3 Column Release Times:
4135,
12545,
16635,
18681,
18984,
35840,
36749,
37658,
38567,
39476,
40385,
41067,
41522,
42658,
43226,
44135,
45045,
49135,
50613,
51067,
51295,
51522,
52431,
52885,
53113,
53340,
53567,
53908,
54817,
55158,
55726,
59817,
60158,
60385,
60613,
60840,
61295,
62166,
62620,
79590,
80499,
81408,
82658,
83226,
84135,
84931,
85840,
86749,
87658,
88567,
91522,
92317,
92885,
93113,
93340,
93567,
94022,
95385,
96522,
96749,
96976,
97204,
97545,
97885,
99363,
103113,
103795,
104022,
104249,
104931,
105802,
106257,
112999,
120158,
120613,
121067,
121522,
121976,
122204,
122431,
122658,
124249,
125613,
125840,
126067,
126295,
127431,
128113,
128908,
130499,
134704,
134931,
135385,
136711,
137317,
145045,
152999,

4 Column Hit Times:
2090,
2317,
2658,
2885,
3226,
3454,
3681,
4590,
4742,
4893,
5954,
6181,
7090,
7772,
7999,
8681,
8908,
9135,
9476,
9931,
10272,
10385,
10499,
10954,
11408,
11863,
12014,
12166,
12772,
12999,
13567,
14590,
14817,
15385,
16408,
16635,
18226,
18681,
20045,
20499,
20840,
21181,
21635,
21976,
22431,
22772,
23226,
23681,
24022,
24590,
25045,
25385,
25613,
26067,
26408,
26635,
27090,
28113,
28567,
28908,
29135,
29363,
30045,
30499,
30726,
31067,
31408,
31749,
32090,
32317,
32658,
32999,
33340,
33567,
33795,
34135,
45272,
45954,
46181,
46749,
46976,
47772,
48226,
48454,
48681,
48908,
49135,
49590,
50045,
50726,
52772,
53226,
53681,
55272,
57374,
57715,
58226,
58567,
58795,
59817,
60045,
60499,
60954,
61635,
61863,
62772,
63113,
63681,
64135,
64590,
65045,
65272,
65499,
65726,
65954,
66181,
66408,
66863,
67317,
67658,
68226,
68681,
69022,
69363,
69704,
70045,
70272,
70726,
71522,
72431,
72772,
72999,
73340,
73681,
74135,
74817,
75045,
75272,
75499,
75726,
75954,
76295,
76635,
76976,
77204,
77545,
88567,
89249,
89590,
90045,
90272,
90613,
90840,
91181,
94363,
94817,
95272,
96181,
96863,
97090,
97317,
98226,
98567,
98908,
101010,
101351,
101863,
102204,
102431,
103113,
103454,
103681,
103908,
104590,
105272,
105499,
106408,
106560,
106711,
111408,
111560,
111711,
112317,
112469,
112620,
113113,
113454,
113681,
114135,
114306,
114476,
114817,
115499,
115954,
116295,
116635,
117090,
117317,
117772,
118226,
118567,
118908,
119135,
119590,
122885,
123113,
123397,
123624,
124135,
124363,
124590,
124931,
125158,
127090,
129476,
129817,
130045,
130499,
132204,
132545,
132772,
133113,
133340,
133795,
134817,
135499,
135840,
136181,
136408,
137317,
137545,
137772,
137999,
138226,
138567,
138908,
139135,
139363,
139704,
139931,
140158,
140613,
140840,
141067,
141635,
141863,
142090,
142545,
142772,
144704,
144931,
145158,
145499,
145840,
146181,
146522,
146863,
147204,
147431,
147772,
148113,
148454,
148795,
149135,
149363,
149817,
150045,
150272,
150726,

4 Column Long Note Times:
5499,
6408,
7317,
8226,
13226,
14135,
15045,
15954,
16863,
17317,
17772,
18984,
35840,
36749,
37658,
38681,
39476,
40385,
41181,
41635,
42772,
43454,
44363,
47317,
50385,
50954,
51181,
51408,
51635,
51863,
54590,
54931,
55499,
56408,
56635,
56863,
57090,
59135,
61295,
62317,
78226,
79817,
80726,
81635,
82772,
83454,
84363,
85045,
85954,
86749,
87658,
91295,
91635,
91863,
92772,
92999,
93226,
93454,
93681,
95499,
97658,
99135,
100045,
100272,
100499,
100726,
102772,
104363,
104931,
105954,
107317,
108226,
109135,
110045,
120045,
120499,
120954,
121408,
121863,
122090,
125499,
125726,
125954,
126181,
126408,
127317,
127545,
127772,
128226,
128908,
131181,
131635,
134022,
134590,
135045,
136863,
143454,
144135,
150954,

4 Column Release Times:
5726,
6635,
7545,
8454,
13454,
14363,
15272,
16181,
17090,
17545,
17999,
19135,
36635,
37545,
38567,
39363,
40272,
41067,
41522,
42658,
43340,
44249,
45158,
47545,
50613,
51067,
51295,
51522,
51749,
52090,
54817,
55158,
55954,
56522,
56749,
56976,
57204,
59476,
61522,
62469,
79704,
80613,
81522,
82658,
83340,
84249,
84931,
85840,
86635,
87545,
88454,
91522,
91749,
92090,
92885,
93113,
93340,
93567,
94022,
95726,
97885,
99590,
100158,
100385,
100613,
100840,
102885,
104476,
105158,
106105,
107999,
108908,
109817,
110954,
120158,
120613,
121067,
121522,
121976,
122204,
125613,
125840,
126067,
126295,
126749,
127431,
127658,
127885,
128567,
129135,
131408,
132090,
134363,
134704,
135158,
137014,
143681,
144590,
152999,

