Artist : hololive
Song Name : hololive song pack
Difficulty : 0
BPM : 333
Background Image : charts\hololive-hololive song pack\PO - Omaru Polka.png
Audio : charts\hololive-hololive song pack\PO - Omaru Polka.ogg

1 Column Hit Times:
768,
948,
1219,
1489,
1669,
1939,
5092,
5273,
5813,
5993,
6174,
6354,
6534,
6714,
6894,
7074,
7975,
8336,
8696,
8966,
9237,
9597,
9957,
10318,
10858,
11038,
11219,
11759,
12029,
12300,
12480,
13201,
13381,
13561,
13741,
14101,
14732,
15002,
15183,
15543,
16083,
16624,
16804,
17345,
17615,
17795,
17975,
18426,
18786,
18966,
19147,
19687,
19867,
20768,
20948,
21849,
22029,
22390,
22570,
23831,
24192,
25092,
27255,
28156,
30138,
30318,
30498,
31219,
31939,
32120,
32480,
32840,
33020,
33381,
33741,
34101,
34372,
34552,
34822,
35183,
35363,
35723,
36264,
36624,
36804,
37165,
37345,
37705,
37885,
38156,
38426,
38606,
38966,
39147,
39327,
39687,
39957,
40228,
41129,
41489,
41669,
41849,
43651,
43741,
43831,
44439,
44529,
44620,
45092,
45183,
45273,
45453,
45543,
45633,
45813,
45993,
46174,
46579,
46669,
46759,
47255,
47345,
47435,
47615,
47705,
47795,
47885,
48065,
48246,
49056,
49237,
49417,
49597,
49777,
49957,
50138,
51219,
51309,
51579,
51669,
51939,
52029,
52300,
52390,
52660,
54101,
54462,
54822,
55092,
55363,
55723,
56083,
56444,
56984,
57165,
57345,
57885,
58156,
58426,
58606,
59327,
59507,
59687,
59867,
60228,
60858,
61129,
61309,
61669,
62210,
62750,
62930,
63471,
63741,
63921,
64101,
64552,
64912,
65092,
65273,
65633,
65993,
66354,
66624,
66894,
67074,
67255,
67615,
67975,
68156,
68336,
68516,
68696,
68876,
69417,
69687,
69867,
70138,
70858,
71038,
71219,
71399,
71759,
72390,
72660,
72840,
73201,
73741,
73921,
74101,
74282,
74462,
75002,
75183,
75723,
76083,
76444,
76624,
76804,
82930,
83291,
83411,
83531,
83771,
83891,
85092,
85813,
86174,
86294,
86414,
86654,
86774,
87255,
87345,
87435,
87525,
87615,
87705,
87795,
87885,
88696,
89056,
89177,
89297,
89537,
89657,
90858,
91579,
91939,
92059,
92180,
92420,
92540,
93020,
93111,
93201,
93291,
93381,
93561,
94462,
94822,
95002,
95183,
95543,
95723,
96083,
96444,
96804,
97165,
97345,
97705,
97885,
98065,
98426,
98606,
98966,
99327,
99507,
99627,
99747,
99867,
99987,
100108,
100228,
100588,
100768,
100948,
101309,
101489,
101669,
102029,
102210,
102390,
102750,
102930,
103111,
103291,
103651,
103831,
104011,
104192,
104372,
104552,
107795,
108156,
108426,
108696,
109056,
109417,
109777,
110318,
110498,
110678,
111219,
111489,
111669,
111939,
112660,
112840,
113020,
113201,
113561,
114192,
114462,
114642,
115002,
115543,
116083,
116264,
116804,
117074,
117255,
117435,
117885,
118246,
118426,
118606,
119327,
119447,
119567,
119687,
119867,
120047,
120228,
120408,
120678,
120948,
121129,
121309,
121669,
122029,
122210,
122390,
122570,
122750,
122930,
123471,
123741,
123921,
124192,
124912,
125092,
125273,
125453,
125813,
126444,
126714,
126894,
127255,
127795,
127975,
128156,
128336,
128516,
128786,
129056,
129237,
131759,
131939,
132120,
132300,
132480,
132660,
132750,
132840,
132930,
133020,
133111,
133201,
133291,
133381,
133471,
133561,
133651,
133741,
133831,
133921,
134011,
134101,
134192,
134282,
134372,
134462,
134552,
134642,
134732,
134822,
134912,
135002,
135092,

1 Column Long Note Times:
2930,
3111,
3291,
4011,
4192,
4732,
7255,
7615,
13020,
19327,
20228,
21309,
22750,
23291,
24552,
25273,
25993,
26534,
26894,
27435,
28516,
29056,
29597,
30678,
31489,
31669,
40408,
40588,
40768,
40948,
42930,
44011,
52840,
53020,
53201,
53381,
53561,
53741,
53921,
59147,
65453,
70678,
75363,
75543,
76984,
77165,
77345,
77525,
77885,
78065,
78246,
78606,
78786,
78966,
79147,
79327,
79507,
79687,
80047,
80228,
80408,
80768,
80948,
81129,
81489,
81669,
81849,
82029,
82210,
84372,
85453,
87975,
90138,
91219,
93741,
94101,
106174,
107255,
112480,
118786,
124732,
129417,
129597,
129777,
129957,
130138,
130318,
130498,
130678,
130858,
131038,
131219,
135183,
135543,
135723,
135903,
136264,
136444,
136624,
136984,
137165,
137345,
137525,
137705,
137885,
138065,
138426,
138606,
138786,
139147,
139327,
139507,
139867,
140047,
140228,
140408,
140588,

1 Column Release Times:
3020,
3201,
3381,
4101,
4282,
4822,
7525,
7885,
13111,
19417,
20588,
21669,
23111,
23471,
24912,
25633,
26354,
26714,
27074,
27795,
28876,
29237,
29957,
31038,
31579,
31759,
40498,
40678,
40858,
41038,
43201,
44372,
52930,
53111,
53291,
53471,
53651,
53831,
54011,
59237,
65543,
70768,
75453,
75633,
77074,
77255,
77435,
77795,
77975,
78156,
78516,
78696,
78876,
79056,
79237,
79417,
79597,
79957,
80138,
80318,
80678,
80858,
81038,
81399,
81579,
81759,
81939,
82120,
82480,
84732,
85723,
88336,
90498,
91489,
93921,
94372,
106264,
107345,
112570,
118966,
124822,
129507,
129687,
129867,
130047,
130228,
130408,
130588,
130813,
130993,
131174,
131714,
135273,
135633,
135813,
136174,
136354,
136534,
136894,
137074,
137255,
137435,
137615,
137795,
137975,
138336,
138516,
138696,
139056,
139237,
139417,
139777,
139957,
140138,
140318,
140498,
140678,

2 Column Hit Times:
768,
948,
1219,
1489,
1669,
1939,
2930,
3111,
3291,
4011,
4192,
4732,
5092,
5273,
5453,
5633,
6174,
6354,
6534,
6714,
6894,
7074,
7255,
7615,
7975,
8156,
8336,
8516,
8696,
8966,
9237,
9417,
9597,
9777,
9957,
10138,
10318,
10858,
11038,
11219,
11399,
11579,
11759,
12029,
12300,
12480,
12660,
12840,
13020,
13381,
13561,
13741,
13921,
14101,
14282,
14462,
14732,
15002,
15183,
15363,
15543,
15723,
15903,
16083,
16624,
16804,
16984,
17165,
17345,
17615,
17795,
17975,
18246,
18426,
18606,
18786,
18966,
19327,
19507,
21489,
23111,
23471,
24011,
24732,
24912,
25633,
26174,
26354,
26714,
27074,
27795,
28336,
28516,
28876,
29237,
30858,
31038,
31219,
31489,
31669,
31939,
32300,
32660,
33020,
33201,
33381,
33561,
33741,
33921,
34101,
34822,
35002,
35183,
35543,
35903,
36264,
36444,
36624,
36804,
36984,
37345,
37525,
37705,
38156,
38426,
38606,
38786,
39056,
39237,
39507,
39957,
40228,
41129,
41309,
41849,
42120,
42390,
43291,
43674,
43764,
43854,
44011,
44417,
44507,
44597,
44732,
45115,
45205,
45295,
45475,
45565,
45633,
45813,
45993,
46601,
46692,
46782,
46894,
47277,
47367,
47457,
47615,
47705,
47795,
47885,
48065,
48246,
48336,
48516,
48696,
48876,
49079,
49237,
49439,
49597,
49777,
49957,
50138,
50318,
50408,
50498,
50678,
50858,
51219,
51309,
51579,
51669,
51939,
52029,
52300,
52390,
52660,
54101,
54282,
54462,
54642,
54822,
55092,
55363,
55543,
55723,
55903,
56083,
56264,
56444,
56984,
57165,
57345,
57525,
57705,
57885,
58156,
58426,
58606,
58786,
58966,
59147,
59507,
59687,
59867,
60047,
60228,
60408,
60588,
60858,
61129,
61309,
61489,
61669,
61849,
62029,
62210,
62750,
62930,
63111,
63291,
63471,
63741,
63921,
64101,
64372,
64552,
64732,
64912,
65092,
65453,
65633,
65813,
65993,
66174,
66354,
66624,
66894,
67074,
67255,
67435,
67615,
67795,
67975,
68201,
68381,
68516,
68696,
68876,
69056,
69237,
69417,
69687,
69867,
69957,
70138,
70318,
70498,
70678,
71038,
71219,
71399,
71579,
71759,
71939,
72120,
72390,
72660,
72840,
73020,
73201,
73381,
73561,
73741,
73966,
74147,
74282,
74462,
74642,
74822,
75002,
75183,
75363,
75543,
75723,
75903,
76083,
76264,
76444,
76624,
76984,
77165,
77345,
77525,
77885,
78065,
78246,
79327,
79507,
79687,
80047,
80228,
80408,
80768,
80948,
81129,
82210,
82930,
83291,
83411,
83531,
83771,
83891,
84372,
84732,
84852,
84972,
85213,
85333,
85813,
86174,
86294,
86414,
86654,
86774,
87277,
87367,
87457,
87547,
87638,
87728,
87818,
87908,
88696,
89056,
89177,
89297,
89537,
89657,
90138,
90498,
90618,
90738,
90978,
91098,
91579,
91939,
92059,
92180,
92420,
92540,
93043,
93133,
93223,
93313,
93381,
93561,
94462,
94642,
94822,
95183,
95363,
95543,
95813,
95993,
96174,
96354,
96534,
96714,
96894,
97074,
97345,
97525,
97705,
98065,
98246,
98426,
98696,
98876,
99056,
99237,
99417,
99867,
99987,
100318,
100498,
100768,
101038,
101219,
101489,
101759,
101939,
102210,
102480,
102660,
102840,
103111,
103471,
103651,
103831,
104011,
104192,
104372,
104552,
107795,
107975,
108156,
108426,
108696,
108876,
109056,
109237,
109417,
109597,
109777,
110318,
110498,
110678,
110858,
111038,
111219,
111489,
111669,
111939,
112120,
112300,
112480,
113020,
113201,
113381,
113561,
113741,
113921,
114192,
114462,
114642,
114822,
115002,
115183,
115363,
115543,
116083,
116264,
116444,
116624,
116804,
117074,
117255,
117435,
117705,
117885,
118065,
118246,
118426,
119687,
119867,
120408,
120678,
120948,
121129,
121309,
121489,
121669,
121849,
122029,
122255,
122435,
122570,
122750,
122930,
123111,
123291,
123471,
123741,
123921,
124011,
124192,
124372,
124552,
124732,
125273,
125453,
125633,
125813,
125993,
126174,
126444,
126714,
126894,
127074,
127255,
127435,
127615,
127795,
128020,
128201,
128336,
128516,
128786,
129237,
129417,
129597,
132683,
132773,
132863,
132953,
133043,
133133,
133223,
133313,
133403,
133493,
133583,
133674,
133764,
133854,
133944,
134034,
134124,
134214,
134304,
134394,
134484,
134574,
134665,
134755,
134845,
134935,
135025,
135115,
136984,
137165,
137345,
137525,
139867,
140047,
140228,
140408,

2 Column Long Note Times:
2210,
2390,
2570,
3651,
3831,
4372,
4552,
13201,
19147,
19867,
20408,
20768,
21129,
21669,
22210,
22570,
23651,
24192,
25092,
25813,
27255,
27975,
29417,
29777,
30138,
30498,
34372,
34552,
40408,
40588,
40768,
40948,
42570,
46174,
59327,
65273,
70858,
76804,
87975,
93921,
106534,
107074,
112660,
118606,
124912,
129777,
129957,
130138,
130318,
130498,
130678,
130858,
131038,
131219,
135183,
140588,

2 Column Release Times:
2300,
2480,
2660,
3741,
3921,
4462,
4642,
13291,
19237,
20228,
20588,
20948,
21309,
22029,
22390,
22750,
23831,
24552,
25273,
25993,
27435,
28156,
29597,
29957,
30318,
30678,
34462,
34642,
40498,
40678,
40858,
41038,
42930,
46534,
59417,
65363,
70948,
76894,
88336,
94101,
106624,
107165,
112840,
118786,
125092,
129867,
130047,
130228,
130408,
130588,
130813,
130993,
131174,
131714,
135273,
140678,

3 Column Hit Times:
858,
1129,
1309,
1579,
1849,
2029,
2210,
2390,
2570,
3651,
3831,
4372,
4552,
5092,
5273,
5453,
5633,
5813,
5993,
6534,
6714,
6894,
7074,
7255,
7615,
7975,
8156,
8336,
8516,
8696,
8876,
9147,
9417,
9597,
9777,
9957,
10138,
10408,
10858,
11038,
11219,
11399,
11579,
11849,
12120,
12300,
12480,
12660,
12840,
13020,
13201,
13561,
13741,
13921,
14101,
14282,
14462,
14642,
14912,
15092,
15183,
15363,
15543,
15723,
15903,
16174,
16624,
16804,
16984,
17165,
17345,
17525,
17795,
18065,
18246,
18426,
18606,
18786,
19147,
19327,
19507,
20047,
20228,
20588,
22750,
22930,
23651,
25273,
25453,
26534,
27435,
27975,
29056,
29777,
29957,
31038,
31399,
31579,
31759,
31939,
32300,
32480,
32660,
32840,
33020,
33381,
33561,
34101,
34642,
34822,
35363,
35543,
35723,
35903,
36083,
36264,
36444,
36714,
36984,
37165,
37525,
37705,
37885,
38065,
38246,
38516,
38786,
38966,
39147,
39327,
39507,
39687,
39867,
40318,
41309,
41849,
42120,
42390,
43291,
43696,
43786,
43876,
44011,
44394,
44484,
44574,
44732,
45138,
45228,
45318,
45520,
45611,
45723,
45903,
46083,
46174,
46556,
46647,
46737,
47322,
47412,
47502,
47660,
47750,
47840,
47975,
48156,
48336,
48516,
48696,
48876,
49101,
49327,
49462,
49687,
49777,
49957,
50138,
50318,
50408,
50498,
50678,
50858,
51399,
51489,
51759,
51849,
52120,
52210,
52480,
52570,
54101,
54282,
54462,
54642,
54822,
55002,
55273,
55543,
55723,
55903,
56083,
56264,
56534,
56984,
57165,
57345,
57525,
57705,
57975,
58246,
58426,
58606,
58786,
58966,
59147,
59327,
59687,
59867,
60047,
60228,
60408,
60588,
60768,
61038,
61219,
61309,
61489,
61669,
61849,
62029,
62300,
62750,
62930,
63111,
63291,
63471,
63651,
63921,
64192,
64372,
64552,
64732,
64912,
65273,
65453,
65633,
65813,
65993,
66174,
66354,
66534,
66804,
66984,
67074,
67255,
67435,
67615,
67795,
68065,
68246,
68426,
68516,
68696,
68876,
69056,
69237,
69507,
69777,
69957,
70138,
70318,
70498,
70678,
70858,
71219,
71399,
71579,
71759,
71939,
72120,
72300,
72570,
72750,
72840,
73020,
73201,
73381,
73561,
73831,
74011,
74192,
74282,
74462,
74642,
74822,
75092,
75273,
75453,
75633,
75903,
76083,
76264,
76444,
76804,
76984,
78606,
78786,
78966,
79147,
81489,
81669,
81849,
82029,
82930,
83291,
83411,
83531,
83771,
83891,
84372,
84732,
84852,
84972,
85213,
85333,
85813,
86174,
86294,
86414,
86654,
86774,
87322,
87412,
87502,
87592,
87660,
87750,
87840,
87930,
88696,
89056,
89177,
89297,
89537,
89657,
90138,
90498,
90618,
90738,
90978,
91098,
91579,
91939,
92059,
92180,
92420,
92540,
93088,
93178,
93268,
93358,
93471,
93651,
94552,
94732,
94912,
95092,
95273,
95453,
95633,
95903,
96083,
96264,
96624,
96804,
96984,
97255,
97435,
97615,
97795,
97975,
98156,
98336,
98516,
98786,
98966,
99147,
99507,
99627,
100408,
100678,
100858,
101129,
101399,
101579,
101849,
102120,
102300,
102570,
102840,
103291,
103471,
103651,
103921,
104101,
104282,
104462,
107795,
107975,
108156,
108336,
108606,
108876,
109056,
109237,
109417,
109597,
109867,
110318,
110498,
110678,
110858,
111038,
111309,
111579,
111759,
111939,
112120,
112300,
112480,
112660,
113020,
113201,
113381,
113561,
113741,
113921,
114101,
114372,
114552,
114822,
115002,
115183,
115363,
115633,
116083,
116264,
116444,
116624,
116804,
116984,
117255,
117525,
117705,
117885,
118065,
118246,
118786,
120047,
120228,
120408,
120588,
120858,
121038,
121129,
121309,
121489,
121669,
121849,
122120,
122300,
122480,
122570,
122750,
122930,
123111,
123291,
123561,
123831,
124011,
124192,
124372,
124552,
124732,
124912,
125273,
125453,
125633,
125813,
125993,
126174,
126354,
126624,
126804,
126894,
127074,
127255,
127435,
127615,
127885,
128065,
128246,
128426,
128696,
128876,
129327,
129507,
129687,
129867,
130047,
132728,
132818,
132908,
132998,
133088,
133178,
133268,
133358,
133448,
133538,
133629,
133719,
133809,
133899,
133989,
134079,
134169,
134259,
134349,
134439,
134529,
134620,
134710,
134800,
134890,
134980,
135070,
135160,
135543,
135723,
135903,
136264,
136444,
136624,
137705,
137885,
138065,
138426,
138606,
138786,
139147,
139327,
139507,

3 Column Long Note Times:
2930,
3111,
3291,
4011,
4192,
4732,
13381,
18966,
19687,
20948,
21489,
22029,
23111,
23831,
24372,
24732,
25633,
26174,
26714,
27615,
28156,
28696,
29237,
30318,
34282,
34462,
40047,
40498,
40678,
40858,
41038,
42930,
46894,
59507,
65092,
71038,
76624,
88336,
93741,
94101,
106354,
106894,
112840,
118426,
125092,
130228,
130408,
130588,
130768,
130948,
131129,
140588,

3 Column Release Times:
3020,
3201,
3381,
4101,
4282,
4822,
13471,
19056,
19867,
21309,
21669,
22390,
23471,
24192,
24552,
24912,
25993,
26354,
27074,
27795,
28516,
28876,
29597,
30678,
34372,
34552,
40228,
40588,
40768,
40948,
41129,
43201,
47255,
59597,
65183,
71129,
76714,
88606,
93921,
94372,
106444,
106984,
112930,
118606,
125183,
130318,
130498,
130678,
130903,
131083,
131219,
140678,

4 Column Hit Times:
858,
1129,
1309,
1579,
1849,
2029,
5453,
5633,
5813,
5993,
6174,
6354,
6534,
6714,
6894,
7074,
8156,
8516,
8876,
9147,
9417,
9777,
10138,
10408,
11399,
11579,
11849,
12120,
12660,
12840,
13020,
13201,
13381,
13921,
14282,
14462,
14642,
14912,
15092,
15363,
15723,
15903,
16174,
16984,
17165,
17525,
18065,
18246,
18606,
18966,
19147,
19327,
20408,
21129,
21309,
21669,
22210,
23291,
24372,
24552,
25813,
25993,
26894,
27615,
28696,
29417,
29597,
30678,
31219,
31759,
32120,
32300,
32660,
33201,
33741,
33921,
34282,
34462,
34642,
35002,
35183,
35543,
35903,
36083,
36714,
36984,
37345,
38065,
38246,
38516,
38786,
39056,
39237,
39507,
39867,
40318,
41309,
41579,
41759,
42120,
42390,
43719,
43809,
43899,
44372,
44462,
44552,
45160,
45250,
45340,
45498,
45588,
45723,
45903,
46083,
46534,
46624,
46714,
46894,
47300,
47390,
47480,
47660,
47750,
47840,
47975,
48156,
48336,
48516,
48696,
48876,
49124,
49327,
49484,
49687,
50318,
50408,
50498,
50678,
50858,
51399,
51489,
51759,
51849,
52120,
52210,
52480,
52570,
54282,
54642,
55002,
55273,
55543,
55903,
56264,
56534,
57525,
57705,
57975,
58246,
58786,
58966,
59147,
59327,
59507,
60047,
60408,
60588,
60768,
61038,
61219,
61489,
61849,
62029,
62300,
63111,
63291,
63651,
64192,
64372,
64732,
65092,
65273,
65453,
65813,
66174,
66534,
66804,
66984,
67435,
67795,
68065,
68291,
68471,
69056,
69237,
69507,
69777,
69957,
70318,
70498,
70678,
70858,
71038,
71579,
71939,
72120,
72300,
72570,
72750,
73020,
73381,
73561,
73831,
74056,
74237,
74642,
74822,
75092,
75273,
75903,
76264,
76624,
76804,
76984,
83651,
84372,
84732,
84852,
84972,
85213,
85333,
86534,
87300,
87390,
87480,
87570,
87683,
87773,
87863,
87953,
89417,
90138,
90498,
90618,
90738,
90978,
91098,
92300,
93065,
93156,
93246,
93336,
93471,
93651,
94642,
95002,
95363,
95723,
95903,
96264,
96444,
96624,
96984,
97165,
97525,
97885,
98246,
98606,
98786,
99147,
99327,
99507,
99627,
99747,
99867,
99987,
100108,
100228,
100408,
100588,
100948,
101129,
101309,
101669,
101849,
102029,
102390,
102570,
102750,
102930,
103111,
103291,
103471,
103831,
104011,
104192,
104372,
104552,
107975,
108336,
108606,
108876,
109237,
109597,
109867,
110858,
111038,
111309,
111579,
111759,
112120,
112300,
112480,
112660,
112840,
113381,
113741,
113921,
114101,
114372,
114552,
114822,
115183,
115363,
115633,
116444,
116624,
116984,
117525,
117705,
118065,
118426,
118606,
118786,
119327,
119447,
119567,
119687,
119867,
120047,
120228,
120588,
120858,
121038,
121489,
121849,
122120,
122345,
122525,
123111,
123291,
123561,
123831,
124011,
124372,
124552,
124732,
124912,
125092,
125633,
125993,
126174,
126354,
126624,
126804,
127074,
127435,
127615,
127885,
128111,
128291,
128426,
128696,
128876,
129147,
129327,
131849,
132029,
132210,
132390,
132570,
132705,
132795,
132885,
132975,
133065,
133156,
133246,
133336,
133426,
133516,
133606,
133696,
133786,
133876,
133966,
134056,
134147,
134237,
134327,
134417,
134507,
134597,
134687,
134777,
134867,
134957,
135047,
135138,

4 Column Long Note Times:
2210,
2390,
2570,
3651,
3831,
4372,
4552,
7255,
7615,
13561,
18786,
19507,
20047,
20588,
21849,
22390,
22930,
23471,
24011,
24912,
25453,
26354,
27074,
27795,
28336,
28876,
29957,
30858,
31399,
31579,
40047,
40498,
40678,
40858,
41038,
42570,
43291,
44732,
52840,
53020,
53201,
53381,
53561,
53741,
53921,
59687,
64912,
71219,
75453,
75633,
76444,
77165,
77345,
77525,
77885,
78065,
78246,
78606,
78786,
78966,
79147,
79327,
79507,
79687,
80047,
80228,
80408,
80768,
80948,
81129,
81489,
81669,
81849,
82029,
82210,
82930,
84011,
85813,
86894,
88336,
88696,
89777,
91579,
92660,
93921,
106714,
107435,
107615,
113020,
118246,
125273,
129507,
129687,
129867,
130047,
130228,
130408,
130588,
130768,
130948,
131129,
135543,
135723,
135903,
136264,
136444,
136624,
136984,
137165,
137345,
137525,
137705,
137885,
138065,
138426,
138606,
138786,
139147,
139327,
139507,
139867,
140047,
140228,
140408,
140588,

4 Column Release Times:
2300,
2480,
2660,
3741,
3921,
4462,
4642,
7525,
7885,
13651,
18876,
19867,
20228,
20948,
22029,
22750,
23111,
23831,
24192,
25273,
25633,
26714,
27435,
28156,
28516,
29237,
30318,
31038,
31489,
31669,
40228,
40588,
40768,
40948,
41129,
42930,
43651,
45092,
52930,
53111,
53291,
53471,
53651,
53831,
54011,
59777,
65002,
71309,
75543,
75723,
76534,
77255,
77435,
77795,
77975,
78156,
78516,
78696,
78876,
79056,
79237,
79417,
79597,
79957,
80138,
80318,
80678,
80858,
81038,
81399,
81579,
81759,
81939,
82120,
82480,
83291,
84282,
86174,
87165,
88606,
89056,
90047,
91939,
92930,
94101,
106804,
107525,
107705,
113201,
118336,
125453,
129597,
129777,
129957,
130138,
130318,
130498,
130678,
130903,
131083,
131219,
135633,
135813,
136174,
136354,
136534,
136894,
137074,
137255,
137435,
137615,
137795,
137975,
138336,
138516,
138696,
139056,
139237,
139417,
139777,
139957,
140138,
140318,
140498,
140678,

