Artist : hololive
Song Name : hololive song pack
Difficulty : 0
BPM : 190
Background Image : charts\hololive-hololive song pack\Rainy Day - Tsunomaki Watame.png
Audio : charts\hololive-hololive song pack\Rainy Day - Tsunomaki Watame.ogg

1 Column Hit Times:
1531,
3854,
7338,
9273,
9660,
10047,
10434,
10822,
11402,
11789,
12176,
12564,
13144,
14499,
14886,
15080,
15467,
16434,
18951,
19725,
20693,
21467,
22434,
23596,
24370,
25338,
26112,
27080,
29209,
31338,
36176,
37144,
40628,
46822,
47209,
47983,
48176,
48757,
49531,
49918,
50305,
50693,
51080,
51467,
51854,
52434,
52676,
53209,
53789,
54047,
54305,
55080,
55338,
55596,
56112,
56305,
56693,
57273,
57467,
57854,
58434,
59015,
59596,
59983,
60564,
65402,
65789,
66370,
67338,
67725,
68499,
69080,
70822,
71983,
72370,
73144,
74305,
74693,
75080,
75660,
76628,
77015,
77209,
77789,
78370,
79144,
79531,
80112,
81660,
82241,
82434,
83983,
85144,
86305,
87467,
88434,
89789,
91338,
92499,
93273,
94822,
96370,
97144,
98886,
101015,
101789,
104112,
105854,
107209,
107402,
108370,
109338,
110305,
110693,
111080,
112628,
113015,
113402,
113789,
114080,
114564,
115144,
115338,
116305,
116499,
117660,
118047,
119983,
120564,
120951,
130241,
131209,
133144,
133531,
134209,

1 Column Long Note Times:
370,
757,
1144,
2693,
4628,
8112,
13918,
15854,
17789,
29789,
30564,
31725,
32693,
33660,
34047,
35015,
35596,
36370,
37531,
37918,
38305,
39080,
39854,
41015,
41789,
42176,
43725,
44499,
45660,
54628,
60757,
61338,
61725,
62499,
63080,
64241,
64822,
70047,
73531,
80499,
88628,
90757,
91725,
94434,
96757,
99467,
100628,
102176,
102564,
102951,
103338,
104499,
104886,
105273,
106047,
106822,
108951,
109531,
111467,
111854,
115918,
116886,
118434,
118822,
119209,
121531,
123467,
123854,
124241,
124628,
125015,
125789,
126176,
126564,
126951,
127338,
128112,
128499,
128886,
129273,
129660,
130434,

1 Column Release Times:
467,
854,
1241,
2789,
4725,
8209,
14112,
16047,
18564,
29983,
30951,
32305,
32886,
33854,
34241,
35209,
35789,
36757,
37725,
38112,
38499,
39273,
40241,
41402,
41983,
42370,
44112,
44886,
45854,
54951,
60951,
61531,
61918,
62693,
63273,
64434,
65015,
70434,
73725,
81273,
89015,
90951,
92112,
94628,
96951,
99660,
100822,
102273,
102757,
103144,
103531,
104693,
105080,
105467,
106434,
107015,
109144,
109725,
111660,
112241,
116112,
117273,
118628,
119015,
119596,
122305,
123660,
124047,
124434,
124822,
125209,
125983,
126370,
126757,
127144,
127531,
128305,
128693,
129080,
129467,
129854,
130822,

2 Column Hit Times:
9176,
11015,
11983,
12370,
13918,
15273,
15660,
16531,
19338,
19918,
20305,
20886,
21854,
22822,
23402,
23983,
24564,
24951,
25531,
26499,
27467,
28047,
38499,
39660,
41983,
45660,
47015,
47402,
47983,
48951,
49338,
49918,
51467,
51854,
52241,
52725,
53402,
53854,
54112,
54370,
55144,
55402,
55660,
56112,
56499,
57322,
58047,
58434,
58822,
59209,
59789,
60660,
64047,
65596,
65983,
67144,
67725,
67918,
68305,
68693,
69273,
69660,
70047,
70241,
71015,
71789,
72370,
73338,
74499,
74886,
75273,
76434,
76822,
77789,
78564,
78951,
79338,
79725,
80112,
80693,
81273,
81660,
82628,
82822,
84951,
87273,
89596,
91531,
92547,
101015,
101209,
101886,
107015,
107209,
107596,
107983,
110499,
110886,
112241,
112822,
113596,
113983,
115725,
116499,
116693,
117273,
117660,
118628,
121144,
121338,
125402,
127725,
130047,
130822,
131209,
131983,
132370,
133047,
133434,
133628,
134209,

2 Column Long Note Times:
1338,
3080,
4822,
5789,
6176,
7725,
8305,
9660,
10047,
10434,
12757,
13531,
14305,
17402,
21273,
25918,
28241,
28628,
29015,
29402,
30370,
30951,
32499,
33273,
33660,
34047,
34434,
35209,
35983,
36370,
36951,
38693,
39080,
39854,
40628,
42564,
44402,
44886,
46047,
54564,
61144,
61918,
62693,
63273,
64628,
85531,
87854,
89015,
90564,
93322,
95983,
98305,
99080,
99854,
102273,
102564,
102951,
103338,
103725,
104305,
104693,
105660,
106628,
109144,
109531,
114176,
116112,
118241,
118822,
119209,
121531,
123467,
123854,
124241,
124628,
125789,
126176,
126564,
126951,
128499,
128886,
129273,
131596,

2 Column Release Times:
1434,
3176,
4918,
5886,
6273,
7822,
8402,
9854,
10241,
10628,
12951,
13725,
14499,
17789,
21467,
26112,
28434,
28822,
29209,
29596,
30564,
31338,
32693,
33467,
33854,
34241,
34822,
35402,
36176,
36757,
37047,
38886,
39273,
40241,
41015,
42757,
44499,
45273,
46822,
54951,
61338,
62499,
63080,
63467,
64822,
85918,
88241,
89209,
90757,
93660,
96370,
98693,
99273,
100047,
102370,
102757,
103144,
103531,
104112,
104499,
104886,
105854,
106822,
109338,
109725,
114564,
116305,
118434,
119015,
119596,
122305,
123660,
124047,
124434,
124822,
125983,
126370,
126757,
127144,
128693,
129080,
129467,
131789,

3 Column Hit Times:
8499,
9080,
10628,
12757,
13725,
14112,
14305,
14693,
15854,
16628,
19531,
20499,
21080,
21660,
22241,
22628,
23209,
24176,
25144,
25725,
26305,
26886,
27273,
27854,
35015,
46822,
47596,
47789,
48080,
48564,
49144,
49725,
50112,
50499,
50886,
51273,
51418,
52241,
52628,
53015,
53596,
53983,
54241,
54499,
55015,
55273,
55531,
56160,
56886,
57080,
57273,
57660,
58241,
58628,
59209,
59402,
60176,
60564,
62499,
63854,
65402,
66176,
66951,
67338,
69467,
69854,
70434,
70822,
71596,
72176,
73531,
74693,
75467,
76241,
76628,
77596,
78951,
79338,
79918,
80886,
81273,
81709,
83015,
83209,
83983,
84370,
84757,
85144,
86305,
86693,
87080,
87467,
90951,
92693,
94241,
95596,
96564,
101209,
101983,
102564,
103531,
104886,
107402,
108370,
109725,
111273,
111854,
112628,
113015,
113402,
113886,
114176,
114564,
114951,
116499,
117467,
118822,
119596,
120757,
122305,
124434,
125402,
126757,
127725,
130241,
131015,
131402,
132951,
133338,
133725,

3 Column Long Note Times:
1531,
2499,
3467,
5015,
6564,
7338,
10822,
11209,
11596,
12370,
13144,
15080,
17015,
18951,
23596,
29209,
29789,
30564,
31338,
32499,
32886,
33273,
35596,
36176,
37047,
37531,
37918,
38305,
38693,
40241,
41015,
41789,
42176,
42951,
43338,
44305,
44886,
45660,
55725,
60951,
61531,
63467,
64434,
67725,
77015,
89209,
90370,
93660,
97967,
99467,
100241,
101402,
102370,
103725,
104499,
105854,
106628,
107015,
108951,
109338,
109918,
110499,
115338,
116112,
116886,
118434,
120370,
123467,
128112,
129080,
130434,

3 Column Release Times:
1628,
2596,
3564,
5112,
6660,
7434,
11015,
11402,
11789,
12564,
13338,
15273,
17402,
19144,
23789,
29402,
29983,
30951,
31725,
32693,
33080,
33467,
35789,
36370,
37144,
37725,
38112,
38499,
38886,
40628,
41402,
41983,
42370,
43144,
43531,
44402,
45273,
45854,
56112,
61144,
61918,
63660,
64628,
68112,
77209,
89402,
90564,
94047,
98305,
99660,
100628,
101789,
102467,
104112,
104693,
106047,
106822,
107209,
109144,
109531,
110305,
110693,
115725,
116305,
117273,
118628,
120564,
123660,
128305,
129273,
130822,

4 Column Hit Times:
370,
2693,
5015,
6176,
9854,
10241,
11209,
11789,
12951,
13338,
18564,
19144,
20112,
21273,
22047,
23015,
23789,
24757,
25918,
26693,
27660,
30370,
32693,
46870,
47209,
47596,
48031,
48370,
48757,
49144,
49531,
50305,
51370,
51660,
52047,
52628,
52822,
53402,
53918,
54176,
54434,
54951,
55209,
55467,
56499,
56886,
57370,
58047,
58822,
59596,
60370,
62693,
65015,
66176,
66757,
67531,
68112,
68499,
69660,
70047,
70628,
71402,
71983,
72951,
73531,
74112,
75467,
76047,
77015,
77402,
77983,
78757,
80305,
81080,
81467,
85918,
88241,
88628,
89402,
92886,
93080,
94047,
94822,
97144,
97918,
98693,
102080,
104693,
107209,
108757,
109531,
109725,
110693,
111080,
111854,
112241,
113789,
114176,
114951,
115338,
116693,
117273,
117660,
119596,
119983,
120757,
121144,
121338,
129080,
130434,
130822,
131983,
132370,
133241,
134209,

4 Column Long Note Times:
1918,
3854,
5402,
7144,
8547,
10628,
11983,
14112,
14693,
15467,
16676,
28241,
28628,
29015,
29402,
30951,
31725,
32886,
34434,
35209,
35983,
37144,
38499,
39660,
40241,
41983,
42564,
42951,
43338,
43725,
44499,
45273,
46047,
55789,
60757,
61918,
63080,
63660,
64241,
65402,
72370,
74693,
79338,
81757,
83402,
90176,
90951,
94434,
95596,
96757,
99080,
99854,
100628,
101402,
102467,
103531,
104305,
104886,
105273,
105660,
106047,
106822,
107596,
109144,
109918,
111467,
113015,
115918,
116305,
118241,
118628,
119015,
120370,
122305,
124434,
125015,
125789,
126757,
127338,
128112,
129660,
131596,
132757,
133822,

4 Column Release Times:
2015,
3951,
5499,
7241,
9080,
10822,
12176,
14305,
14886,
15660,
17015,
28434,
28822,
29209,
29596,
31338,
32305,
33080,
34822,
35402,
36176,
37531,
38693,
39854,
40628,
42176,
42757,
43144,
43531,
44112,
44886,
45660,
46822,
56112,
60951,
62499,
63273,
63854,
64434,
65789,
72564,
74886,
79531,
82241,
83789,
90370,
91338,
94628,
95983,
96951,
99273,
100047,
100822,
101789,
102564,
103725,
104499,
105080,
105467,
105854,
106434,
107015,
108370,
109338,
110305,
111660,
113402,
116112,
116499,
118434,
118822,
119209,
120564,
123467,
124628,
125209,
125983,
126951,
127531,
128305,
129854,
131789,
132951,
134112,

