Artist : hololive
Song Name : hololive song pack
Difficulty : 0
BPM : 155
Background Image : charts\hololive-hololive song pack\Rainy Day - Tsunomaki Watame.png
Audio : charts\hololive-hololive song pack\Rainy Day - Tsunomaki Watame.ogg

1 Column Hit Times:
1338,
5015,
9273,
10241,
11015,
11789,
12564,
13144,
13918,
14886,
17402,
20305,
20693,
21080,
22628,
23015,
23402,
24757,
25144,
25531,
25918,
27080,
27467,
27854,
28434,
31531,
32112,
33467,
40047,
41596,
43144,
46822,
47596,
48757,
49144,
49531,
51370,
51854,
52628,
53789,
54176,
54564,
56499,
57273,
58047,
58241,
59596,
62499,
65402,
66757,
67144,
67918,
68305,
69080,
70047,
70434,
71402,
72370,
73531,
74693,
75273,
76047,
77209,
77983,
78757,
79531,
81080,
83402,
88434,
90176,
92693,
93273,
94434,
95596,
96757,
97918,
98886,
99467,
101015,
103338,
103725,
104112,
104499,
106047,
106628,
107209,
107596,
107983,
110693,
111273,
113789,
114176,
115338,
116499,
117660,
118434,
118822,
119209,
120564,
121144,
121338,
124434,
125015,
125789,
126176,
126564,
126951,
129080,
129660,
130241,
133434,
134209,

1 Column Long Note Times:
15854,
18564,
29789,
30564,
32693,
34047,
35015,
35596,
37144,
37918,
39080,
41015,
42176,
54951,
60757,
63080,
63854,
81757,
85531,
88628,
91338,
91725,
100241,
101789,
104886,
105273,
108951,
109531,
111854,
122305,
131402,
132757,

1 Column Release Times:
16047,
18951,
29983,
30757,
32886,
34241,
35209,
35789,
37531,
38112,
39273,
41402,
42370,
56112,
61144,
63273,
64047,
82241,
85918,
89015,
91531,
92112,
100628,
102564,
105080,
105467,
109144,
109725,
113015,
123467,
131596,
132951,

2 Column Hit Times:
1531,
2693,
4822,
5402,
7338,
9176,
9660,
10047,
10628,
11209,
12176,
12951,
15660,
16628,
17789,
18951,
19338,
19725,
21273,
22434,
22822,
23209,
23789,
24176,
24564,
27273,
27660,
28047,
28822,
30176,
31918,
32305,
33080,
37047,
37725,
39467,
40434,
43531,
44305,
46870,
47402,
48080,
48951,
49918,
50305,
51418,
52241,
52434,
52676,
53209,
54951,
55338,
55725,
56112,
57080,
57322,
58434,
60757,
62693,
65596,
65983,
66951,
67725,
68112,
68693,
69273,
69660,
70241,
70628,
71596,
71983,
72370,
74112,
74886,
76241,
76628,
77015,
77402,
77789,
78370,
78951,
79338,
79918,
80693,
81467,
81709,
83015,
83209,
90370,
92886,
93322,
94241,
94822,
95983,
96564,
97144,
98305,
99080,
99854,
100628,
101789,
102176,
106822,
109144,
109531,
109918,
110305,
110886,
111467,
112241,
113015,
113402,
113886,
115725,
116693,
117273,
120757,
121144,
121338,
123467,
123854,
124241,
124628,
125402,
126757,
127338,
128112,
128499,
128886,
129273,
130047,
130434,
131596,
131983,
132370,
132951,
133338,
133531,

2 Column Long Note Times:
8499,
14305,
15080,
29402,
30951,
33660,
34434,
35209,
36370,
38693,
39854,
42564,
45273,
45660,
61144,
63273,
63660,
64628,
87080,
87467,
89209,
102564,
102951,
103338,
104693,
105660,
107209,
114176,
116305,
118241,
119209,
131209,

2 Column Release Times:
9080,
14499,
15273,
29596,
31144,
33854,
34628,
35402,
36757,
38886,
40047,
42757,
45467,
45854,
61531,
63467,
63854,
64822,
87273,
87660,
89402,
102757,
103144,
103531,
104886,
105854,
107402,
115338,
116499,
118434,
119983,
131402,

3 Column Hit Times:
1918,
3080,
3467,
5789,
6176,
7144,
7725,
8305,
9080,
10434,
11596,
12370,
13338,
13725,
14499,
15273,
16531,
18951,
20112,
20499,
20886,
21273,
21660,
22047,
23596,
24951,
25338,
25725,
26112,
26499,
26886,
29983,
30757,
34241,
34628,
35789,
38886,
40822,
41402,
42370,
44402,
47789,
48031,
48564,
50112,
51467,
52047,
52725,
53402,
53596,
53983,
54370,
54757,
56160,
56886,
57370,
58822,
59209,
59596,
60660,
64047,
65789,
66370,
67338,
67725,
68499,
69467,
70047,
71015,
71789,
73144,
73531,
74499,
75080,
75660,
76434,
77015,
77596,
78564,
79144,
79725,
80305,
80886,
81660,
82628,
82822,
90564,
92547,
93080,
93660,
94047,
95596,
96757,
97967,
98693,
99467,
102564,
105273,
105660,
107015,
108370,
108757,
110499,
111080,
111854,
112628,
113983,
114564,
114951,
117660,
118047,
120370,
120951,
124434,
125015,
125789,
126176,
126564,
126951,
127725,
129080,
129660,
130241,
133047,
133241,
133628,

3 Column Long Note Times:
29209,
31338,
32499,
33273,
36176,
38305,
40241,
41789,
42951,
43338,
44886,
46047,
61531,
63467,
64434,
64822,
84757,
85144,
86305,
86693,
87273,
91531,
101402,
103725,
104499,
106047,
107402,
109338,
115338,
116112,
118434,
118822,
121531,
131015,
133822,

3 Column Release Times:
29402,
31531,
32693,
33467,
36370,
38499,
40434,
41983,
43144,
43531,
45273,
46628,
61918,
63660,
64628,
65015,
84951,
85338,
86499,
86886,
87467,
91725,
101789,
104112,
104693,
106434,
107596,
109531,
115918,
116305,
118628,
119015,
122305,
131209,
134209,

4 Column Hit Times:
370,
757,
1144,
2499,
3854,
4628,
6564,
8112,
9854,
10822,
11402,
11983,
12757,
13531,
14112,
16434,
17015,
19144,
19531,
19918,
21467,
21854,
22241,
23596,
23983,
24370,
25918,
26305,
26693,
29596,
31144,
33854,
34822,
35402,
36951,
38112,
39273,
41209,
42757,
45660,
47209,
47983,
49144,
49725,
50305,
51467,
55144,
55531,
55918,
56693,
57854,
58434,
59015,
59402,
60564,
65402,
66176,
67531,
69854,
70822,
72176,
72951,
73338,
74305,
74693,
75467,
76822,
79338,
80112,
81273,
82241,
82434,
90757,
92499,
93273,
94434,
94822,
96370,
97144,
97918,
99080,
99854,
100628,
101209,
101983,
102370,
102951,
104886,
106434,
109725,
110693,
111080,
111467,
114080,
115144,
119596,
119983,
123467,
123854,
124241,
124628,
126757,
127338,
128112,
128499,
128886,
129273,
130434,
131596,
131983,
132370,
133144,
133725,
134209,

4 Column Long Note Times:
14693,
15467,
28241,
28628,
29015,
30370,
31725,
32886,
35983,
37531,
38499,
39660,
40628,
41983,
43725,
44499,
53789,
61918,
64241,
65015,
83983,
84370,
84951,
87854,
89015,
89402,
90951,
103531,
104305,
105854,
107596,
109144,
113015,
115918,
116886,
118628,
119015,
121531,
130822,

4 Column Release Times:
14886,
15660,
28434,
28822,
29209,
30564,
32305,
33080,
36176,
37725,
38693,
39854,
40822,
42176,
43918,
44886,
54951,
62499,
64434,
65209,
84176,
84564,
85144,
88241,
89209,
89789,
91338,
103725,
104499,
106047,
108370,
109338,
113596,
116112,
117660,
118822,
119209,
122305,
131015,

