Artist : hololive
Song Name : hololive song pack
Difficulty : 0
BPM : 138
Background Image : charts\hololive-hololive song pack\REDHEART - Akai Haato.png
Audio : charts\hololive-hololive song pack\REDHEART - Akai Haato.ogg

1 Column Hit Times:
924,
1255,
4407,
4733,
7016,
7451,
8212,
8755,
8973,
9625,
9951,
10494,
10712,
11146,
11364,
11581,
12233,
12451,
12668,
14407,
14842,
15168,
15929,
17559,
18320,
18755,
19407,
20386,
20929,
21799,
22886,
23538,
23973,
24516,
25712,
26255,
27451,
28103,
28320,
28973,
29625,
30929,
31364,
31799,
32233,
32668,
32886,
33538,
34407,
34733,
35059,
35277,
35929,
36146,
36799,
37016,
37668,
38320,
38973,
40277,
40494,
40712,
42668,
44190,
45059,
48320,
49625,
50059,
50277,
50494,
50712,
50929,
51690,
52342,
52886,
53538,
57016,
57886,
63538,
63973,
64407,
64842,
65059,
65712,
66146,
67451,
67886,
70059,
70494,
71364,
71581,
72233,
72668,
73103,
73248,
73755,
73973,
74842,
75494,
75712,
75983,
76581,
76799,
78320,
78755,
79190,
79625,
80059,
80204,
80712,
80929,
81255,
81799,
82016,
82559,
84407,
85059,
85277,
86146,
87016,
87668,
88103,
88755,
89190,
90277,
90494,
92233,
92668,
93320,
93973,
95059,
95712,
97451,
97886,
98538,
98755,
99190,
99842,
100494,
100712,
101038,
101364,
101799,
102233,
103103,
103538,
103973,
104516,
104842,
105277,
105603,
105929,
106146,
106364,
106581,
107016,
107233,
107451,
107668,
107886,
108103,
108538,
109190,
110059,
118755,
125712,
126146,
126581,
127016,
127886,
128212,
128755,
129625,
130929,
131364,
131799,
133103,
133538,
135712,
136146,
136907,
137451,
137886,
140059,
140277,
142668,
147016,
147886,
148755,
157016,
159190,
168103,
168755,
169625,
170059,
170820,
171364,
172016,
172994,
173538,
173755,
173973,
174190,
174625,
174842,
175277,
175494,
175820,
176146,
176581,
176907,
177668,
177886,
179190,
179407,
179733,
179951,
182668,
186146,
189625,
193103,
195277,
195712,
196581,
196799,
197451,
197886,
198320,
198465,
198973,
199190,
200059,
200712,
200929,
201201,
201799,
203538,
203973,
204407,
204842,
205277,
205422,
205929,
206146,
207016,
207233,
209190,

1 Column Long Note Times:
13538,
16364,
17016,
19842,
22233,
25059,
26581,
39190,
40929,
41364,
41799,
45494,
46146,
48755,
49190,
53973,
54842,
55277,
55712,
55929,
56146,
58320,
58755,
59190,
60059,
60494,
60929,
61799,
62233,
62668,
63103,
66581,
66799,
68320,
68538,
69190,
69625,
77016,
83538,
96581,
108755,
109733,
110494,
110929,
111364,
112233,
112668,
113103,
113538,
113973,
114407,
115712,
116146,
117451,
117886,
118320,
119190,
119625,
120059,
120494,
120929,
122233,
122668,
123103,
123538,
124407,
124842,
125277,
127233,
127668,
128538,
129842,
130277,
132233,
134190,
134625,
135059,
135494,
138103,
138973,
143538,
151364,
153973,
161581,
163538,
164407,
178320,
180494,
180929,
181364,
181799,
183755,
183973,
184625,
185277,
187451,
188320,
188755,
190059,
190712,
191581,
191799,
193320,
193538,
193973,
194842,
202233,
207886,
208320,

1 Column Release Times:
14353,
16581,
17233,
20059,
22451,
25277,
26799,
39625,
41255,
41690,
42233,
45712,
46581,
48973,
49407,
54407,
55168,
55603,
55820,
56038,
56473,
58646,
59081,
59516,
60386,
60820,
61255,
62125,
62559,
62886,
63212,
66690,
66907,
68429,
68646,
69516,
69951,
77451,
83973,
96907,
108864,
109842,
110820,
111255,
111799,
112559,
112994,
113429,
113864,
114299,
114733,
116038,
116473,
117777,
118212,
118646,
119516,
119951,
120386,
120820,
121255,
122559,
122994,
123429,
123864,
124733,
125168,
125603,
127342,
127777,
128646,
129951,
130386,
132668,
134299,
134733,
135168,
135603,
138212,
139190,
143973,
151799,
154407,
161799,
163973,
167886,
178755,
180820,
181255,
181690,
182016,
183864,
184407,
184733,
186038,
187886,
188646,
189516,
190603,
190820,
191690,
192125,
193429,
193864,
194190,
195059,
202668,
208103,
208538,

2 Column Hit Times:
924,
2016,
2233,
2940,
3538,
4190,
5494,
5712,
6473,
7233,
7886,
8320,
8538,
8755,
8973,
9190,
9407,
9625,
9951,
10277,
10494,
10712,
10929,
11473,
12342,
12559,
12886,
13864,
14407,
16907,
18646,
20494,
21038,
22016,
22233,
22668,
23103,
23864,
24625,
25494,
26364,
27886,
29190,
29625,
30059,
30494,
30929,
31255,
31581,
31799,
32668,
33320,
33538,
33973,
34625,
34842,
35712,
36146,
36581,
37016,
37451,
37886,
38103,
38429,
38755,
39516,
39842,
40059,
40494,
41799,
42233,
43538,
43973,
44625,
48538,
49190,
49407,
49625,
50059,
50494,
50712,
51146,
51690,
52016,
52342,
52668,
53755,
54081,
54299,
54625,
56581,
57451,
59625,
61364,
63538,
63973,
64407,
64842,
65277,
67016,
70929,
71364,
71799,
72233,
72668,
73103,
73973,
74407,
74842,
75059,
75712,
76291,
76436,
76799,
77451,
77886,
78973,
79625,
80059,
80494,
80929,
81146,
81799,
82125,
82451,
83864,
84842,
85712,
86581,
87451,
88538,
89625,
90712,
91581,
92016,
92886,
94407,
94842,
95929,
96364,
97016,
97668,
98320,
98755,
99190,
99625,
100059,
100820,
101038,
101364,
101581,
102233,
102451,
102886,
103320,
104299,
104516,
105277,
105494,
105712,
106146,
106364,
106581,
107016,
107342,
107668,
107994,
108320,
108755,
108973,
109407,
109733,
109951,
110277,
111364,
111799,
118755,
124407,
125712,
126146,
126473,
127016,
127886,
129190,
129625,
130059,
130494,
131364,
131690,
132125,
133103,
133973,
134407,
134842,
135168,
136581,
137016,
140059,
140929,
141799,
147233,
147668,
149625,
152668,
155712,
160059,
167886,
168538,
168864,
169081,
170277,
170603,
171146,
171581,
172668,
172886,
173538,
174081,
174407,
174842,
175168,
175494,
175820,
176364,
177016,
177233,
177559,
178103,
178429,
178755,
179190,
179625,
182668,
184407,
186146,
187016,
187886,
189625,
191364,
195277,
196146,
196581,
197016,
197451,
197886,
198320,
199190,
199625,
200059,
200277,
200929,
201509,
201654,
201944,
202668,
203103,
203320,
204190,
204842,
205277,
205712,
206146,
206364,
207016,

2 Column Long Note Times:
15494,
17233,
17886,
18973,
19625,
21364,
24190,
25929,
27016,
40929,
45712,
47886,
53103,
54842,
55277,
56146,
58320,
59190,
60059,
60929,
61799,
62668,
65712,
66581,
66799,
67451,
68320,
68538,
68755,
69190,
77016,
83320,
110494,
112233,
112668,
113103,
113538,
113973,
114842,
115277,
115712,
116146,
116581,
117016,
117451,
119190,
120494,
120929,
121364,
121799,
122668,
123103,
123538,
123973,
124842,
125277,
127233,
127668,
128103,
128538,
128973,
129842,
130277,
132668,
133320,
133755,
135929,
136364,
137233,
137668,
138103,
138538,
139190,
143973,
145277,
150929,
153538,
161799,
180059,
180494,
180929,
181146,
181799,
182886,
183103,
183755,
183973,
184625,
184842,
185277,
186364,
186581,
187451,
188320,
188755,
189842,
190059,
190712,
190929,
191581,
192233,
193320,
193538,
193973,
194407,
194842,
202233,

2 Column Release Times:
15712,
17451,
18103,
19190,
19842,
21799,
24407,
26146,
27342,
41255,
45929,
48320,
53538,
55168,
55603,
56473,
58646,
59516,
60386,
61255,
62125,
62886,
66038,
66690,
66907,
67777,
68429,
68646,
69081,
69625,
77342,
83538,
110820,
112559,
112994,
113429,
113864,
114299,
115168,
115603,
116038,
116473,
116907,
117342,
117777,
119516,
120820,
121255,
121690,
122125,
122994,
123429,
123864,
124299,
125168,
125603,
127342,
127777,
128212,
128646,
129081,
129951,
130386,
132994,
133429,
133864,
136038,
136473,
137342,
137777,
138212,
138755,
139625,
144407,
145712,
151364,
153973,
162016,
180386,
180820,
181038,
181255,
182233,
182994,
183646,
183864,
184299,
184733,
185168,
186038,
186473,
186907,
187777,
188646,
189516,
189951,
190603,
190820,
191255,
191690,
192994,
193429,
193864,
194190,
194625,
195059,
202559,

3 Column Hit Times:
1146,
1364,
1799,
2668,
3683,
4625,
4842,
5277,
6146,
7451,
7886,
8320,
8538,
8864,
9190,
9407,
10059,
10277,
10603,
10929,
11364,
11581,
11799,
12016,
12233,
12451,
12777,
12994,
14407,
14842,
15820,
16799,
17668,
18538,
19190,
19625,
20277,
21146,
21799,
22125,
22777,
26799,
28103,
28320,
28755,
29190,
29407,
29842,
30059,
30277,
30712,
30929,
31255,
31473,
31799,
32233,
32451,
33103,
33755,
33973,
34407,
34733,
34951,
35277,
35712,
36146,
37016,
37233,
37886,
38212,
38429,
38755,
38973,
39190,
39625,
40386,
42016,
42886,
43320,
44407,
48320,
48538,
49951,
50277,
50603,
50929,
51364,
51799,
52233,
52451,
52886,
53212,
53973,
54190,
56581,
57016,
57451,
57886,
58320,
60059,
61799,
62886,
63538,
64407,
66581,
68320,
70059,
70494,
71364,
71799,
72233,
72813,
72958,
73538,
73973,
74842,
75277,
75712,
76146,
77451,
77886,
78320,
78538,
79190,
79462,
80059,
80929,
81364,
81581,
82233,
85494,
86364,
86799,
87233,
88973,
89407,
90059,
90929,
91799,
92451,
93103,
93755,
94190,
94625,
95494,
96146,
97668,
97886,
98973,
99625,
100277,
100494,
100820,
101146,
102233,
102668,
103103,
103755,
103973,
104190,
104407,
104842,
105277,
105603,
105929,
106255,
106581,
106799,
107233,
107451,
107994,
108320,
108538,
108864,
109081,
109407,
109625,
109842,
110168,
110386,
118755,
124407,
124842,
126146,
126581,
127451,
128320,
128755,
130059,
130929,
131364,
131690,
132125,
133103,
133538,
133973,
134407,
134842,
135277,
135712,
136146,
136581,
137886,
142016,
142451,
142886,
143320,
145059,
148103,
148538,
148973,
149407,
151799,
153103,
154842,
156581,
157451,
160494,
167886,
168212,
169190,
169407,
169951,
170712,
171690,
172342,
172559,
173103,
173429,
173755,
174081,
174625,
175277,
175712,
175929,
176146,
176581,
176907,
177233,
177559,
177886,
178320,
179625,
179842,
182668,
184407,
186146,
187016,
187233,
187342,
187886,
189625,
191364,
193103,
195277,
195712,
195929,
196581,
197016,
197451,
198030,
198175,
198755,
199190,
199407,
200059,
200494,
200929,
201364,
202668,
203103,
203538,
203755,
204407,
204679,
205277,
206146,
206581,
206799,
209081,

3 Column Long Note Times:
13973,
15277,
16146,
18103,
20712,
23320,
23973,
24842,
25712,
27016,
27451,
41364,
46581,
47451,
48973,
54407,
55712,
55929,
56146,
58755,
59625,
59842,
60494,
61364,
61581,
62233,
63103,
65277,
66146,
67016,
67886,
68755,
69625,
76581,
82668,
83103,
96581,
97016,
110929,
111581,
112233,
112668,
113973,
114407,
114842,
115277,
115712,
116581,
117016,
117451,
117886,
118320,
119190,
119625,
120059,
120494,
120929,
121364,
121799,
122233,
122668,
123103,
123538,
123973,
125277,
126364,
126799,
128103,
128973,
129407,
130712,
131146,
132668,
134190,
134625,
135929,
136364,
136799,
137233,
137668,
144407,
145712,
150494,
162233,
163103,
178755,
180059,
180494,
181146,
181364,
181799,
182886,
183103,
183973,
184842,
185277,
186364,
186581,
188320,
189842,
190929,
191581,
191799,
192233,
193973,
194407,
201799,
207451,
208103,
208538,

3 Column Release Times:
14353,
15494,
16364,
18320,
20929,
23538,
24190,
25059,
25929,
27342,
27777,
41690,
47016,
47886,
49190,
54842,
55820,
56038,
56473,
59081,
59733,
59951,
60820,
61473,
61690,
62559,
63212,
65603,
66473,
67342,
68212,
69190,
69951,
77016,
82886,
83320,
96907,
97342,
111255,
111799,
112559,
112994,
114299,
114733,
115168,
115603,
116038,
116907,
117342,
117777,
118212,
118646,
119516,
119951,
120386,
120820,
121255,
121690,
122125,
122559,
122994,
123429,
123864,
124299,
125603,
126473,
126907,
128212,
129081,
129516,
130820,
131255,
132994,
134299,
134733,
136038,
136473,
136907,
137342,
137777,
144842,
146146,
150929,
162451,
163538,
179190,
180386,
180820,
181255,
181690,
182451,
182994,
183646,
184299,
185168,
186038,
186473,
186907,
188646,
189951,
191255,
191690,
192125,
192994,
194190,
194625,
202233,
207668,
208320,
208755,

4 Column Hit Times:
1581,
2451,
3103,
3248,
3393,
3973,
4407,
5059,
5929,
6581,
6726,
6871,
7233,
8212,
8864,
10059,
10603,
11146,
11473,
11799,
12016,
12668,
12886,
14407,
15277,
15712,
16146,
16581,
17016,
17451,
17886,
19299,
20059,
23755,
24407,
24842,
25277,
25603,
26146,
26581,
28755,
29190,
30059,
30494,
31146,
31473,
32016,
32668,
33103,
33538,
34190,
34407,
34951,
36364,
36581,
37451,
37886,
38212,
38538,
38755,
39407,
39625,
39842,
40712,
41364,
42016,
42233,
43103,
43755,
44842,
48320,
48755,
48973,
49951,
50603,
51146,
51364,
51799,
52016,
52233,
52451,
52668,
53103,
53320,
54407,
56581,
57016,
57451,
57886,
58755,
59190,
60494,
60929,
62233,
62668,
62886,
63973,
64842,
70494,
70929,
72016,
72505,
73103,
73538,
74407,
75277,
76146,
77451,
78320,
78755,
79190,
79770,
79915,
80494,
81364,
81799,
82233,
83973,
84625,
85277,
85929,
87016,
87886,
88320,
88755,
89842,
90494,
91364,
92233,
93538,
93973,
95277,
95712,
98320,
98755,
99407,
99625,
100059,
100494,
100929,
101364,
101799,
102016,
102668,
103103,
103538,
103973,
104299,
104625,
105494,
105712,
106255,
106799,
107016,
107342,
107886,
108103,
108320,
109190,
110059,
110929,
111799,
118755,
124407,
124842,
125277,
125494,
125712,
127451,
127886,
128320,
129190,
129625,
129951,
130494,
131799,
134842,
135277,
136581,
137016,
137451,
139625,
140712,
141146,
141581,
144842,
149842,
150277,
152233,
158320,
168320,
169516,
169842,
170494,
170929,
171364,
171799,
172233,
173320,
173538,
173973,
174190,
174407,
174842,
175168,
175712,
175929,
176364,
176581,
177016,
177668,
178103,
178538,
178973,
179299,
179516,
184407,
187016,
187233,
187342,
187886,
191364,
193103,
195277,
195712,
196146,
196364,
197233,
197723,
198320,
198755,
199625,
199842,
200494,
201364,
202668,
202886,
203538,
203973,
204407,
204987,
205132,
205712,
206581,
207016,
207451,
209190,

4 Column Long Note Times:
13103,
18755,
20494,
21364,
22451,
23103,
27016,
27451,
27886,
35277,
40059,
40929,
45277,
45929,
47016,
49407,
53538,
54842,
55277,
55712,
59625,
59842,
61364,
61581,
63103,
65277,
65712,
66146,
67016,
67451,
67886,
68755,
69190,
69625,
76581,
82886,
96581,
97016,
97451,
104842,
108864,
109625,
110494,
111364,
112233,
113103,
113538,
113973,
114407,
114842,
115277,
115712,
116146,
116581,
117016,
117451,
117886,
118320,
119190,
119625,
120059,
120929,
121364,
121799,
122233,
122668,
123973,
126364,
126799,
129407,
130712,
131146,
132233,
133320,
133755,
135059,
135494,
136799,
138320,
138755,
146146,
153973,
160929,
162668,
163973,
166146,
180059,
180929,
181146,
181364,
181799,
182886,
183103,
183755,
184625,
184842,
186364,
186581,
188755,
189842,
190059,
190712,
190929,
191799,
192233,
193320,
193538,
194407,
194842,
201799,
207668,
208755,

4 Column Release Times:
14353,
18973,
20712,
21799,
22668,
23320,
27342,
27777,
28320,
35712,
40494,
41255,
45494,
46146,
47451,
49625,
53973,
55168,
55603,
56038,
59733,
59951,
61473,
61690,
63212,
65603,
66038,
66473,
67342,
67777,
68212,
69081,
69516,
70059,
77016,
83103,
96907,
97342,
97886,
105277,
108973,
109733,
110820,
111581,
112559,
113429,
113864,
114299,
114733,
115168,
115603,
116038,
116473,
116907,
117342,
117777,
118212,
118646,
119516,
119951,
120386,
121255,
121690,
122125,
122559,
122994,
124299,
126473,
126907,
129516,
130820,
131255,
132668,
133429,
133864,
135168,
135603,
136907,
138538,
138973,
147016,
154407,
161146,
163103,
164407,
167886,
180386,
181038,
181255,
181690,
182668,
182994,
183646,
183864,
184733,
185277,
186473,
186907,
189625,
189951,
190603,
190820,
191255,
192125,
192994,
193429,
193864,
194625,
195059,
202233,
207886,
209081,

