Artist : hololive
Song Name : hololive song pack
Difficulty : 0
BPM : 165
Background Image : charts\hololive-hololive song pack\Remote Control - Tokino Sora & ConRoboco-san.png
Audio : charts\hololive-hololive song pack\Remote Control - Tokino Sora & ConRoboco-san.ogg

1 Column Hit Times:
17758,
18122,
21394,
21667,
21940,
24303,
28667,
29031,
31758,
32122,
33031,
34485,
35212,
37031,
40667,
44667,
46485,
52303,
53940,
54485,
55212,
58122,
58849,
61394,
63940,
72667,
72849,
73758,
77031,
78485,
78667,
81576,
82485,
82667,
85576,
86849,
89031,
91758,
94122,
94849,
97031,
97758,
98485,
99940,
100303,
101394,
101940,
102849,
105758,
106303,
107394,
107940,
108667,
109394,
109576,
111576,
112303,
112485,
113031,
114485,
116122,
116667,
117031,
120303,
121758,
122485,
122849,
130485,
135212,
135394,
135940,
136122,
137394,
137758,
139212,
139576,
145576,
152667,
159758,
159940,
160122,
161212,
161940,
162485,
163940,
164667,
166849,
169940,
173212,
174849,
175576,
175940,
177576,
178485,
179212,
179940,
183212,
194485,
194667,
195212,
204849,
205031,
205212,
205576,
205758,
205940,
224667,
224849,
226485,
227576,
228303,
229394,
230122,
230849,
231940,
232667,
233394,
234122,
235212,
235576,
235940,
236303,
238485,
242485,
248485,
248667,
248849,
250303,
251394,
251940,
254485,
255576,
255758,
257031,
257940,
260303,
261031,
262849,
263758,
264303,
266122,
267212,
267576,
268667,
269576,
271940,
272667,
273031,
273758,
280303,
285031,
291576,
297031,
297394,
298303,

1 Column Long Note Times:
3940,
4667,
9031,
13394,
17031,
19031,
19940,
25758,
26485,
30122,
30485,
30849,
35940,
36303,
36667,
37576,
38122,
39940,
41758,
42485,
43212,
44122,
45394,
48303,
49031,
49940,
50485,
56303,
59212,
59940,
63212,
65394,
66485,
67394,
69212,
69758,
70849,
74849,
76303,
77212,
79576,
80849,
85031,
87940,
89758,
90485,
93031,
95576,
96303,
96667,
99212,
101031,
102485,
103940,
104667,
114849,
117758,
118485,
119031,
119576,
121031,
123576,
124303,
124849,
125394,
126122,
129031,
129758,
131940,
134122,
138485,
141031,
141940,
143212,
144849,
146485,
147576,
148122,
148667,
149394,
151576,
152849,
155576,
156485,
157758,
160667,
163212,
165394,
167940,
169031,
171212,
171576,
172485,
174122,
177031,
181031,
182485,
183758,
192667,
198122,
198485,
201031,
201394,
207212,
208122,
208849,
209576,
211031,
211758,
212485,
214122,
214849,
215576,
215940,
217031,
218485,
219212,
222122,
223576,
224303,
237394,
239576,
240485,
241031,
245212,
245758,
246485,
249576,
253031,
253758,
258485,
259758,
262122,
262485,
264667,
265576,
270485,
271212,
275940,
277758,
278667,
279031,
279576,
281576,
281940,
283940,
285576,
286303,
286849,
287576,
289031,
290485,
293212,
293576,
294122,
295576,
296485,
297576,
298485,
299031,

1 Column Release Times:
4303,
5031,
9394,
13758,
17303,
19212,
20212,
26122,
26849,
30394,
30758,
31122,
36122,
36485,
36849,
37758,
38303,
40122,
41940,
42667,
43394,
44303,
45576,
48667,
49212,
50122,
50667,
56485,
59576,
60303,
63394,
65576,
66667,
67576,
69394,
69940,
71031,
75031,
76485,
78122,
79758,
81031,
85122,
88122,
89940,
90667,
93212,
95758,
96485,
96849,
99394,
101212,
102667,
104303,
104849,
115031,
117940,
118667,
119212,
119758,
121212,
123758,
124485,
125031,
125576,
126303,
129394,
130122,
132122,
134303,
138667,
141212,
142122,
143576,
145031,
146667,
147758,
148303,
148849,
149576,
151940,
153758,
155758,
156667,
158122,
160758,
163394,
165576,
168303,
169212,
171394,
171758,
172667,
174303,
177212,
181212,
182667,
184122,
192849,
198303,
198667,
201212,
201576,
207576,
208303,
209031,
209758,
211212,
211940,
212667,
214303,
215031,
215758,
216303,
217212,
218849,
220667,
222849,
223940,
224485,
238122,
239940,
240667,
241576,
245394,
245940,
246849,
249940,
253394,
253940,
258849,
259940,
262303,
262667,
265031,
265758,
270849,
271394,
276122,
277940,
278849,
279212,
279758,
281758,
282122,
284303,
285758,
286485,
287031,
287758,
289212,
290667,
293394,
293758,
294303,
295940,
296667,
297758,
298667,
300667,

2 Column Hit Times:
19212,
19576,
22849,
23122,
23394,
24576,
33031,
33758,
35212,
37212,
37758,
37940,
40849,
41940,
46667,
47758,
49394,
49576,
50485,
54667,
56303,
59576,
60303,
61031,
64122,
65576,
66849,
67031,
67940,
69576,
78122,
79031,
83212,
83394,
85394,
86303,
88485,
89576,
89940,
90303,
91212,
92122,
93394,
94485,
97576,
100667,
101576,
103031,
103576,
105031,
105940,
106667,
107031,
107576,
108667,
109758,
110122,
111212,
111940,
117576,
118303,
121940,
122303,
123394,
126485,
128667,
130849,
134485,
136667,
139758,
141576,
145031,
147031,
153758,
154667,
155212,
161031,
161576,
164485,
165031,
165576,
167031,
167758,
168303,
169031,
170122,
172849,
173394,
176667,
178303,
179031,
180667,
181394,
181940,
182667,
183031,
183394,
195031,
195576,
199576,
200122,
201940,
202122,
202303,
202667,
202849,
203031,
203394,
203576,
203758,
205394,
206303,
207576,
210485,
217758,
217940,
224758,
224940,
226849,
227940,
228667,
229031,
229758,
230485,
231576,
232303,
233031,
233758,
234849,
238122,
238667,
241031,
242122,
242849,
243576,
243940,
245940,
247576,
247758,
249940,
250122,
251212,
252122,
252667,
253394,
253758,
254303,
254667,
255212,
256303,
256485,
257031,
257576,
258849,
260122,
260667,
263394,
264667,
265031,
265940,
266485,
267394,
268485,
268849,
269758,
270122,
270485,
272122,
272849,
273212,
279212,
280667,
281758,
296303,
299212,
299940,
300303,

2 Column Long Note Times:
6849,
11212,
11940,
14849,
16122,
17303,
20212,
27212,
27576,
27940,
31394,
32303,
36667,
38849,
40122,
43031,
44303,
45031,
45940,
48849,
51212,
52667,
57031,
57758,
63394,
65031,
66122,
71212,
72122,
73394,
74122,
75576,
76485,
80667,
81394,
87576,
88122,
90849,
92667,
93758,
95394,
95940,
96303,
96849,
98849,
102122,
105394,
114485,
115758,
118667,
120303,
124485,
125758,
127576,
133394,
138122,
140667,
142303,
142849,
143576,
144303,
149031,
150122,
151212,
152122,
156303,
157031,
159394,
162485,
163758,
165758,
166667,
169394,
170849,
171940,
172303,
174485,
175394,
177758,
179940,
190485,
191212,
191940,
192849,
193394,
194122,
198303,
201212,
206485,
207940,
208667,
209394,
210849,
211576,
212303,
213576,
214303,
215031,
216485,
217212,
218849,
220667,
222849,
223940,
224485,
226122,
235212,
235940,
236667,
237031,
240303,
245031,
259212,
261394,
261758,
262667,
265394,
271394,
273940,
276485,
276849,
277394,
278122,
282485,
283212,
283576,
284485,
285394,
287212,
288122,
288485,
289394,
290303,
290667,
291940,
292667,
295212,
295576,
296667,
297394,
298122,
298667,
300667,

2 Column Release Times:
7212,
11576,
12303,
15212,
16303,
17576,
20485,
27485,
27849,
28212,
31576,
32667,
36849,
39031,
40303,
43212,
44667,
45212,
46122,
49031,
51394,
52849,
57212,
57940,
63576,
65212,
66303,
71394,
72303,
73758,
74303,
75940,
76667,
80849,
81576,
87758,
88303,
91031,
92849,
93940,
95576,
96122,
96485,
97031,
99031,
102303,
105576,
114667,
115940,
118849,
120485,
124667,
126122,
127758,
133576,
138303,
140849,
142485,
143031,
143758,
144485,
149394,
150303,
151576,
152303,
156485,
157212,
159758,
162667,
163940,
165940,
166849,
169576,
171031,
172122,
172485,
174667,
175576,
177940,
180122,
190667,
191394,
192122,
193031,
193576,
194303,
198485,
201394,
206667,
208122,
208849,
209576,
211031,
211758,
212485,
213758,
214485,
215212,
216667,
217394,
219212,
222122,
223576,
224303,
224667,
226485,
235394,
236122,
236849,
237212,
240485,
245212,
259576,
261576,
261940,
262849,
265576,
271576,
274303,
276667,
277031,
277576,
278485,
282667,
283394,
283758,
284667,
285576,
287576,
288303,
288667,
289576,
290485,
290849,
292122,
293031,
295394,
295940,
296849,
297576,
298303,
299031,
303576,

3 Column Hit Times:
20667,
21031,
24849,
28849,
29212,
33758,
34122,
34849,
35576,
40485,
42667,
43576,
43758,
46303,
48122,
51576,
53031,
53758,
55576,
60667,
63758,
65212,
65940,
69940,
71031,
76667,
77758,
79576,
81212,
85394,
86122,
87576,
88667,
89394,
91031,
91394,
91940,
92667,
97212,
99212,
100122,
102303,
102849,
103758,
106122,
107212,
109031,
109758,
110485,
111212,
112667,
113394,
115940,
116303,
117940,
119212,
119394,
123758,
125031,
125212,
126122,
127212,
127940,
131212,
131940,
132303,
133031,
133758,
136303,
139394,
140849,
145394,
146667,
149394,
152303,
153394,
154122,
154303,
157212,
158849,
159031,
161031,
161758,
164122,
165212,
165940,
166303,
167576,
169758,
170485,
172667,
175758,
176303,
177212,
178485,
179394,
181576,
181758,
182303,
182849,
183212,
183576,
194940,
195485,
196667,
197394,
199031,
199212,
199394,
199758,
199940,
202485,
203212,
206667,
213394,
216303,
218122,
218303,
224758,
224940,
226485,
227212,
228667,
229394,
230849,
231212,
232303,
232667,
233758,
234122,
234485,
234849,
238849,
242485,
243031,
243394,
251758,
253031,
254122,
255394,
256667,
256849,
258122,
258485,
259212,
260485,
261212,
262849,
263940,
266303,
267031,
267758,
268122,
268667,
269212,
270849,
271212,
271758,
272485,
273031,
273576,
279940,
281031,
286485,
286667,
293394,
297940,
299212,
299576,
299758,

3 Column Long Note Times:
7576,
9758,
10485,
14122,
15849,
17576,
18758,
22122,
22485,
25394,
28303,
31212,
32667,
36303,
38485,
39212,
42122,
45758,
47576,
50122,
58485,
62122,
62485,
62849,
66303,
67576,
69031,
70485,
71576,
72303,
73212,
75940,
79940,
80303,
82122,
83758,
86849,
90122,
93940,
95212,
96667,
98122,
99576,
101212,
101758,
104303,
105031,
105576,
106485,
108122,
115212,
117394,
119940,
121394,
137758,
138849,
141394,
142122,
143031,
143940,
147212,
147940,
148849,
150485,
151940,
155212,
155940,
156667,
162849,
166485,
168667,
171031,
171576,
172303,
173758,
175212,
177394,
180303,
184122,
193940,
200303,
200667,
206122,
207758,
208485,
209212,
210667,
211394,
212122,
213758,
214485,
215212,
216667,
217394,
218849,
220667,
222849,
223940,
224485,
225758,
235394,
236122,
239394,
244303,
244667,
245394,
248122,
249576,
259576,
261758,
262122,
265031,
274303,
275758,
276122,
277758,
278122,
281758,
283940,
284667,
285212,
287758,
289031,
289758,
291031,
291394,
292303,
294849,
295212,
296849,
297212,
300667,

3 Column Release Times:
7940,
10122,
10849,
14485,
16122,
17758,
19031,
22394,
22758,
25667,
28485,
31394,
33031,
36485,
38849,
39394,
42303,
45940,
47758,
50485,
58667,
62303,
62667,
63031,
66485,
67940,
69212,
70667,
71940,
72485,
73394,
76303,
80122,
80485,
82485,
84122,
87031,
90303,
94122,
95394,
96849,
98485,
99758,
101394,
101940,
104485,
105212,
105758,
106667,
108485,
115394,
117576,
120303,
121576,
137940,
139031,
141576,
142303,
143212,
144122,
147576,
148122,
149031,
150667,
152122,
155394,
156122,
156849,
163031,
166667,
168849,
171212,
171758,
172485,
174122,
175394,
177576,
180485,
185758,
194122,
200485,
200849,
206303,
207940,
208667,
209394,
210849,
211576,
212303,
213940,
214667,
215394,
216849,
217576,
219212,
222122,
223576,
224303,
224667,
226122,
235576,
236303,
239576,
244485,
244849,
245576,
248485,
249940,
259758,
261940,
262303,
265394,
275394,
275940,
276303,
277940,
278485,
281940,
284303,
284849,
285394,
287940,
289212,
290122,
291212,
291576,
292485,
295031,
295394,
297031,
297394,
303576,

4 Column Hit Times:
16303,
16667,
29394,
29758,
31576,
31940,
33394,
34485,
38849,
40303,
41031,
41394,
42303,
46122,
46849,
47212,
50849,
54849,
55940,
56667,
57394,
59758,
60485,
61576,
63576,
64303,
64667,
71394,
78122,
79212,
84122,
84303,
84485,
85940,
88303,
88849,
90667,
91212,
94303,
94667,
97031,
97940,
100485,
102667,
103394,
104303,
107212,
107758,
110849,
111031,
112667,
113031,
116485,
122122,
129394,
129576,
130122,
130303,
131576,
137031,
139940,
140303,
141212,
142485,
142667,
143576,
145212,
145758,
146122,
148303,
148485,
153758,
154849,
156849,
158122,
158303,
163212,
164303,
166849,
167394,
170303,
172667,
173576,
174122,
176122,
176849,
177940,
178667,
182849,
194849,
195394,
196122,
196303,
196485,
196849,
197031,
197212,
197576,
197758,
197940,
224667,
224849,
227212,
227940,
230122,
231576,
233031,
233394,
234485,
235576,
236303,
238122,
241394,
245576,
246849,
247031,
250303,
251212,
252303,
254849,
255940,
256122,
257212,
257758,
259576,
259940,
263031,
263576,
265394,
265758,
266849,
267940,
268303,
269394,
271576,
272303,
273394,
275940,
281394,
285758,
287576,
290849,
296303,
296667,

4 Column Long Note Times:
5394,
6122,
8303,
12667,
15576,
18485,
20485,
23576,
23940,
25031,
26122,
26849,
28485,
35940,
37394,
38303,
39576,
42849,
43394,
43940,
44667,
47940,
48667,
49212,
49758,
51940,
53394,
54122,
61758,
65758,
66667,
67212,
67940,
68303,
68667,
69394,
70122,
70667,
71940,
72485,
73031,
73758,
74485,
75212,
76667,
81031,
81758,
85031,
86485,
87212,
92303,
93394,
95576,
95940,
98485,
99758,
101394,
106849,
108485,
113940,
114122,
114303,
115576,
118122,
118849,
119758,
120667,
121576,
123212,
123940,
124667,
125576,
126849,
128303,
132667,
134849,
135576,
139031,
141758,
144667,
146849,
147758,
149758,
150849,
152303,
157394,
160667,
162122,
163576,
166122,
168303,
169576,
171212,
171940,
174849,
178122,
179576,
180667,
181212,
182122,
183576,
190122,
190849,
191576,
192303,
193031,
193758,
194303,
203940,
204303,
206849,
208303,
209031,
209758,
210122,
211212,
211940,
212667,
213031,
213940,
214667,
215394,
216849,
217576,
218485,
219212,
222122,
223576,
224303,
236849,
237212,
239212,
239940,
240667,
241576,
243940,
246122,
252667,
253394,
253940,
258849,
261394,
262485,
264303,
270122,
270849,
276667,
277394,
278849,
279394,
279758,
282303,
282667,
283212,
283576,
284849,
286122,
287031,
288303,
289394,
289758,
291212,
293394,
293940,
294303,
294849,
297031,
297758,
298485,
299031,

4 Column Release Times:
5758,
6485,
8667,
13031,
15849,
18758,
20667,
23849,
24212,
25303,
26485,
27212,
28667,
36122,
37576,
38485,
39758,
43031,
43576,
44122,
44849,
48122,
48849,
49394,
49940,
52122,
53758,
54485,
62122,
65940,
66849,
67394,
68122,
68485,
68849,
69576,
70485,
70849,
72122,
72667,
73212,
73940,
74667,
75576,
77212,
81212,
82122,
85122,
86849,
87394,
92667,
93576,
95758,
96122,
98667,
99940,
101576,
107031,
109576,
114031,
114212,
114394,
115758,
118303,
119031,
119940,
120849,
121758,
123394,
124303,
124849,
125758,
127031,
128485,
132849,
135212,
135940,
139212,
141940,
144849,
147031,
147940,
149940,
151212,
152849,
157758,
160758,
162485,
163758,
166303,
168485,
169758,
171394,
172122,
175031,
178303,
179940,
180849,
181394,
182303,
183758,
190303,
191031,
191758,
192485,
193212,
193940,
194485,
204122,
204485,
207212,
208485,
209212,
209940,
210485,
211394,
212122,
212849,
213394,
214122,
214849,
215576,
217031,
217758,
218849,
220667,
222849,
223940,
224485,
237031,
237394,
239394,
240303,
241031,
242485,
244122,
246485,
253031,
253758,
254122,
259212,
261576,
262667,
264667,
270485,
271212,
276849,
277576,
279031,
279576,
279940,
282485,
282849,
283394,
283758,
285031,
286303,
287212,
288485,
289576,
290122,
291394,
293576,
294122,
294485,
295031,
297212,
297940,
298667,
300667,

