Artist : hololive
Song Name : hololive song pack
Difficulty : 0
BPM : 190
Background Image : charts\hololive-hololive song pack\Saga Jihen - Hoshimachi Suisei with Hololive Fantasy.png
Audio : charts\hololive-hololive song pack\Saga Jihen - Hoshimachi Suisei with Hololive Fantasy.ogg

1 Column Hit Times:
26178,
26446,
26625,
26982,
27250,
27785,
28500,
28857,
29303,
29660,
29928,
30642,
31000,
31267,
31446,
34928,
35196,
36357,
36625,
36803,
37428,
37696,
37875,
39214,
39571,
40642,
40910,
41089,
41714,
41982,
42160,
43232,
43589,
43857,
44303,
45107,
45464,
45732,
46446,
47517,
48053,
49482,
49928,
50553,
51357,
52071,
53142,
53410,
53767,
54035,
54303,
54571,
55017,
55285,
55553,
56357,
56625,
57428,
58500,
58857,
59035,
59392,
59571,
59928,
60642,
60910,
62071,
62339,
62517,
63142,
63410,
63589,
64928,
65285,
66357,
66625,
66803,
67428,
67696,
67875,
69303,
70017,
70910,
71178,
71446,
71714,
72160,
73053,
73232,
73589,
73767,
75196,
75464,
76133,
77339,
78142,
79482,
79750,
80017,
80285,
80464,
81000,
81267,
81625,
82339,
82607,
85553,
85821,
86044,
86178,
86357,
86535,
86714,
86982,
87517,
87785,
87964,
88232,
88500,
88767,
89125,
89303,
89660,
89839,
90196,
90642,
90910,
91178,
91535,
91803,
93053,
93410,
93589,
93946,
94125,
94482,
94928,
95196,
95375,
95553,
95732,
96357,
96535,
96803,
97071,
97339,
97651,
97964,
98767,
99750,
100017,
100375,
100553,
101267,
101446,
101714,
102428,
102696,
103857,
104125,
104303,
104928,
105196,
105375,
106714,
107071,
108142,
108410,
108589,
109214,
109482,
109660,
110732,
111089,
111357,
111803,
112607,
112964,
113232,
113946,
115017,
115553,
117785,
118857,
120732,
120910,
121267,
121535,
121803,
122071,
122517,
123053,
125017,
128500,
128767,
129035,
129303,
129571,
129750,
130017,
130285,
130553,
130910,
131089,
131446,
131625,
131982,
132428,
132696,
132964,
133321,
133589,
134839,
135196,
135375,
135732,
135910,
136267,
136714,
136982,
137160,
137339,
137517,
138142,
138321,
138589,
138857,
139125,
139437,
139750,
140553,
141535,
141803,
142160,
142428,
144214,
144482,
145642,
145910,
146089,
146714,
146982,
147160,
148500,
148857,
150196,
151267,
152071,
152607,
152875,
153053,
153544,
153946,
154482,
154928,
155285,
155687,
156089,
156357,
156625,
157071,
157428,
158500,
159035,
159303,
159482,
160107,
160375,
160553,
162517,
162696,
166803,
166982,
168321,
168857,
171000,
173142,
173500,
179035,
179303,
180107,
180464,
181000,
181446,
181714,
185285,
185732,
186089,
190642,
191982,
192250,
193321,
194214,
194839,
196535,
197071,
197339,
197875,
198142,
198321,
198589,
198857,
199125,
201000,
201267,
201535,
201892,
202160,
203410,
204571,
204750,
205285,
205553,
205732,
205910,
206089,
206714,
206892,
207160,
207428,
207696,
208008,
208321,
209125,
210107,
210375,
210732,
210910,
212250,
212517,
212785,
213321,
213589,
213946,
216357,
219214,
219482,
220642,
220910,
221089,
221714,
221982,
222160,
223500,
223857,
224928,
225196,
225375,
226000,
226267,
226446,
226625,
226803,
226982,
227785,
228053,
229214,
229482,
229660,
230285,
230553,
230732,
231089,
231357,
231625,
231803,
232160,
232428,

1 Column Long Note Times:
1223,
4482,
6892,
10642,
14392,
15375,
20285,
23500,
25285,
25553,
25910,
28053,
30196,
31625,
32071,
32517,
32919,
33321,
33991,
34482,
35732,
38232,
38767,
40017,
42517,
44660,
46000,
46803,
47071,
48321,
48946,
50821,
51625,
52428,
55910,
56892,
57785,
60196,
61446,
63946,
64482,
65732,
68500,
69571,
70375,
70642,
72517,
72785,
74035,
74660,
75732,
76535,
77607,
78678,
81892,
82964,
83500,
91982,
92250,
96000,
98232,
98410,
98946,
100910,
101982,
103232,
105732,
106267,
107517,
110017,
112160,
113500,
114303,
114571,
115821,
116446,
117250,
119928,
124214,
125285,
127428,
127696,
127964,
128142,
128321,
133767,
134035,
137785,
140017,
140196,
140732,
142696,
143232,
143767,
145017,
147517,
148053,
149303,
162785,
163053,
163321,
163857,
164035,
164303,
165196,
165732,
166178,
166446,
167339,
167875,
168410,
170017,
170285,
171357,
171625,
172160,
172607,
177785,
182071,
182875,
184482,
184750,
185017,
187428,
189035,
191178,
191714,
192517,
193142,
193767,
194392,
195107,
195285,
195464,
195642,
195821,
199482,
199750,
200017,
200285,
200687,
202339,
202607,
203767,
204035,
204303,
206357,
208589,
208767,
209303,
211267,
211803,
214214,
215285,
215821,
218767,
220017,
222517,
223053,
224303,
227339,
228589,
232875,
233767,
234482,
235375,

1 Column Release Times:
1312,
5107,
7517,
11089,
14526,
15464,
22160,
23589,
25375,
25642,
26000,
28142,
30285,
31714,
32428,
32830,
33232,
33633,
34125,
34750,
36089,
38500,
39035,
40375,
42785,
44839,
46178,
46982,
47250,
48589,
49214,
51089,
51892,
52875,
56178,
57160,
58053,
60464,
61803,
64214,
64750,
66089,
68767,
69750,
70553,
70821,
72696,
72964,
74303,
74928,
76000,
77071,
77875,
79080,
82160,
83232,
83767,
92071,
92517,
96089,
98321,
98500,
99303,
101178,
102250,
103589,
106000,
106535,
107875,
110285,
112339,
113678,
114482,
114750,
116089,
116714,
117517,
120464,
124750,
125553,
127517,
127785,
128053,
128232,
128410,
133857,
134303,
137875,
140107,
140285,
141089,
142964,
143500,
144035,
145375,
147785,
148321,
149660,
162964,
163232,
163500,
163946,
164214,
164482,
165375,
165910,
166267,
166625,
167428,
167964,
168500,
170196,
170464,
171535,
171803,
172250,
172785,
178857,
182339,
183053,
184571,
184839,
185107,
187964,
189571,
191357,
191892,
192785,
193232,
193857,
194750,
195196,
195375,
195553,
195732,
195910,
199571,
199839,
200107,
200375,
200821,
202428,
202875,
203857,
204125,
204392,
206446,
208678,
208857,
209660,
211535,
212071,
214660,
215732,
216267,
219035,
220375,
222785,
223321,
224660,
227607,
228946,
233232,
233857,
234571,
235910,

2 Column Hit Times:
26178,
26446,
26625,
26982,
27250,
27517,
27785,
28500,
28857,
29125,
29303,
29660,
30464,
30732,
30910,
31267,
31535,
34214,
34482,
34750,
34928,
35285,
35732,
36089,
36267,
36625,
36892,
37160,
37339,
37696,
37964,
38500,
38767,
39035,
39214,
39571,
40017,
40375,
40553,
40910,
41178,
41446,
41625,
41982,
42250,
42785,
43053,
43321,
43857,
44035,
45196,
45642,
46000,
47339,
47607,
47875,
48142,
48321,
48589,
49482,
50017,
50821,
51089,
51625,
51892,
52071,
52428,
52875,
53232,
53500,
54571,
55642,
55910,
56714,
56892,
57428,
57785,
58053,
58857,
59303,
59660,
59839,
60196,
60464,
60642,
61000,
61446,
61803,
61982,
62339,
62607,
62875,
63053,
63410,
63678,
64214,
64482,
64750,
64928,
65285,
65732,
66089,
66267,
66625,
66892,
67160,
67339,
67696,
67964,
68232,
68500,
68767,
69035,
69482,
70821,
71178,
71625,
71892,
73053,
73321,
73589,
73767,
74035,
74303,
75642,
76669,
77696,
78589,
78946,
79214,
80017,
80285,
80464,
80732,
81000,
81357,
81625,
82428,
82607,
83410,
85553,
85821,
86044,
86267,
86446,
86714,
86982,
87696,
88053,
88232,
88500,
88767,
89125,
89303,
89660,
90196,
90375,
90687,
90910,
91267,
91446,
91803,
93053,
93410,
93589,
93946,
94482,
94660,
94928,
95196,
95419,
95553,
95732,
96625,
96803,
97071,
97339,
97607,
97696,
97964,
98500,
98678,
98946,
99482,
99750,
100017,
100375,
100553,
100910,
101089,
101267,
101446,
101625,
101982,
102250,
102428,
102785,
103232,
103589,
103767,
104125,
104392,
104660,
104839,
105196,
105464,
106000,
106267,
106535,
106714,
107071,
107517,
107875,
108053,
108410,
108678,
108946,
109125,
109482,
109750,
110285,
110553,
110821,
111357,
111535,
112696,
113142,
113500,
114839,
115107,
115375,
115642,
115821,
116089,
116982,
117517,
118410,
118589,
118767,
119928,
120464,
120732,
120910,
121535,
121803,
122875,
123142,
124214,
124571,
124750,
125196,
128500,
128767,
129482,
129839,
130017,
130285,
130553,
130910,
131089,
131446,
131982,
132160,
132473,
132696,
133053,
133232,
133589,
134839,
135196,
135375,
135732,
136267,
136446,
136714,
136982,
137205,
137339,
137517,
138410,
138589,
138857,
139125,
139392,
139482,
139750,
140285,
140464,
140732,
141267,
141535,
141803,
142160,
142428,
142607,
142964,
143142,
143410,
143767,
144035,
144214,
144571,
145017,
145375,
145553,
145910,
146178,
146446,
146625,
146982,
147250,
147785,
148053,
148321,
148500,
148857,
149303,
152071,
152607,
152875,
153053,
154214,
154482,
154928,
155285,
156357,
156892,
157160,
157339,
158767,
159214,
160017,
160196,
160375,
162517,
163589,
163767,
164839,
166803,
167517,
168053,
168321,
171000,
172339,
173410,
179035,
179303,
185464,
185732,
186089,
192049,
192316,
192785,
193678,
194303,
194750,
196535,
197071,
197339,
198053,
198410,
198589,
198857,
199125,
201044,
201267,
201625,
201803,
202160,
203410,
204571,
204750,
205017,
205285,
205553,
205776,
205910,
206089,
206982,
207160,
207428,
207696,
207964,
208053,
208321,
208857,
209035,
209303,
209839,
210107,
210375,
210732,
210910,
211267,
211446,
211803,
212071,
212339,
212875,
213142,
213410,
213946,
216357,
218500,
218767,
219035,
219214,
219571,
220017,
220375,
220553,
220910,
221178,
221446,
221625,
221982,
222250,
222785,
223053,
223321,
223500,
223857,
224303,
224660,
224839,
225196,
225464,
225732,
225910,
226267,
226446,
226625,
226803,
226982,
227339,
227607,
227785,
228142,
228589,
228946,
229125,
229482,
229750,
230017,
230196,
230553,
230821,
231357,
231625,
231803,
232071,
232428,
232875,

2 Column Long Note Times:
1312,
5107,
11089,
12250,
14526,
16714,
17339,
19482,
22160,
25285,
25553,
25910,
28053,
30196,
31714,
31982,
32517,
32919,
33321,
33723,
33991,
44303,
44928,
46178,
46803,
47071,
48946,
50285,
54035,
55107,
56178,
56446,
58321,
69750,
70375,
72160,
72785,
74660,
75196,
76000,
77071,
78142,
79482,
81892,
82964,
87250,
92071,
92517,
96089,
96267,
98142,
111803,
112428,
113678,
114303,
114571,
116446,
117785,
122071,
127964,
128142,
128321,
129035,
133857,
134303,
137875,
138053,
139928,
149928,
150375,
151000,
151446,
159571,
159750,
160642,
160910,
161178,
161714,
161892,
162160,
162785,
163053,
163321,
163857,
164035,
164303,
165375,
165910,
167071,
167339,
167607,
167875,
168142,
168410,
168589,
169214,
169482,
170196,
171357,
171625,
171892,
172160,
172428,
172607,
172875,
178321,
179928,
180464,
181000,
181535,
182339,
183321,
184482,
184928,
185285,
187964,
190107,
190910,
191446,
193232,
193857,
194928,
195107,
195285,
195642,
195821,
197607,
199214,
199482,
199750,
200285,
200687,
202428,
202875,
203500,
204035,
204303,
206446,
206625,
208500,
214214,
214750,
215821,
233500,
233946,
234571,
234839,
235375,

2 Column Release Times:
1401,
6625,
11357,
12785,
14660,
17250,
17875,
19928,
22250,
25375,
25642,
26000,
28142,
30285,
31803,
32071,
32830,
33232,
33633,
33901,
34125,
44660,
45107,
46446,
46982,
47250,
49214,
50553,
54303,
55375,
56357,
56625,
58589,
70017,
70553,
72517,
72964,
74928,
75464,
76535,
77339,
78410,
79750,
82160,
83232,
87517,
92250,
92785,
96178,
96357,
98232,
112160,
112607,
113946,
114482,
114750,
116714,
118321,
122250,
128053,
128232,
128410,
129303,
134035,
134571,
137964,
138142,
140017,
150017,
150464,
151089,
151535,
159660,
159839,
160821,
161089,
161357,
161803,
162071,
162339,
162964,
163232,
163500,
163946,
164214,
164482,
165464,
166000,
167250,
167428,
167785,
167964,
168232,
168500,
168767,
169392,
169660,
170285,
171535,
171803,
172071,
172250,
172517,
172785,
173053,
178857,
180017,
180553,
181089,
181625,
182607,
183589,
184571,
185017,
185375,
188500,
190642,
191089,
191625,
193321,
194214,
195017,
195196,
195375,
195732,
195910,
197875,
199303,
199571,
199839,
200375,
200821,
202607,
203142,
203589,
204125,
204392,
206535,
206714,
208589,
214660,
215196,
216267,
233589,
234035,
234660,
234928,
235910,

3 Column Hit Times:
25642,
26357,
26714,
26982,
27160,
27517,
27785,
28321,
28589,
28767,
29125,
29392,
29660,
29928,
30464,
30732,
30910,
31267,
34214,
34482,
34750,
35017,
35285,
35732,
36089,
36357,
36625,
36803,
37160,
37428,
37696,
37875,
38500,
38767,
39035,
39303,
39482,
40017,
40375,
40642,
40910,
41089,
41446,
41714,
41982,
42160,
42517,
42785,
43053,
43767,
45196,
45464,
45732,
46000,
47339,
47785,
48142,
49214,
50285,
50553,
50821,
51089,
51357,
51625,
51892,
52160,
52428,
52875,
53232,
54035,
54303,
55107,
55375,
55642,
55910,
57517,
57696,
58589,
58767,
59125,
59660,
59928,
60196,
60464,
60732,
61000,
61446,
61803,
62071,
62339,
62517,
62875,
63142,
63410,
63589,
64214,
64482,
64750,
65017,
65196,
65732,
66089,
66357,
66625,
66803,
67160,
67428,
67696,
67875,
68500,
68767,
68946,
69303,
69571,
69750,
71089,
71357,
71714,
72964,
73232,
73500,
73857,
74928,
75196,
76000,
76401,
76803,
77696,
78589,
78946,
79750,
79928,
80196,
81089,
81982,
82875,
83232,
85642,
86267,
86446,
86625,
87517,
87696,
88053,
88187,
88589,
88767,
89035,
89571,
89839,
90107,
90375,
90732,
91000,
91267,
91446,
91714,
92875,
93053,
93321,
93857,
94125,
94392,
94660,
94928,
95196,
95464,
95553,
95821,
96625,
97160,
97339,
97562,
97696,
97875,
98500,
98678,
98946,
99303,
99482,
99839,
100017,
100285,
100642,
100821,
101178,
101357,
101535,
101714,
101982,
102250,
102517,
102785,
103232,
103589,
103857,
104125,
104303,
104660,
104928,
105196,
105375,
106000,
106267,
106535,
106803,
106982,
107517,
107875,
108142,
108410,
108589,
108946,
109214,
109482,
109660,
110017,
110285,
110464,
111267,
112696,
112964,
113232,
113500,
114839,
115285,
115642,
116714,
117785,
118857,
120464,
121000,
121714,
121982,
122785,
123142,
124303,
124660,
128410,
129303,
129482,
129839,
129973,
130375,
130553,
130821,
131357,
131625,
131892,
132160,
132517,
132785,
133053,
133232,
133500,
134660,
134839,
135107,
135642,
135910,
136178,
136446,
136714,
136982,
137250,
137339,
137607,
138410,
138946,
139125,
139348,
139482,
139660,
140285,
140464,
140732,
141089,
141267,
141625,
141803,
142071,
142339,
142696,
142875,
143232,
143500,
143767,
144035,
144303,
144571,
145017,
145375,
145642,
145910,
146089,
146446,
146714,
146982,
147160,
147785,
148053,
148321,
148589,
148767,
149303,
152071,
152339,
152785,
153142,
153544,
153946,
154214,
154750,
155017,
155196,
155687,
156089,
156625,
157071,
157428,
157830,
158232,
158500,
159035,
159303,
159482,
160107,
160285,
160553,
162428,
163589,
163767,
164660,
166714,
167517,
168053,
168321,
168946,
171089,
171267,
172339,
178589,
178767,
179035,
179303,
185821,
186000,
192116,
192383,
193142,
193767,
194392,
194660,
197875,
198053,
198410,
198544,
198946,
201089,
201357,
201625,
201803,
202071,
203232,
204482,
204839,
205017,
205285,
205553,
205821,
205910,
206178,
206982,
207517,
207696,
207919,
208053,
208232,
208857,
209035,
209303,
209660,
209839,
210196,
210375,
210642,
211000,
211178,
211535,
211714,
212250,
212517,
212785,
213321,
213589,
213857,
216357,
218500,
218767,
219035,
219303,
219571,
220017,
220375,
220642,
220910,
221089,
221446,
221714,
221982,
222160,
222785,
223053,
223321,
223589,
223767,
224303,
224660,
224928,
225196,
225375,
225732,
226000,
226267,
226535,
226714,
226892,
227071,
227339,
227607,
227875,
228142,
228589,
228946,
229214,
229482,
229660,
230017,
230285,
230553,
230732,
231089,
231357,
231535,
231892,
232160,
232339,
232875,

3 Column Long Note Times:
4080,
6758,
11357,
14660,
15642,
17250,
19125,
19928,
22785,
23500,
25375,
25910,
31535,
31892,
32071,
33321,
33723,
33991,
44035,
44660,
44928,
46446,
47071,
48589,
49750,
53500,
54571,
56357,
56625,
57160,
58053,
70017,
70642,
71892,
74303,
75464,
77071,
78142,
79214,
81357,
82428,
83500,
86982,
91982,
92250,
96089,
96267,
98142,
111535,
112160,
112428,
113946,
114571,
116089,
116982,
122250,
125285,
128053,
128232,
128767,
133767,
134035,
137875,
138053,
139928,
149839,
150464,
150910,
161625,
162785,
163053,
163321,
163857,
164035,
164303,
164928,
165464,
167071,
167339,
167607,
167875,
168142,
168410,
168589,
169392,
169750,
170464,
171357,
171625,
171892,
172160,
172428,
172607,
172875,
179839,
180375,
180910,
181446,
181714,
181982,
182607,
183053,
183589,
184392,
184750,
185017,
185285,
185464,
186892,
189571,
190910,
191178,
191714,
192517,
193321,
194214,
194928,
195107,
195464,
195642,
195821,
197339,
199214,
199482,
200017,
200285,
200553,
202339,
202607,
203500,
203767,
204303,
206446,
206625,
208500,
214214,
214750,
215285,
233410,
234035,
234303,
235107,
235375,

3 Column Release Times:
4482,
6892,
11803,
15196,
15732,
17339,
19482,
20285,
22875,
24705,
25464,
26000,
31625,
31982,
32428,
33633,
33901,
34125,
44303,
44839,
45107,
46803,
47250,
48946,
50017,
53767,
54839,
56446,
56714,
57428,
58321,
70375,
70821,
72160,
74660,
75642,
77339,
78410,
79482,
81625,
82696,
83767,
87250,
92071,
92517,
96178,
96357,
98232,
111803,
112339,
112607,
114303,
114750,
116446,
117250,
122517,
125553,
128142,
128321,
129035,
133857,
134303,
137964,
138142,
140017,
149928,
150553,
151000,
161714,
162964,
163232,
163500,
163946,
164214,
164482,
165107,
165642,
167250,
167428,
167785,
167964,
168232,
168500,
168767,
169482,
169928,
170642,
171535,
171803,
172071,
172250,
172517,
172785,
173053,
179928,
180464,
181000,
181535,
181803,
182071,
182875,
183142,
183946,
184482,
184839,
185107,
185375,
185553,
187428,
190107,
191089,
191357,
191892,
192785,
193678,
194303,
195017,
195196,
195553,
195732,
195910,
197607,
199303,
199571,
200107,
200375,
200687,
202428,
202875,
203589,
203857,
204392,
206535,
206714,
208589,
214660,
215196,
215732,
233500,
234125,
234392,
235196,
235910,

4 Column Hit Times:
25642,
26357,
26714,
27160,
27517,
28321,
28589,
28767,
29125,
29392,
29928,
30642,
34750,
35017,
36089,
36267,
36892,
37160,
37339,
37964,
38232,
39035,
39303,
40375,
40553,
41178,
41446,
41625,
42250,
43321,
43589,
44303,
45375,
45910,
46178,
46446,
47250,
47607,
47875,
48589,
49750,
50017,
50285,
50732,
51000,
51892,
52160,
52339,
53410,
53767,
54214,
55017,
55375,
56178,
56446,
57160,
57517,
57696,
58321,
59125,
59392,
59571,
60464,
60732,
61803,
61982,
62607,
62875,
63053,
63678,
63946,
64750,
65017,
66089,
66267,
66892,
67160,
67339,
67964,
69035,
69571,
70017,
70910,
71446,
72160,
73321,
73500,
74303,
74571,
75464,
75732,
76000,
76133,
76401,
76669,
76803,
77071,
78053,
78410,
79928,
80196,
80732,
81089,
81982,
82875,
83142,
85642,
86178,
86357,
86535,
87250,
87517,
87785,
87964,
88142,
88589,
89035,
89303,
89571,
89839,
90107,
90375,
90732,
91000,
91178,
91535,
91714,
92875,
93321,
93589,
93857,
94125,
94392,
94660,
95196,
95508,
95821,
96357,
96535,
96803,
97160,
97517,
97696,
97875,
98767,
99303,
99482,
99839,
100285,
101178,
101357,
101535,
102250,
102517,
103589,
103767,
104392,
104660,
104839,
105464,
105732,
106535,
106803,
107875,
108053,
108678,
108946,
109125,
109750,
110821,
111089,
111803,
112875,
113410,
113678,
113946,
114750,
115107,
115375,
116089,
117250,
118321,
118500,
118678,
119928,
121000,
121267,
121714,
121982,
122250,
124303,
124750,
125017,
128410,
129035,
129303,
129571,
129750,
129928,
130375,
130821,
131089,
131357,
131625,
131892,
132160,
132517,
132785,
132964,
133321,
133500,
134660,
135107,
135375,
135642,
135910,
136178,
136446,
136982,
137294,
137607,
138142,
138321,
138589,
138946,
139303,
139482,
139660,
140553,
141089,
141267,
141625,
142071,
144035,
144303,
145375,
145553,
146178,
146446,
146625,
147250,
147517,
148321,
148589,
149660,
150732,
152339,
152785,
153142,
154214,
154750,
155017,
155196,
156357,
156892,
157160,
157339,
157830,
158232,
158500,
158767,
159214,
160017,
160375,
160553,
162428,
162696,
163589,
163767,
164571,
166714,
166982,
167517,
168053,
169125,
171089,
171267,
172339,
173232,
173500,
178678,
178857,
185821,
186000,
190642,
192183,
192450,
193232,
193857,
194660,
197607,
197875,
198142,
198321,
198500,
198946,
201089,
201357,
201535,
201892,
202071,
203232,
204482,
204839,
205017,
205553,
205866,
206178,
206714,
206892,
207160,
207517,
207875,
208053,
208232,
209125,
209660,
209839,
210196,
210642,
212071,
212339,
212875,
213142,
213410,
214125,
216357,
219035,
219303,
220375,
220553,
221178,
221446,
221625,
222250,
222517,
223321,
223589,
224660,
224839,
225464,
225732,
225910,
226535,
226714,
226892,
227607,
227875,
228946,
229125,
229750,
230017,
230196,
230821,
231089,
231535,
231892,
232071,

4 Column Long Note Times:
1133,
6625,
7517,
11803,
12964,
15196,
18678,
22160,
25375,
28053,
30196,
31000,
31803,
32071,
32517,
32919,
33723,
34214,
35285,
38500,
39571,
42785,
43857,
44660,
44928,
46803,
48142,
49214,
51357,
52875,
55642,
56714,
58589,
59928,
61000,
64214,
65285,
68232,
70375,
70642,
71714,
72517,
72785,
73857,
74928,
77607,
78678,
81357,
82428,
83500,
86714,
92071,
92517,
96000,
98232,
98410,
100642,
101714,
102785,
106000,
107071,
110285,
111357,
112160,
112428,
114303,
115642,
116714,
117517,
118857,
120464,
122517,
123142,
125285,
127428,
127696,
128053,
128232,
128500,
133857,
134303,
137785,
140017,
140196,
142428,
142964,
143500,
144571,
147785,
148857,
151535,
159571,
159750,
161446,
166000,
166267,
167071,
167607,
168142,
168589,
170732,
171892,
172428,
172875,
177785,
179660,
180196,
180732,
181267,
181803,
183142,
184392,
184928,
185464,
186357,
188500,
191446,
192785,
193678,
194303,
194928,
195285,
195464,
195821,
197071,
199214,
199750,
200017,
200553,
202428,
202875,
203500,
203767,
204035,
206357,
208589,
208767,
211000,
211535,
214750,
215285,
215821,
218500,
219571,
222785,
223857,
227071,
228142,
232428,
233232,
235017,
235375,

4 Column Release Times:
1223,
6758,
9437,
12250,
14392,
16714,
19125,
23500,
25464,
28142,
30285,
31535,
31892,
32428,
32830,
33232,
33901,
34482,
35732,
38767,
40017,
43053,
44035,
44839,
45107,
46982,
48321,
49482,
51625,
53232,
55910,
56892,
58857,
60196,
61446,
64482,
65732,
68500,
70553,
70821,
71892,
72696,
72964,
74035,
75107,
77875,
79080,
81625,
82696,
83767,
86982,
92250,
92785,
96089,
98321,
98500,
100910,
101982,
103232,
106267,
107517,
110553,
111535,
112339,
112607,
114482,
115821,
116982,
117785,
119392,
120910,
122875,
123678,
125553,
127517,
127785,
128142,
128321,
128767,
134035,
134571,
137875,
140107,
140285,
142696,
143232,
143767,
145017,
148053,
149303,
151625,
159660,
159839,
161625,
166178,
166446,
167250,
167785,
168232,
168767,
170910,
172071,
172517,
173053,
178321,
179750,
180285,
180821,
181357,
181982,
183321,
184482,
185017,
185553,
186892,
189035,
191625,
193142,
193767,
194392,
195017,
195375,
195553,
195910,
197339,
199303,
199839,
200107,
200687,
202607,
203142,
203589,
203857,
204125,
206446,
208678,
208857,
211267,
211803,
215196,
215732,
216267,
218767,
220017,
223053,
224303,
227339,
228589,
232875,
233321,
235107,
235910,

