Artist : hololive
Song Name : hololive song pack
Difficulty : 0
BPM : 190
Background Image : charts\hololive-hololive song pack\Sakurakaze - Sakura Miko.png
Audio : charts\hololive-hololive song pack\Sakurakaze - Sakura Miko.ogg

1 Column Hit Times:
1098,
3260,
4153,
7189,
8260,
9332,
15760,
16296,
16832,
17189,
17546,
18260,
18528,
19332,
19689,
19867,
20671,
21296,
21832,
22546,
23082,
23617,
23974,
24867,
25224,
25939,
26474,
26653,
27189,
27546,
28260,
28439,
28974,
29332,
29867,
30046,
31474,
31832,
32903,
33439,
33617,
33974,
34332,
34867,
35403,
37010,
37546,
37724,
38260,
38617,
38974,
39332,
39867,
40403,
41117,
41474,
42010,
42724,
43082,
43617,
43796,
44332,
44689,
45046,
45403,
47546,
47724,
48260,
48796,
49153,
49510,
50046,
50582,
51117,
51832,
52546,
52724,
53260,
53439,
53617,
53974,
54153,
55760,
55939,
56474,
57367,
57903,
58439,
58796,
58974,
59867,
60403,
61117,
61474,
61832,
62010,
62546,
63082,
63617,
64153,
64510,
65046,
66474,
66832,
67189,
67367,
67903,
69332,
69689,
70046,
70403,
70582,
70939,
71296,
71653,
71832,
72367,
72635,
72814,
73082,
73439,
74153,
74510,
75224,
76117,
76832,
77367,
77724,
78082,
78260,
78617,
79510,
79867,
81117,
81474,
82010,
82724,
83260,
83439,
83974,
84332,
84867,
85224,
85403,
85760,
85939,
86474,
87010,
87546,
87903,
88082,
88796,
88974,
89332,
89689,
90046,
90760,
91117,
92367,
92546,
93617,
93796,
94689,
95582,
95760,
96385,
96832,
97189,
97724,
98260,
98617,
98974,
99332,
99689,
101117,
101474,
102189,
102546,
103082,
103260,
103974,
104332,
104867,
105224,
105582,
105760,
106117,
106296,
106832,
107189,
107546,
107903,
108617,
108974,
109510,
110046,
110403,
110760,
111296,
111474,
112010,
112367,
113260,
113617,
114510,
114867,
115046,
115582,
115760,
116117,
117010,
117367,
117724,
118082,
118260,
118617,
119332,
119689,
120046,
120403,
120939,
121474,
122367,
123260,
123974,
124332,
124689,
125046,
125403,
125760,
126117,
126474,
126832,
130671,
130939,
131117,
131832,
132099,
132367,
133439,
133796,
134153,
134510,
134867,
136653,
137099,
137903,
140760,
147010,
149599,
150046,
153974,
156296,
156653,
156832,
157189,
157724,
158260,
158617,
158974,
159332,
159510,
160224,
160403,
160760,
161117,
161296,
163796,
164153,
167189,
167546,
167903,
168439,
168617,
168974,
169332,
169689,
170224,
170760,
171296,
171653,
172189,
173617,
173885,
174153,
174332,
174510,
175224,
176474,
177189,
177367,
177546,
177724,
178082,
178439,
178885,
179689,
180046,
180403,
180582,
181296,
181653,
182189,
182546,
183260,
183617,
184153,
184689,
184867,
185224,
185403,
185760,
186653,
187010,
187367,
188260,
188617,
189153,
189867,
190403,
190582,
191117,
191474,
192010,
192367,
192546,
192903,
193439,
193617,
193796,
194689,
195046,
195224,
195939,
196117,
196742,
196921,
197099,
197367,
198617,
199153,
199689,
200046,
200403,
200760,
200939,
203885,
207367,
207903,
208260,
208796,
209510,
210224,
210403,
210760,
211296,
211653,
211832,
212010,
212457,
213082,
213260,
213796,
213974,
214153,
214332,
214689,
215046,
215760,
219153,
219332,
219599,
219867,

1 Column Long Note Times:
9689,
10046,
11474,
12189,
12903,
13617,
14332,
14689,
15403,
24332,
25582,
30760,
32189,
35760,
36296,
45760,
55046,
57010,
60582,
65582,
66117,
68260,
68796,
75760,
78974,
80582,
82367,
91296,
92010,
92903,
93260,
94153,
94867,
100046,
116653,
122724,
130046,
131474,
132903,
135403,
136117,
142903,
145760,
148617,
150403,
151117,
151653,
152903,
154510,
155403,
161832,
162367,
162546,
162903,
163082,
164510,
165224,
166474,
172724,
173260,
175403,
175939,
182903,
186117,
187724,
189510,
196474,
197546,
198082,
201474,
201832,
202099,
202457,
202903,
203528,
204332,
204510,
204867,
205403,
205939,
206474,
206832,
207546,
208439,
212724,
215403,
215939,
216296,
217189,
217992,
218171,
218528,
220046,

1 Column Release Times:
9778,
10582,
12010,
12724,
13439,
14153,
14510,
14867,
15582,
24510,
25760,
31117,
32367,
35939,
36474,
47189,
55403,
57189,
60760,
65760,
66296,
68439,
68974,
75939,
79153,
80760,
82546,
91474,
92189,
93082,
93439,
94332,
95046,
100582,
116832,
122903,
130224,
131653,
133260,
135760,
136296,
142992,
145849,
148707,
150492,
151207,
151742,
152992,
154599,
155760,
161921,
162457,
162635,
162992,
163171,
164599,
165760,
166832,
172903,
173439,
175582,
176117,
183082,
186296,
187903,
189689,
196653,
197724,
198260,
201564,
201921,
202189,
202546,
203260,
203617,
204421,
204599,
205224,
205760,
206117,
206653,
207010,
207724,
208617,
212903,
215492,
216117,
216653,
217546,
218082,
218260,
218617,
225760,

2 Column Hit Times:
2367,
2546,
2724,
4332,
4510,
4689,
4867,
5224,
6117,
7211,
7724,
8439,
8662,
9332,
11474,
15760,
16117,
16474,
17010,
17367,
17546,
17814,
18082,
18439,
18617,
19153,
19332,
19510,
20046,
20716,
20939,
21474,
21653,
22189,
22367,
22903,
23260,
23796,
24153,
24689,
25760,
26117,
26474,
26832,
27189,
27724,
28617,
28796,
29510,
29689,
30046,
30403,
30582,
30760,
31296,
31653,
32010,
32189,
32367,
32903,
33260,
33796,
34153,
34510,
34689,
35224,
35582,
35760,
36117,
36296,
36653,
37367,
37724,
38082,
38439,
38617,
38974,
39153,
39510,
40046,
40403,
40760,
41117,
41832,
42010,
42367,
43260,
43617,
43974,
44332,
45046,
45582,
46117,
46296,
46832,
47189,
47903,
48439,
48974,
49332,
49689,
50046,
50403,
50760,
50939,
51296,
51474,
51832,
52189,
52367,
52546,
52903,
53082,
53439,
54510,
54689,
55403,
55582,
55760,
56117,
56296,
57010,
58082,
58439,
58617,
58974,
59153,
59510,
60046,
60760,
61117,
61385,
61653,
62189,
62724,
63082,
63439,
63796,
64332,
64689,
64867,
65582,
65939,
66117,
66474,
66832,
67010,
67189,
67367,
67724,
68260,
68974,
69153,
69689,
70046,
70224,
70939,
71742,
72010,
72367,
72903,
73260,
73617,
73974,
74510,
74867,
75403,
75582,
75760,
76296,
76474,
77367,
77546,
78082,
78439,
79153,
80582,
81296,
82367,
82546,
82903,
83439,
83796,
84332,
84510,
84689,
85046,
85582,
85760,
85939,
86117,
86474,
86832,
87010,
87189,
87724,
87903,
88260,
88439,
88796,
88974,
89510,
89689,
90760,
91653,
91832,
92367,
92724,
93974,
94510,
95224,
95403,
95671,
95939,
96296,
96474,
96653,
96832,
97189,
97546,
97903,
98082,
98439,
98617,
98974,
99153,
99510,
99867,
100046,
100671,
100939,
101296,
101474,
101832,
102010,
102724,
103617,
103974,
104332,
104689,
105760,
106474,
106832,
107010,
107367,
107903,
108082,
108439,
109153,
109867,
110582,
111117,
111474,
111653,
112010,
112903,
113082,
113528,
113796,
113974,
114153,
114510,
115224,
115403,
115760,
115939,
116296,
116653,
117010,
117546,
118082,
118260,
118617,
118796,
118974,
119332,
119867,
120582,
120760,
121296,
121832,
122010,
123260,
123439,
123796,
127189,
127546,
127903,
128260,
128617,
128974,
129332,
129689,
130046,
131028,
131296,
132189,
132457,
132724,
133260,
133617,
134153,
134599,
135046,
135403,
135760,
136296,
137189,
138171,
138439,
146832,
149332,
149867,
152903,
153260,
153617,
154332,
154689,
155046,
155760,
156117,
156474,
157010,
157546,
157903,
158439,
158974,
159153,
159332,
159510,
159689,
160582,
160760,
161117,
161296,
163617,
167367,
167546,
167724,
167903,
168260,
168662,
168974,
169153,
169510,
169867,
170046,
170403,
170939,
171296,
171474,
171832,
172010,
172724,
173082,
173260,
173617,
173974,
174153,
174332,
174689,
174867,
175403,
176117,
176653,
177010,
177189,
177367,
177724,
178082,
178974,
179153,
179510,
179778,
179957,
180224,
180403,
180760,
181117,
182010,
182367,
182724,
182903,
183260,
183439,
183796,
184510,
184689,
185046,
185224,
185582,
186296,
187546,
187724,
188439,
188796,
189510,
189689,
190046,
190582,
190939,
191474,
192189,
192367,
192546,
192724,
192903,
193260,
193439,
193796,
193974,
194332,
194867,
195046,
195403,
195582,
196296,
196474,
196742,
196921,
197099,
197367,
198082,
198439,
198796,
199332,
199867,
200582,
201296,
201832,
202189,
204689,
205224,
207724,
208617,
208974,
209153,
209510,
209689,
210046,
210582,
210939,
211117,
211474,
211832,
212457,
213082,
213260,
213796,
214064,
214332,
215760,
216117,
216474,
217189,
218617,
218796,
218974,
219242,
219510,
219689,
220046,
220582,
221117,
221653,
222546,
223439,
223796,
224332,
224689,

2 Column Long Note Times:
9778,
10046,
10760,
13617,
14332,
15046,
25224,
37010,
41474,
53617,
56653,
57367,
57724,
59689,
65224,
68439,
77010,
78796,
79510,
80046,
80939,
81832,
90046,
90403,
91296,
92903,
93260,
94867,
104867,
112189,
122367,
130403,
131832,
136832,
141296,
144332,
147546,
148617,
150760,
151296,
161653,
162010,
162189,
162367,
162903,
163082,
164867,
165224,
165760,
166474,
172367,
175582,
176296,
184153,
185939,
186653,
187189,
188082,
188974,
197724,
201564,
202010,
202367,
202635,
202903,
203439,
203617,
204153,
205403,
206117,
206474,
207010,
207457,
208082,
212724,
213439,
214689,
215492,
216653,
217635,
217814,
218439,
225582,

2 Column Release Times:
9867,
10582,
11296,
14153,
14510,
15224,
25403,
37189,
41653,
53796,
56832,
57546,
57903,
59867,
65403,
68617,
77189,
78974,
79689,
80224,
81117,
82010,
90224,
90582,
91474,
93082,
93439,
95046,
105046,
112367,
122546,
130582,
132010,
137010,
141385,
144421,
147635,
148707,
150849,
151385,
161742,
162099,
162278,
162457,
162992,
163171,
164957,
165314,
166117,
167189,
172546,
175760,
176474,
184332,
186117,
186832,
187367,
188260,
189153,
197903,
201653,
202099,
202457,
202724,
203260,
203528,
203885,
204332,
205760,
206296,
206653,
207367,
207546,
208260,
212903,
213617,
215224,
215582,
216832,
217724,
217903,
218528,
225760,

3 Column Hit Times:
1497,
3082,
3439,
4354,
5403,
5939,
6296,
7546,
8082,
8640,
15939,
16474,
16832,
17189,
17457,
17903,
18260,
18617,
18974,
19510,
19867,
20760,
21117,
21474,
21832,
22010,
22546,
23617,
24332,
25582,
26117,
26296,
27189,
27367,
27903,
28260,
29153,
29332,
29867,
30760,
31296,
31474,
31832,
32010,
33082,
33528,
33796,
33974,
34689,
34867,
35224,
35403,
35760,
36117,
37010,
37546,
38260,
38528,
38796,
39689,
40046,
40224,
40939,
41296,
42367,
43439,
43974,
44153,
44689,
45224,
45760,
46653,
47189,
47546,
47903,
48260,
48617,
49153,
49689,
50046,
50760,
50939,
51117,
51296,
51474,
52010,
52546,
52724,
52903,
53082,
53796,
54510,
54689,
55760,
55939,
56653,
56832,
57546,
57724,
57903,
58260,
58617,
58796,
59153,
59689,
60224,
60939,
61296,
61474,
61832,
62010,
62367,
62724,
63260,
63796,
64153,
64332,
65403,
66742,
67189,
67546,
67724,
68439,
68796,
69332,
69510,
69867,
70224,
70403,
71117,
71296,
71653,
71832,
72546,
72724,
72903,
73439,
73796,
74153,
74332,
74689,
75046,
75403,
75582,
77010,
77724,
77903,
79153,
79510,
79867,
80582,
80939,
81296,
82010,
82546,
82724,
82903,
83260,
84153,
84867,
85046,
85224,
85403,
85760,
86117,
86296,
86653,
86832,
87189,
87546,
87903,
88082,
88260,
89689,
90939,
91117,
92546,
92903,
93617,
93974,
95403,
95760,
96117,
96832,
97010,
97367,
97814,
98082,
98260,
98528,
98796,
98974,
99332,
99510,
99689,
100046,
100582,
100760,
101117,
101832,
102546,
102903,
103260,
103439,
103796,
104689,
105224,
106117,
106653,
107189,
107546,
107724,
108260,
108796,
108974,
109332,
109689,
110582,
111296,
111653,
111832,
112189,
112367,
112903,
113260,
113617,
114153,
114332,
114689,
114867,
115403,
116117,
117367,
117546,
118528,
119153,
119689,
120046,
120403,
121117,
121832,
122367,
122724,
123617,
123974,
124332,
125046,
125760,
127903,
128617,
129332,
130224,
130403,
131385,
131653,
132546,
132814,
133260,
133796,
133974,
134153,
134510,
134689,
135046,
136117,
137010,
145046,
146117,
150403,
150760,
151117,
151832,
152189,
152546,
155224,
156117,
156832,
157189,
157367,
157903,
158617,
159153,
159332,
159689,
159867,
160224,
160403,
160582,
160939,
161117,
163617,
164153,
167189,
167367,
167724,
167903,
168082,
168260,
168707,
168974,
169153,
169510,
170582,
170939,
171296,
171474,
172546,
173796,
173974,
174242,
174510,
174689,
175046,
175760,
176474,
176832,
177010,
177367,
177546,
178260,
178439,
178796,
178974,
179689,
179867,
180046,
180582,
180939,
181296,
181474,
181832,
182010,
182724,
184153,
184867,
185046,
185403,
186117,
186296,
186653,
187010,
187724,
188082,
188439,
189153,
189689,
189867,
190046,
190403,
191296,
191653,
191832,
192010,
192189,
192903,
193082,
193260,
193617,
193974,
194153,
194332,
194689,
195046,
195224,
195403,
195939,
196117,
196653,
196832,
197010,
197189,
197724,
198260,
198617,
198974,
199332,
199510,
200046,
200403,
200760,
201117,
201296,
202546,
203617,
204153,
204332,
204689,
205314,
208082,
208617,
208796,
209332,
209689,
209867,
210582,
210760,
211296,
211474,
211653,
212010,
212367,
212546,
213171,
213796,
213974,
214332,
214689,
215224,
215403,
216296,
216653,
218617,
218796,
218974,
219242,
219510,
219689,
219867,
220224,
220939,
222010,
222724,
223260,
223974,
224510,
225224,

3 Column Long Note Times:
9867,
10046,
12189,
12903,
13617,
14689,
15046,
20046,
24867,
32367,
36653,
42010,
42724,
53260,
59867,
60403,
64867,
65939,
66296,
68082,
68974,
76117,
76653,
77367,
78617,
80224,
81653,
90046,
90403,
91296,
92010,
94153,
94867,
104332,
105582,
110046,
110760,
116296,
117724,
121474,
122010,
126474,
130760,
132189,
136474,
138617,
141117,
147903,
148974,
153260,
153796,
155403,
161832,
162010,
162367,
162546,
162903,
163082,
164510,
164867,
165224,
165760,
166474,
172010,
173082,
173439,
175224,
176117,
183260,
183796,
184510,
185760,
187367,
188796,
196296,
197367,
201653,
201921,
202278,
202724,
203260,
205760,
206296,
206832,
207367,
207724,
208260,
212724,
213439,
215582,
216832,
217546,
217724,
218349,

3 Column Release Times:
9957,
10582,
12724,
13439,
14153,
14867,
15224,
20403,
25046,
32724,
36832,
42189,
42903,
53439,
60046,
60582,
65046,
66117,
66474,
68260,
69153,
76296,
76832,
77546,
78796,
80403,
81832,
90224,
90582,
91474,
92189,
94332,
95046,
104510,
105760,
110403,
111117,
116474,
117903,
121653,
122189,
127189,
130939,
132367,
136653,
138707,
141207,
147992,
149064,
153349,
153885,
155760,
161921,
162099,
162457,
162635,
162992,
163171,
164599,
164957,
165314,
166117,
166832,
172189,
173260,
173617,
175403,
176296,
183439,
183974,
184689,
185939,
187546,
188974,
196474,
197546,
201742,
202010,
202367,
202814,
203439,
205939,
206474,
207010,
207457,
207903,
208439,
212903,
213617,
215939,
217010,
217635,
217814,
218439,

4 Column Hit Times:
1475,
1653,
1832,
2010,
5582,
6832,
7367,
7903,
8617,
9332,
15760,
16117,
16474,
16653,
17189,
17724,
17903,
18171,
18617,
18974,
19153,
19689,
20046,
22189,
22724,
22903,
23260,
23439,
23974,
24332,
24689,
24867,
25224,
25582,
25760,
26832,
27010,
27546,
27903,
28082,
28617,
28974,
29689,
30582,
31117,
31474,
31653,
32189,
32367,
32903,
33260,
33617,
34153,
34510,
35046,
35582,
35939,
36296,
36653,
37367,
38082,
38617,
39332,
39689,
40582,
40760,
41474,
41832,
42724,
43260,
46117,
46296,
47010,
47367,
48082,
48617,
48974,
49510,
49689,
50403,
51117,
51474,
52189,
52367,
53260,
53617,
53796,
53974,
54153,
54510,
54689,
55224,
55492,
55671,
56117,
56296,
57189,
58260,
58617,
59332,
60582,
60760,
61296,
61474,
62367,
62903,
63439,
63974,
65224,
65760,
66296,
66653,
66921,
67099,
67546,
68082,
68617,
69867,
70046,
70403,
70582,
70939,
71296,
71832,
72010,
72546,
72903,
73260,
73796,
74867,
75224,
75939,
76653,
77010,
77724,
78082,
78439,
79689,
80046,
80939,
82367,
82903,
83082,
83617,
83974,
84332,
84510,
84689,
85046,
85582,
86296,
86474,
86653,
87189,
87724,
88260,
88439,
88796,
88974,
89510,
90939,
91653,
91832,
92546,
93796,
94510,
94689,
95224,
95760,
96117,
96474,
96653,
97189,
97546,
97903,
98260,
98617,
99153,
99332,
99689,
99957,
101653,
102189,
102367,
102903,
103617,
104153,
104867,
105582,
105939,
106474,
107189,
108260,
108617,
109332,
109689,
109867,
110046,
110760,
111474,
111832,
112189,
112903,
113439,
113796,
113974,
114689,
115224,
115582,
116296,
116653,
117724,
118439,
118617,
118974,
119510,
120224,
120760,
121117,
121474,
122010,
122724,
123082,
123617,
124153,
129689,
130314,
130582,
130760,
131474,
131742,
132010,
132903,
133439,
133617,
133974,
134689,
135224,
136474,
136832,
141474,
149332,
150046,
151474,
155224,
155760,
156474,
157546,
158082,
158260,
158617,
158974,
159867,
160224,
160403,
160760,
160939,
163796,
167189,
167546,
168082,
168260,
168439,
168751,
168974,
169153,
169867,
170224,
170582,
171117,
172367,
172903,
173439,
173796,
174064,
174332,
174689,
174867,
175582,
175939,
176296,
176832,
177189,
177546,
177724,
178082,
178439,
178796,
178974,
179153,
179510,
179689,
180046,
180403,
180939,
181653,
182367,
182903,
183974,
184510,
184867,
185224,
185582,
185939,
186832,
187189,
188082,
188974,
189510,
190046,
190224,
190760,
191117,
191474,
191653,
191832,
192189,
192724,
193082,
193617,
194153,
194332,
194689,
194867,
195403,
195582,
195939,
196117,
196474,
196653,
196832,
197010,
197546,
197724,
197903,
198439,
198974,
199689,
200224,
200582,
201117,
201474,
207546,
208439,
208617,
208974,
209153,
209867,
210224,
210403,
211117,
211474,
211832,
212010,
212367,
212546,
213171,
214153,
214510,
214867,
215582,
215939,
216474,
216832,
217189,
218617,
218796,
218974,
219153,
219332,
219599,
219867,
220046,
220403,
221296,
221832,
222367,
223082,
224153,
224867,
225403,

4 Column Long Note Times:
9957,
10760,
11474,
12903,
14332,
15046,
15403,
20760,
30046,
37724,
42367,
44332,
52903,
56832,
57546,
59510,
60224,
64332,
64689,
69153,
76296,
79153,
80403,
81474,
82010,
90046,
90403,
92010,
92903,
93260,
94153,
100760,
105224,
112367,
115760,
117010,
127189,
131117,
132546,
135760,
137189,
140046,
140939,
143617,
146474,
147189,
148260,
150582,
152010,
152546,
153439,
154153,
154689,
161653,
162189,
162546,
164510,
164867,
165760,
171474,
171832,
183439,
186296,
187546,
188617,
189153,
197189,
201742,
202189,
202546,
202814,
203260,
203885,
204421,
204599,
204867,
205760,
206117,
206653,
207010,
207903,
213439,
215224,
216117,
217903,
218082,
218260,

4 Column Release Times:
10046,
11296,
12010,
13439,
14510,
15224,
15582,
21474,
30403,
37903,
42546,
45760,
53082,
57010,
57724,
59689,
60403,
64510,
64867,
69332,
76474,
79332,
80582,
81653,
82189,
90224,
90582,
92189,
93082,
93439,
94332,
101474,
105403,
112724,
115939,
117189,
128617,
131296,
132724,
136117,
138617,
140135,
141028,
144153,
146564,
147278,
148349,
150671,
152099,
152635,
153528,
154242,
154778,
161742,
162278,
162903,
164599,
164957,
166474,
171653,
172010,
183617,
186474,
187724,
188796,
189332,
197367,
201832,
202278,
202635,
202903,
203617,
204153,
204510,
204689,
205224,
205939,
206296,
206832,
207367,
208082,
213617,
215403,
216296,
217992,
218171,
218349,

