Artist : hololive
Song Name : hololive song pack
Difficulty : 0
BPM : 174
Background Image : charts\hololive-hololive song pack\Sorairo Days - Natsuiro Matsuri x Gawr Gura.png
Audio : charts\hololive-hololive song pack\Sorairo Days - Natsuiro Matsuri x Gawr Gura.ogg

1 Column Hit Times:
6967,
7484,
7656,
8001,
8174,
8691,
9208,
9381,
9725,
10070,
10243,
10415,
10932,
11450,
11967,
12139,
12484,
12656,
12829,
13001,
13691,
13863,
14036,
14208,
21794,
24898,
25243,
25415,
26967,
27139,
27312,
27484,
27656,
28001,
28260,
28691,
29381,
29898,
30243,
30415,
30932,
31105,
31277,
32312,
32656,
32829,
33001,
33174,
33518,
33691,
33863,
34208,
34898,
35070,
35415,
35760,
35932,
36105,
36450,
36881,
37829,
38346,
38518,
38691,
38863,
39208,
39725,
40243,
40587,
40932,
41794,
41967,
42312,
42398,
42656,
43001,
43174,
43518,
43691,
43863,
44208,
44898,
45070,
45243,
45760,
46105,
46277,
46450,
46967,
47139,
47312,
47484,
47656,
47829,
48346,
48518,
48691,
49725,
50070,
50415,
50760,
51105,
51450,
51622,
51967,
52139,
52484,
52656,
52829,
53174,
54208,
54725,
54898,
55243,
55415,
55760,
56105,
56450,
56967,
57484,
57656,
58001,
58863,
59208,
59553,
59725,
60243,
60415,
60760,
60932,
61277,
61794,
61967,
62484,
62829,
63174,
63346,
64036,
64208,
65243,
65415,
65760,
65932,
66105,
66450,
66967,
67139,
67484,
67829,
68001,
68518,
68863,
69036,
69208,
69553,
69898,
71363,
71536,
71708,
74898,
75070,
77139,
82312,
82829,
83174,
83346,
83518,
83863,
84036,
84553,
85070,
85243,
85587,
85932,
86277,
86622,
87829,
88001,
88346,
89036,
92484,
94208,
94381,
94553,
94725,
95070,
95243,
95587,
95932,
96277,
96450,
96794,
96967,
97656,
98001,
98346,
98950,
99553,
99898,
100070,
100501,
100674,
101105,
101450,
101622,
101967,
102484,
102656,
103001,
103346,
103518,
103691,
104036,
104208,
104553,
105415,
105760,
105932,
106191,
106450,
106794,
107312,
107484,
107829,
108174,
108518,
108777,
109036,
109381,
110070,
110243,
110760,
111105,
111450,
111622,
111794,
112656,
112829,
113346,
113691,
114036,
114553,
114898,
115415,
116105,
116450,
116794,
116967,
117139,
117656,
118001,
118174,
118346,
118863,
119036,
119725,
119898,
120070,
120243,
120415,
120760,
121277,
121794,
121967,
123174,
123518,
123863,
124036,
124381,
124553,
125070,
125243,
125587,
125760,
125932,
126191,
126450,
127312,
127829,
128174,
128346,
128691,
128863,
129208,
129381,
129898,
130243,
130587,
130760,
131105,
131967,
132312,
132656,
132829,
133346,
133518,
133691,
133863,
134208,
134898,
135070,
135587,
135760,
136105,
136277,
136450,
136622,
136967,
137225,
138346,
138863,
139036,
139381,
139725,
140415,
140587,
140932,
141105,
141622,
141794,
141967,
142656,
143001,
144898,
147656,
147829,
151450,
151794,
152829,
153174,
153518,
154553,
154898,
155932,
156277,
157312,
157656,
158260,
158691,
159036,
159381,
160415,
160760,
161450,
161622,
161794,
161967,
162139,
162484,
162656,
162829,
163001,
163174,
163518,
163691,
165587,
167656,
172398,
172656,
172829,
175243,
175415,
175587,
175760,
176277,
176450,
177312,
178001,
178174,
178518,
178691,
178863,
179208,
181018,
181363,
181536,
181967,
182484,
183001,
183174,
183346,
183518,
189036,
189381,
189898,
190415,
192139,
192656,
195587,
196277,
196622,
196794,
197312,
197484,
197829,
198174,
198346,
199036,
199725,
200070,
200243,
200760,
201105,
201277,
201794,
201967,
202829,
203001,
203174,
203346,
203518,
203691,
203863,
204036,
205587,
206277,
206622,
206967,
207312,
207484,
207829,
208001,
208346,
208518,
209036,
210070,
210587,
210760,
211105,
211277,
211622,
212656,
212829,
213346,
213863,
214725,
215070,
215415,
215587,
216105,
216277,
216450,
217139,
217484,
218691,
219036,
219208,
220070,
221277,
221622,
221967,
222312,
222829,
223001,
223346,
223691,
224381,
224725,
224898,
225070,
225415,
225760,
227139,
227312,
227484,
227656,
230760,
230932,
232656,
232829,
233001,
233174,
233346,
233863,
234036,
234208,
234381,
234898,
235243,
235415,
235932,
236450,
236967,
237139,
237656,
238432,
238605,
239036,
239381,
239725,
239898,
240415,
240760,
240932,
241105,
241450,
241794,
241967,
242656,
243174,
243691,
243863,
244036,
244208,
245415,
245587,
245760,
245932,

1 Column Long Note Times:
1622,
1794,
2656,
2829,
3518,
3691,
4381,
4553,
5415,
5587,
7139,
10587,
14381,
16622,
20415,
21105,
22139,
24208,
25760,
29553,
31622,
31967,
37139,
41277,
44553,
49036,
53691,
58174,
64725,
70243,
74208,
75760,
77484,
77656,
78518,
78691,
79381,
79553,
80243,
80415,
81277,
81450,
87139,
89208,
89725,
90415,
97312,
104725,
109553,
112139,
115760,
119208,
122484,
126794,
131277,
137829,
143346,
148518,
149725,
150932,
152312,
154036,
155415,
156450,
157829,
159553,
160932,
161277,
163863,
164725,
166277,
166794,
167829,
168346,
168691,
169208,
169381,
169725,
170070,
170415,
170760,
171277,
171622,
171967,
173001,
173518,
173691,
176967,
177656,
179381,
179553,
180070,
180587,
180846,
181191,
181708,
186277,
191105,
192829,
194381,
204381,
205932,
208691,
209553,
211967,
214036,
216622,
217829,
219725,
220587,
223863,
226105,
230070,
231622,
246105,

1 Column Release Times:
1751,
1924,
2786,
2958,
3648,
3820,
4510,
4682,
5544,
5717,
7312,
10760,
16277,
19036,
20587,
21450,
22656,
24553,
25932,
29725,
31794,
32139,
37656,
41450,
44725,
49381,
54036,
58518,
65070,
71105,
74553,
76622,
77613,
77786,
78648,
78820,
79510,
79682,
80372,
80544,
81406,
81579,
87312,
89381,
90243,
90760,
97484,
105243,
109898,
112312,
115932,
119381,
122829,
127139,
131622,
138174,
144208,
148863,
150415,
151105,
152484,
154208,
155587,
156622,
158001,
159725,
161105,
161363,
164208,
165243,
166450,
166967,
167915,
168432,
168777,
169294,
169467,
169812,
170156,
170501,
170846,
171450,
171708,
172053,
173432,
173605,
175070,
177139,
177829,
179467,
179639,
180156,
180674,
180932,
181277,
181794,
187312,
191450,
193863,
194553,
204467,
206105,
208863,
209898,
212312,
214381,
216967,
218518,
219898,
220932,
224208,
226967,
230415,
232484,
251105,

2 Column Hit Times:
6967,
7312,
7570,
8174,
8691,
9036,
9381,
9553,
10760,
10932,
11450,
11622,
12139,
12398,
13174,
13346,
13777,
14208,
16622,
25415,
25932,
27225,
27398,
27570,
27829,
28260,
28518,
28691,
28863,
29208,
29381,
29553,
29898,
30070,
30243,
30587,
30760,
31018,
31450,
32139,
32829,
33087,
33518,
33863,
34036,
35415,
35674,
35932,
36277,
36881,
37139,
37484,
37656,
38001,
38174,
38346,
38691,
39036,
39898,
40243,
40415,
41450,
41622,
41794,
42312,
42398,
43174,
43518,
43777,
44381,
44553,
45070,
45243,
45760,
45932,
46191,
46622,
46794,
46967,
48001,
48174,
48691,
48863,
49898,
50243,
50587,
50760,
50932,
51277,
51622,
51967,
52312,
52484,
53001,
53346,
53691,
54208,
54381,
54725,
55070,
55243,
55587,
56105,
56277,
56794,
57139,
57312,
57656,
58001,
58174,
58518,
59036,
59553,
59725,
60070,
60415,
60587,
60760,
61105,
61450,
61622,
61967,
62484,
62656,
63001,
63174,
63518,
63691,
63863,
64122,
64381,
64725,
65243,
65932,
66277,
66622,
67312,
67656,
67829,
68174,
68346,
68691,
69036,
69208,
69898,
70243,
70760,
71277,
71794,
74208,
82312,
82829,
83174,
83518,
83863,
85415,
85587,
85932,
86191,
86794,
86967,
87312,
87484,
87829,
88001,
88346,
88518,
88691,
88863,
93863,
94036,
94208,
94553,
94898,
95156,
95587,
95760,
96277,
96967,
97484,
97829,
98001,
98346,
98518,
98863,
99036,
99725,
100070,
100243,
100760,
101105,
101277,
101450,
101794,
102312,
102484,
103001,
103260,
103518,
103863,
104122,
104381,
104725,
105070,
105243,
105587,
106105,
106277,
106622,
107484,
108001,
108863,
109036,
109208,
109381,
110070,
111191,
111363,
111622,
111794,
112139,
112656,
112829,
113518,
114381,
114553,
114898,
115070,
115415,
115587,
116277,
116622,
116881,
117139,
117312,
118346,
119036,
119208,
119639,
119984,
120587,
120932,
121105,
121450,
121622,
121794,
122829,
123001,
123346,
123691,
123863,
124553,
124898,
125243,
125415,
125587,
126105,
126277,
126794,
127139,
127484,
128001,
128346,
128518,
128691,
129381,
129725,
130070,
130587,
130932,
131622,
132139,
133346,
133605,
133777,
134036,
134381,
134725,
135243,
135415,
135932,
136277,
136622,
137139,
138174,
138346,
138691,
139208,
139381,
139725,
139898,
140243,
140415,
140760,
141105,
141450,
141794,
142139,
142312,
142656,
143001,
143346,
143863,
144381,
144553,
144725,
147312,
148518,
149898,
150243,
151105,
151450,
152484,
152656,
152829,
153518,
153863,
154898,
155243,
155501,
155760,
156967,
157312,
158174,
158346,
159381,
159725,
160760,
163518,
163863,
164208,
164381,
164553,
164725,
164898,
172139,
172312,
172484,
172829,
173518,
174036,
174208,
174381,
174725,
174898,
175243,
175587,
176450,
178346,
179036,
179381,
180846,
181191,
181708,
181881,
182312,
182656,
189036,
191277,
192829,
193863,
194553,
194725,
195070,
195415,
196277,
196622,
196794,
197656,
198863,
199381,
199553,
199812,
200070,
200415,
200932,
201105,
201622,
201967,
202484,
202743,
203518,
205760,
206105,
206450,
206622,
206794,
207139,
207484,
208174,
208863,
209208,
209553,
210243,
210587,
210932,
211967,
213001,
213174,
213518,
213863,
214036,
214381,
214725,
214898,
215415,
215587,
215932,
216363,
216536,
216622,
216967,
217312,
218001,
218346,
218518,
218863,
219381,
219553,
219725,
219984,
220243,
220587,
221105,
221277,
223174,
223518,
223691,
224036,
224725,
224898,
225070,
225760,
226105,
226622,
227139,
227312,
227484,
231277,
231622,
232656,
232829,
233174,
233518,
233863,
234036,
234725,
234898,
235587,
236105,
236277,
236622,
236794,
237139,
237484,
237656,
237829,
238432,
238605,
238691,
239036,
239381,
239553,
239898,
240243,
240415,
240760,
241105,
241277,
241622,
242139,
242484,
242656,
243001,
243174,
243346,
243863,
244122,
244381,
244553,
244725,
244898,
245070,
245501,
245932,

2 Column Long Note Times:
6105,
7829,
9898,
14381,
17139,
18518,
19381,
20070,
21450,
22829,
23346,
24036,
24725,
32484,
34381,
34725,
35070,
36450,
39381,
40760,
42656,
44036,
49381,
74898,
75415,
76622,
84381,
86450,
91794,
97139,
102656,
106967,
108346,
110243,
112312,
113001,
113863,
117829,
119381,
122139,
132312,
137484,
144898,
148001,
148863,
150587,
151967,
154381,
156105,
157484,
159898,
160932,
161105,
161450,
162484,
165243,
165932,
166450,
166967,
167915,
168346,
168518,
168863,
169036,
169725,
169898,
170243,
170501,
170760,
170932,
171450,
171622,
171794,
175760,
175932,
176794,
177484,
177829,
179725,
179898,
180156,
180501,
180674,
181018,
181363,
181536,
183518,
185587,
188346,
189725,
192139,
204381,
204553,
207829,
208346,
211105,
212312,
217484,
219036,
221794,
222484,
224208,
227656,
230415,
238174,

2 Column Release Times:
6234,
8001,
10070,
16277,
17312,
18691,
19898,
20243,
21794,
23174,
23691,
24208,
24898,
32656,
34553,
34898,
35243,
36794,
39725,
41105,
42829,
44208,
49725,
75070,
75760,
77312,
84553,
86622,
92312,
97312,
102829,
107312,
108691,
111105,
112484,
113346,
114208,
118001,
119553,
122484,
133174,
137829,
146967,
148174,
149725,
150760,
152139,
154553,
156277,
157656,
160070,
161018,
161277,
161967,
163001,
165587,
166105,
166622,
167656,
168001,
168432,
168605,
168950,
169122,
169812,
169984,
170329,
170587,
170846,
171277,
171536,
171708,
171881,
175846,
176277,
176967,
177656,
178001,
179812,
179984,
180243,
180587,
180760,
181105,
181450,
181622,
184208,
186277,
188691,
190070,
192656,
204467,
204639,
208001,
208691,
211450,
212656,
217829,
219208,
222139,
222656,
224553,
229725,
230760,
238346,

3 Column Hit Times:
6967,
7312,
7484,
7656,
8001,
8346,
8691,
9036,
9208,
9467,
9725,
10070,
10243,
10415,
10760,
11622,
12312,
12484,
12656,
12829,
13001,
13691,
13863,
14036,
16277,
24898,
27225,
27398,
27570,
27656,
28001,
28346,
28691,
29381,
30156,
30415,
30760,
31105,
31277,
31450,
31622,
31967,
32139,
32312,
32656,
33174,
33518,
33777,
34208,
34381,
34725,
34898,
35587,
35760,
36277,
36967,
37139,
37656,
37829,
38001,
38432,
38605,
39036,
39208,
39725,
40415,
41105,
41450,
41794,
42484,
44036,
44208,
44553,
45243,
45932,
46105,
46277,
46536,
46881,
47312,
47484,
48346,
48518,
49725,
50070,
50760,
51277,
51450,
51794,
52139,
52312,
52656,
52829,
53087,
54036,
54208,
54553,
54898,
55243,
55587,
55760,
56277,
56450,
56622,
56967,
57139,
57484,
57829,
58001,
58174,
58518,
58863,
60243,
60760,
61105,
61277,
61622,
61794,
62139,
62312,
62656,
63174,
63346,
63518,
63863,
64036,
65070,
65243,
65415,
65760,
65932,
66277,
66622,
66794,
67139,
67312,
68001,
68174,
68691,
68863,
69553,
70243,
70587,
71105,
75415,
76794,
76967,
77312,
82484,
82829,
83174,
83346,
84036,
84553,
84898,
85243,
85415,
86105,
86277,
86622,
86794,
87312,
87656,
88174,
88346,
89036,
89725,
93174,
93346,
93518,
93691,
93863,
94208,
94381,
94812,
95070,
95243,
95415,
96105,
97139,
97484,
97743,
97915,
98346,
99036,
99725,
99984,
100243,
100415,
100587,
100760,
100932,
101363,
101622,
102484,
103174,
103346,
103863,
104208,
104553,
105070,
105243,
105587,
105932,
106277,
106622,
106794,
107312,
108001,
108691,
109381,
109553,
109898,
109984,
110760,
111105,
111277,
111536,
111708,
111967,
112484,
112829,
113346,
113518,
113691,
113863,
114725,
114898,
115070,
115501,
115760,
116277,
116794,
117312,
118174,
118518,
119294,
119553,
119898,
120070,
120243,
120415,
120760,
121277,
121450,
121794,
121967,
122829,
123174,
123691,
124036,
124381,
124725,
125070,
125587,
125760,
125932,
126105,
126277,
127312,
127484,
127829,
128001,
128346,
128863,
129208,
129553,
130070,
130243,
130760,
131105,
131277,
131622,
131967,
132656,
132829,
133174,
133518,
133863,
134208,
134381,
134553,
134898,
135070,
135415,
135587,
135760,
136450,
136794,
136967,
137312,
137484,
137829,
138346,
138518,
139036,
139208,
139553,
140070,
140243,
140932,
141277,
141622,
142139,
142312,
142656,
143346,
143691,
144381,
144898,
150070,
150415,
150760,
151105,
152139,
152484,
152743,
153001,
153863,
154208,
155243,
155415,
155587,
156622,
156967,
158001,
158346,
158518,
159725,
160070,
163691,
163863,
164812,
165070,
165415,
166277,
168001,
172225,
172484,
172829,
173001,
173346,
173691,
174208,
174381,
174725,
174898,
175070,
175932,
176105,
176967,
180760,
181277,
181622,
181794,
181967,
182484,
183087,
183260,
183432,
189725,
190932,
192656,
194036,
194208,
194553,
194725,
195070,
195415,
197484,
197829,
199036,
199208,
199725,
199898,
200070,
200415,
201105,
201277,
201794,
202139,
202312,
202656,
202829,
204036,
205587,
205932,
207656,
208001,
208518,
208691,
208950,
209898,
210070,
210932,
211450,
212139,
212312,
212484,
213691,
214381,
214725,
216105,
216363,
216536,
216794,
217656,
217829,
218174,
218518,
219553,
219898,
220932,
221105,
221622,
221794,
222656,
223863,
224036,
225415,
226105,
226450,
226967,
227225,
227398,
227570,
233001,
233174,
233691,
234208,
234898,
235243,
235415,
235760,
235932,
236622,
236967,
237484,
237829,
238346,
238518,
238691,
238863,
239208,
239725,
240415,
240932,
241191,
241450,
242139,
242312,
242484,
243001,
243346,
243518,
244036,
244208,
244381,
244553,
244725,
245415,
245587,
245760,

3 Column Long Note Times:
1967,
2139,
2312,
3001,
3174,
3863,
4036,
4725,
4898,
5070,
5760,
5932,
11277,
17829,
18691,
20587,
22656,
23691,
25243,
25932,
29725,
35243,
39898,
40587,
41967,
43001,
44725,
45415,
49036,
53346,
59208,
64381,
71794,
74553,
77829,
78001,
78174,
78863,
79036,
79725,
79898,
80587,
80760,
80932,
81622,
81794,
83691,
85760,
89208,
90243,
91277,
96450,
96794,
102829,
107484,
108174,
108863,
117656,
118863,
122139,
126450,
147656,
148174,
148863,
151622,
153346,
154725,
157139,
158863,
160243,
160932,
161105,
161277,
161967,
163001,
164208,
165760,
166622,
167656,
168174,
168691,
168863,
169381,
169553,
169898,
170070,
170415,
170587,
170760,
170932,
171536,
171708,
171967,
175243,
175415,
176277,
176450,
177312,
178174,
179812,
179984,
180243,
180415,
180932,
181105,
181450,
184208,
187312,
187484,
188691,
190070,
191450,
195587,
197139,
198346,
204381,
204553,
206105,
206794,
208174,
209208,
210415,
211622,
213001,
213346,
215070,
217139,
219208,
220243,
222139,
223001,
224553,
230760,
231277,
246105,

3 Column Release Times:
2096,
2268,
2441,
3131,
3303,
3993,
4165,
4855,
5027,
5200,
5889,
6062,
11450,
18174,
19208,
20932,
22829,
24036,
25415,
27139,
29898,
35415,
40243,
40760,
42312,
43863,
44898,
45760,
49381,
53691,
60070,
64725,
73863,
74898,
77958,
78131,
78303,
78993,
79165,
79855,
80027,
80717,
80889,
81062,
81751,
81924,
83863,
85932,
89381,
90415,
91622,
96622,
96967,
103001,
107829,
108346,
109036,
117829,
119036,
122484,
126794,
148001,
148518,
149725,
151794,
153518,
154898,
157312,
159036,
160415,
161018,
161191,
161450,
162484,
163518,
164725,
165932,
166794,
167829,
168346,
168777,
168950,
169467,
169639,
169984,
170156,
170501,
170674,
170846,
171277,
171622,
171794,
172053,
175329,
175760,
176363,
176794,
177484,
179381,
179898,
180070,
180329,
180501,
181018,
181191,
181536,
184898,
187398,
188174,
189036,
190415,
192139,
196622,
197312,
198863,
204467,
204639,
206450,
207484,
208346,
209553,
210760,
211967,
213174,
213518,
215932,
217484,
219381,
220587,
222484,
223346,
224898,
230932,
231622,
251105,

4 Column Hit Times:
7312,
8001,
9381,
9553,
9725,
10070,
10329,
10760,
11105,
11450,
11967,
12139,
12484,
13174,
13346,
13863,
14036,
14208,
16277,
21794,
24725,
24898,
25415,
25760,
25932,
26967,
27139,
27312,
27484,
27656,
28001,
28174,
28346,
28518,
29898,
30156,
30415,
30760,
31018,
31450,
32656,
32829,
33001,
33174,
33346,
33777,
34036,
34208,
34898,
35415,
35674,
36450,
36794,
36967,
37484,
37656,
38087,
38260,
38691,
39036,
39553,
39725,
40760,
42484,
42656,
43001,
43346,
43691,
43863,
44208,
45415,
45932,
46622,
46794,
46967,
47139,
47656,
47829,
48001,
48174,
48346,
48691,
48863,
49725,
50070,
50243,
50587,
50932,
51450,
52139,
52484,
53001,
53174,
53691,
54036,
54381,
54898,
55070,
55587,
55932,
56277,
56794,
56967,
57656,
57829,
59036,
59208,
59725,
60070,
60243,
60501,
60674,
61105,
61794,
62312,
62484,
63001,
63518,
63691,
64208,
64725,
65070,
65587,
66105,
66277,
66622,
66794,
67312,
67484,
68001,
68518,
68691,
69036,
69208,
69553,
70760,
71277,
71450,
71622,
71794,
74553,
74725,
83432,
83863,
84208,
84553,
84898,
85070,
85243,
85587,
85932,
86105,
86622,
87312,
87484,
88001,
88260,
88518,
88691,
88863,
92484,
92656,
92829,
93001,
93174,
93346,
93518,
93691,
93863,
94036,
94553,
94725,
94898,
95243,
95587,
95932,
96277,
96967,
97484,
97656,
98001,
98518,
98863,
100415,
100760,
101105,
101363,
101794,
103001,
103260,
104036,
104381,
104553,
104725,
105243,
105415,
105760,
106105,
106277,
106622,
106881,
107139,
107312,
107829,
108346,
108691,
109898,
109984,
110243,
110587,
110932,
111277,
111450,
111794,
112139,
113001,
113518,
114208,
114381,
114553,
115070,
115415,
115587,
115760,
116967,
117312,
117656,
118518,
119381,
119725,
120070,
120587,
120932,
121105,
121450,
121622,
122829,
123174,
123346,
123863,
124208,
124553,
124725,
125243,
125415,
126794,
127139,
127312,
127656,
128001,
128174,
128691,
129036,
129381,
129553,
129898,
130070,
130415,
130760,
130932,
131105,
131277,
132139,
132312,
132829,
133174,
133346,
133863,
134208,
134725,
134898,
135587,
136105,
136277,
136622,
136794,
137139,
137312,
137829,
138174,
138518,
138863,
139036,
139381,
139725,
139898,
140415,
140587,
141105,
141277,
141794,
141967,
142139,
142312,
143863,
144208,
144467,
144639,
144812,
148001,
148174,
149898,
150070,
150415,
150760,
151794,
152139,
153174,
154208,
154553,
155587,
155932,
156277,
156622,
157656,
158001,
158691,
159036,
160070,
160415,
161450,
161622,
161794,
161967,
162139,
162484,
162656,
162829,
163001,
163174,
164208,
164381,
164553,
164725,
164898,
165070,
165415,
165932,
166622,
172139,
172312,
173346,
173518,
174036,
174208,
174898,
175070,
175587,
175846,
176105,
176277,
177656,
178346,
179036,
180932,
181105,
181450,
181794,
188691,
190070,
191450,
192656,
192829,
193863,
195587,
196105,
196450,
197312,
198174,
198346,
199381,
199898,
200415,
200760,
200932,
201622,
201794,
202484,
202656,
202829,
203001,
203174,
203346,
203518,
203691,
203863,
204036,
207139,
207312,
208346,
208863,
209036,
209553,
209898,
210243,
211794,
212139,
212656,
213518,
213863,
214036,
215070,
215587,
215932,
216105,
216277,
216450,
216622,
217656,
218174,
218346,
219898,
220070,
220587,
220932,
221967,
222139,
222484,
223174,
224381,
224553,
224898,
225070,
225415,
226622,
226967,
227225,
227398,
227570,
227656,
230070,
230415,
230587,
233087,
233518,
234208,
234381,
234725,
235070,
235587,
235932,
236277,
236794,
236967,
237656,
238346,
238518,
238691,
239553,
239725,
240243,
240587,
241105,
241277,
241450,
241794,
242312,
242484,
242829,
243174,
243691,
243863,
244208,
244898,
245070,
245587,
245760,
245932,

4 Column Long Note Times:
6277,
6622,
8518,
14381,
16622,
17312,
18174,
19898,
20932,
22139,
28863,
29208,
32139,
35932,
40415,
41450,
44898,
49036,
58518,
69898,
75070,
75760,
77312,
81967,
82139,
82484,
83001,
90932,
91622,
99036,
101967,
102312,
103518,
108001,
109036,
112484,
116105,
118001,
119036,
122139,
126105,
131622,
143001,
147312,
151277,
152656,
153691,
155070,
156794,
158174,
159208,
160587,
161105,
161277,
163518,
165587,
166105,
166967,
168001,
168518,
169036,
169208,
169553,
169725,
170243,
170587,
170932,
171450,
171794,
172484,
177139,
178001,
179467,
179639,
180329,
180760,
181277,
181622,
181967,
184898,
189036,
190415,
196967,
204553,
205587,
206450,
208001,
210760,
211450,
212829,
214381,
216967,
218863,
219381,
221450,
222656,
223346,
225760,
230932,
231622,
238001,
246105,

4 Column Release Times:
6579,
6967,
8691,
16234,
17139,
17656,
18518,
20070,
21105,
24553,
29036,
29381,
32312,
36277,
40587,
41794,
45243,
49381,
58863,
70243,
75415,
76622,
79898,
82096,
82312,
82829,
83174,
91277,
91794,
100070,
102139,
102484,
103863,
108174,
109381,
112829,
116622,
118346,
119208,
122484,
126450,
131967,
143346,
147656,
151450,
152829,
153863,
155243,
156967,
158346,
159381,
160760,
161191,
161363,
163863,
165760,
166277,
167656,
168174,
168605,
169122,
169294,
169639,
169812,
170329,
170674,
171277,
171536,
171881,
173001,
177312,
178174,
179553,
179725,
180415,
180846,
181363,
181708,
183518,
185587,
189725,
191105,
197139,
204639,
205932,
206794,
208174,
211105,
211622,
213001,
214725,
217139,
219036,
219725,
221794,
223001,
223863,
226105,
231277,
232484,
238174,
251105,

