Artist : hololive
Song Name : hololive song pack
Difficulty : 0
BPM : 142
Background Image : charts\hololive-hololive song pack\Turing Love - Minato Aqua & Nekomata Okayu.png
Audio : charts\hololive-hololive song pack\Turing Love - Minato Aqua & Nekomata Okayu.ogg

1 Column Hit Times:
1045,
1890,
5270,
5481,
7383,
7805,
8228,
8650,
9284,
10340,
10763,
11608,
13509,
14354,
14988,
15411,
16045,
16890,
17523,
17946,
18369,
20481,
21749,
22805,
23122,
23545,
25023,
25446,
26608,
27136,
27559,
28087,
28509,
28932,
29988,
30411,
30833,
31467,
31995,
32629,
34002,
34108,
38439,
39073,
39707,
40129,
40763,
41185,
41608,
42453,
44143,
45200,
46467,
48369,
48791,
49214,
49636,
50692,
50904,
51326,
53439,
53861,
54178,
55552,
56185,
56819,
57664,
59671,
60200,
60622,
61045,
63369,
64636,
65270,
65692,
66115,
66538,
67383,
68650,
69495,
70763,
71397,
72453,
72876,
73192,
73721,
74354,
74988,
76045,
76573,
77418,
77735,
78580,
79108,
79425,
80270,
81115,
81960,
82488,
83016,
83650,
84178,
85340,
85869,
86185,
87030,
87664,
88509,
90411,
91256,
91573,
92312,
92418,
92735,
92840,
93157,
94847,
95059,
95481,
96115,
96749,
97171,
97488,
97911,
98545,
98967,
99495,
99918,
100129,
100657,
101080,
101714,
102242,
102876,
103298,
103721,
104566,
105411,
106256,
106995,
107418,
107946,
108369,
109953,
111115,
112594,
112911,
113333,
113756,
114178,
115657,
115869,
116185,
116714,
117347,
117559,
117981,
119143,
119460,
119777,
120305,
120622,
121150,
121573,
122946,
123580,
124214,
124636,
125270,
125904,
126115,
126960,
127277,
127805,
128439,
129284,
130340,
131502,
131819,
133298,
133721,
135833,
135939,
136256,
139636,
141379,
143439,
144284,
148298,
148509,
148721,
149460,
149671,
150200,
150622,
151150,
151678,
151995,
152312,
152735,
154636,
155692,
155904,
156749,
156960,
157171,
157383,
157594,
158016,
158439,
158650,
158861,
159073,
159284,
159918,
160552,
161608,
162453,
162664,
163721,
164143,
164566,
164988,
165411,
165833,
166150,
167946,
168157,
169847,
170059,
170270,
170692,
170904,
171115,
171749,
171960,
172383,
172594,
172805,
173439,
174073,
174601,
175129,
175446,
175974,
177136,
177453,
178509,
178932,
179354,
179777,
180200,
180516,
181626,
181890,
182101,
182418,
182946,
183369,
183897,
184425,
184742,
185270,
185692,
186115,
186538,
187594,
188439,
188861,
189495,
189918,
190340,
190974,
192030,
192559,
192876,
193298,
193721,
194038,
194566,
195411,
195833,
196256,
196678,
197418,
197946,
198263,
198791,
199214,
199636,
199847,
201115,
202383,
203016,
204284,
204707,
206502,
207030,
207453,
207559,
207876,
209566,
213580,
214002,
215692,
216326,

1 Column Long Note Times:
6115,
12030,
18791,
19636,
20904,
24178,
25869,
33369,
34847,
47101,
50059,
51749,
54707,
58509,
61890,
64002,
67805,
75411,
76890,
77946,
79636,
80481,
84707,
86397,
91890,
94002,
109214,
121890,
132453,
134777,
144707,
146925,
147876,
153157,
162876,
166678,
171326,
173016,
176608,
177664,
181045,
183580,
186960,
187805,
191185,
200481,
201326,
201960,
205552,
208087,
208932,
210200,
210833,
211256,
212312,
216960,

1 Column Release Times:
6960,
12347,
19108,
20059,
21326,
24390,
26185,
33580,
38228,
47523,
50481,
52171,
55129,
59354,
62312,
64425,
68228,
75622,
77101,
78157,
79847,
80692,
84918,
86608,
92101,
94425,
109425,
122312,
132876,
134988,
146397,
147242,
148087,
153580,
163298,
167101,
171538,
173228,
176819,
177876,
181256,
183791,
187171,
188016,
191397,
200692,
201538,
202171,
205869,
208404,
209249,
210411,
211045,
211467,
212629,
217171,

2 Column Hit Times:
2735,
3580,
4425,
4636,
6749,
7171,
7594,
8122,
8545,
10446,
11397,
11819,
13932,
14566,
14883,
15305,
17207,
18157,
18580,
19636,
20587,
20904,
22066,
22488,
23333,
24812,
25235,
25763,
26185,
26397,
27242,
27664,
29143,
29566,
29777,
30200,
30728,
32312,
33580,
34425,
34530,
34847,
35481,
35904,
36538,
37171,
38016,
38545,
39390,
40235,
40974,
41608,
43298,
45200,
45411,
46150,
46467,
48369,
48791,
50059,
50481,
51749,
53228,
54495,
54918,
55235,
55763,
55869,
56185,
56608,
57030,
57136,
57347,
57664,
58087,
58826,
59354,
59988,
60833,
61045,
61256,
61890,
63263,
63791,
64214,
64425,
65692,
67700,
67911,
68228,
68439,
68861,
68967,
69178,
69495,
69918,
70446,
70974,
71080,
71397,
71819,
72242,
72453,
72664,
73615,
74038,
75411,
75728,
76045,
76890,
78263,
78580,
79636,
79953,
80270,
80798,
82488,
82805,
84178,
85023,
85552,
85869,
86185,
86714,
87030,
87453,
87876,
88087,
88509,
89249,
89671,
90094,
90411,
90939,
91256,
91467,
91678,
92101,
92523,
92946,
93157,
93474,
94847,
95059,
95270,
95692,
96115,
96538,
96960,
97700,
98122,
98333,
98756,
99073,
99495,
100129,
100552,
100869,
101291,
101502,
101925,
102242,
102559,
102981,
103298,
104143,
104460,
104988,
105833,
106045,
106467,
106784,
107207,
107523,
107735,
108157,
108369,
109002,
109530,
109953,
110270,
110692,
111326,
111538,
111749,
112383,
112700,
113122,
113545,
113967,
114601,
115340,
115446,
115657,
115869,
116502,
116925,
117136,
117664,
118087,
118298,
118509,
119143,
119566,
119777,
120094,
120411,
120622,
120939,
121361,
121784,
126326,
126749,
127171,
127805,
128122,
128545,
128861,
129495,
130340,
130763,
131185,
132030,
133087,
133298,
133721,
134038,
135411,
135516,
136282,
137972,
141353,
143016,
143439,
143861,
144707,
145552,
145974,
148087,
148298,
148509,
148932,
149460,
149671,
150200,
151256,
151678,
151890,
152312,
152523,
152840,
153157,
154425,
155270,
155481,
155692,
156115,
156326,
156643,
156960,
157277,
157594,
157805,
158333,
158650,
158967,
159284,
159918,
160869,
161608,
162030,
162242,
163298,
163721,
164777,
165200,
165411,
165728,
166045,
166256,
166467,
166678,
168052,
168369,
168580,
168791,
169002,
169425,
169636,
170059,
170376,
170587,
170904,
171221,
171749,
172066,
172277,
172594,
172911,
173439,
173650,
174178,
174390,
175023,
175446,
175974,
176819,
177136,
177664,
177981,
178509,
178932,
179249,
179566,
179988,
180200,
181361,
181995,
182207,
182523,
182735,
183157,
183580,
184742,
185270,
185692,
186009,
186326,
186749,
186960,
188122,
188861,
189284,
189707,
189918,
191185,
191502,
192242,
192453,
192664,
193087,
193509,
194038,
194883,
195200,
195516,
195728,
196150,
196467,
196890,
197418,
198263,
198580,
198897,
199108,
199530,
200059,
200270,
200798,
201643,
201960,
202383,
202594,
203439,
203861,
204495,
204601,
206608,
207030,
207242,
207664,
209777,
209988,
213263,
216009,
216749,

2 Column Long Note Times:
8967,
9812,
12876,
15728,
16573,
23756,
47312,
49214,
50904,
52171,
53861,
62312,
64847,
66115,
66960,
74566,
76256,
77101,
77735,
78791,
81326,
81960,
83016,
83650,
84495,
94002,
122735,
134566,
146608,
147559,
149143,
150622,
153580,
158016,
159495,
164143,
167101,
176397,
180833,
184214,
187594,
188439,
190340,
191819,
194566,
197101,
197735,
201115,
205023,
206185,
208721,
209249,
212101,
212946,
214002,

2 Column Release Times:
9284,
10129,
13192,
16045,
16890,
23967,
47523,
49636,
51326,
52594,
54284,
62735,
65270,
66538,
67383,
74988,
76467,
77312,
77946,
79002,
81538,
82171,
83228,
83861,
84707,
94425,
126115,
134988,
146925,
147876,
149354,
151045,
154002,
158228,
159707,
164566,
167523,
176608,
181045,
184425,
187805,
188650,
190552,
192030,
194777,
197312,
197946,
201326,
205340,
206397,
208932,
209566,
212312,
213157,
215692,

3 Column Hit Times:
2312,
4002,
5692,
5904,
6432,
7066,
8016,
8439,
10552,
11185,
11502,
11925,
13826,
14777,
15200,
17312,
18263,
18685,
20059,
20692,
21538,
22911,
23228,
23650,
24495,
24918,
25340,
25657,
26714,
27347,
28298,
29038,
29460,
29883,
30305,
30622,
31256,
31678,
32523,
33157,
34214,
34319,
35164,
36009,
36854,
37594,
38228,
38861,
39284,
39918,
40552,
41397,
42876,
44566,
45200,
45411,
45833,
46150,
47523,
48369,
49742,
50270,
50798,
52171,
54073,
54284,
54707,
55340,
55446,
55657,
55974,
56397,
56925,
57453,
57559,
57876,
58298,
58615,
59143,
59460,
60200,
60622,
61256,
61467,
61890,
62312,
63580,
64002,
65270,
66960,
68122,
68756,
69284,
69390,
69707,
70129,
70552,
70657,
70869,
71185,
71608,
72030,
72242,
72664,
72981,
73509,
73826,
74354,
74566,
74988,
75411,
76256,
76573,
77101,
77735,
78263,
78791,
79108,
80798,
81115,
81326,
81643,
81960,
83333,
83650,
84495,
84707,
86714,
87453,
87876,
88087,
88509,
89143,
89566,
89777,
90094,
90622,
90939,
91573,
92629,
93052,
93474,
93791,
94953,
95481,
96326,
96960,
97594,
97805,
98228,
98650,
98861,
99073,
99918,
100129,
100446,
100763,
100974,
101397,
101819,
102030,
102453,
103404,
103826,
104354,
104777,
105939,
106361,
106678,
106890,
107312,
107629,
108052,
108474,
108791,
109636,
110270,
110692,
111221,
111960,
112066,
112594,
113016,
113439,
113861,
114707,
114918,
115129,
115552,
115763,
115974,
116608,
116819,
117030,
117876,
118721,
118826,
119354,
119671,
119988,
120200,
120516,
120833,
121045,
121256,
121678,
122735,
123052,
123580,
123897,
124425,
124742,
125270,
125692,
130129,
131502,
131819,
132453,
133087,
133298,
134038,
134354,
135622,
135728,
136309,
137946,
139663,
143016,
143861,
144284,
144707,
145129,
145974,
148087,
148509,
148721,
149354,
149566,
149777,
151045,
151467,
151890,
152101,
152418,
152735,
152946,
153157,
153580,
155059,
155270,
155481,
155904,
156115,
156538,
156854,
157066,
157383,
158228,
158545,
158756,
159073,
159495,
160235,
160763,
161080,
161608,
162453,
162664,
164566,
164988,
165305,
165516,
165833,
166361,
166678,
167101,
168369,
168580,
168791,
169214,
169636,
169847,
170164,
170481,
170798,
171009,
171326,
171854,
172171,
172488,
172700,
173016,
173439,
173650,
173861,
174284,
174918,
175235,
175763,
177664,
178298,
178615,
178826,
179143,
179354,
179777,
181045,
181361,
181890,
182312,
182629,
182946,
183369,
183897,
184214,
185059,
185376,
185587,
185904,
186115,
186538,
186960,
187277,
187805,
188122,
188861,
189073,
189495,
189707,
190340,
190657,
191502,
191819,
192136,
192347,
192770,
193087,
193509,
194354,
194566,
194883,
195622,
195833,
196045,
196467,
196890,
197101,
197735,
199002,
199214,
199425,
200059,
200270,
200481,
200798,
201326,
201643,
202171,
202383,
202594,
202805,
203439,
204073,
204178,
206397,
206819,
207453,
208087,
208932,
213791,
214847,
215059,
215270,
215481,
215692,
216326,
216643,

3 Column Long Note Times:
9495,
12347,
13192,
16256,
19108,
46890,
48791,
51326,
52594,
53439,
62735,
64425,
65692,
67383,
79425,
80270,
82171,
82805,
83861,
85340,
86185,
92101,
94425,
95692,
126115,
134988,
146925,
148932,
150200,
154002,
157805,
159707,
162876,
163721,
167523,
175974,
176819,
180200,
184425,
190974,
193721,
195200,
197946,
198580,
205340,
205869,
209566,
210622,
211045,
211467,
212629,

3 Column Release Times:
9812,
12664,
13509,
16573,
19425,
47101,
49214,
51749,
53016,
53861,
63157,
64847,
66115,
67805,
79636,
80481,
82383,
83016,
84073,
85552,
86397,
92312,
94847,
96115,
129495,
135411,
147242,
149143,
150622,
154425,
158016,
159918,
163298,
164143,
167946,
176397,
177030,
180411,
184636,
191185,
193932,
195411,
198157,
198791,
205552,
206185,
209777,
210833,
211256,
211784,
212946,

4 Column Hit Times:
1467,
3157,
4847,
5059,
6115,
6960,
7805,
8228,
10129,
10974,
11608,
12030,
12664,
13721,
14143,
14988,
17101,
17735,
18369,
18791,
19425,
21326,
21854,
22277,
23016,
23439,
24707,
25129,
25552,
26291,
27030,
27453,
28087,
28721,
29249,
29671,
30094,
30516,
31256,
31784,
32207,
33791,
34636,
34742,
35059,
35692,
36326,
36749,
37383,
37805,
42030,
43721,
45411,
45833,
47523,
49847,
51115,
51749,
52171,
52594,
53016,
53650,
53967,
55129,
55974,
57242,
57876,
58509,
60833,
61467,
61890,
62312,
62735,
63157,
64319,
64847,
66749,
67171,
67594,
67805,
68016,
69073,
69707,
70340,
71185,
72030,
72876,
73509,
74038,
74566,
75728,
76890,
77418,
77946,
79425,
79953,
80481,
81643,
82171,
82805,
83333,
83861,
84495,
85023,
85340,
86397,
87664,
88087,
88932,
89038,
89354,
89460,
89777,
90622,
91467,
91678,
91890,
93791,
94953,
95270,
96538,
97383,
98016,
98439,
99073,
99495,
99918,
100340,
101185,
101608,
102030,
102664,
103087,
103509,
103932,
104671,
105200,
106150,
106573,
107101,
107840,
108263,
108580,
110270,
110692,
112594,
112805,
113228,
113650,
114073,
114495,
115552,
115763,
116397,
117242,
117453,
119354,
119883,
120200,
120728,
121045,
121467,
122735,
123369,
123791,
124425,
125059,
125481,
126115,
126432,
126960,
127594,
128016,
128650,
129073,
129495,
130129,
130763,
131185,
133087,
134354,
136045,
136150,
137920,
139689,
141326,
145129,
145552,
148087,
148298,
148721,
148932,
149354,
149566,
151467,
151784,
152207,
152629,
153052,
153580,
154002,
154425,
154847,
155059,
155270,
155481,
156326,
156538,
156749,
157171,
157383,
157594,
158228,
158439,
158861,
159073,
159284,
159707,
160023,
160763,
161397,
162030,
162242,
164671,
165200,
165622,
165939,
166256,
166573,
167101,
167523,
167946,
168369,
168580,
169214,
169425,
170270,
170481,
170692,
171115,
171326,
171960,
172171,
172383,
172805,
173016,
173861,
174284,
175129,
175763,
176819,
177981,
178721,
179038,
179566,
179988,
180516,
180833,
181045,
182312,
182735,
183157,
183580,
184425,
185481,
185798,
186326,
186749,
187277,
187805,
189073,
189284,
190657,
191185,
192030,
192453,
192876,
193298,
193721,
195411,
195939,
196256,
196678,
197101,
197946,
198791,
199319,
199636,
199847,
200481,
201326,
202171,
203016,
203861,
204284,
205552,
206397,
206819,
207242,
207876,
207981,
209249,
209883,
213157,
213369,
214002,
214425,
214636,
214847,
215059,
215270,
215481,
215692,
216009,
216538,

4 Column Long Note Times:
8650,
15411,
20059,
23967,
32946,
38228,
46678,
48369,
50481,
54284,
59354,
63580,
65270,
68228,
74988,
76045,
78580,
81115,
85552,
87030,
94425,
95692,
109214,
121890,
132030,
135200,
143016,
146608,
147242,
149777,
163298,
171538,
173228,
177453,
178298,
181626,
185059,
194354,
204707,
208404,
210411,
211784,
217171,

4 Column Release Times:
8967,
15728,
20481,
24178,
33157,
41608,
47101,
48791,
50904,
54707,
60200,
64002,
65692,
68650,
75411,
76256,
78791,
81326,
85763,
87242,
94847,
96115,
109425,
122312,
132453,
135411,
144707,
146925,
147559,
150200,
163721,
171749,
173439,
177664,
178509,
181890,
185270,
194566,
205023,
208721,
210622,
212101,
217383,

