Artist : hololive
Song Name : hololive song pack
Difficulty : 0
BPM : 142
Background Image : charts\hololive-hololive song pack\Turing Love - Minato Aqua & Nekomata Okayu.png
Audio : charts\hololive-hololive song pack\Turing Love - Minato Aqua & Nekomata Okayu.ogg

1 Column Hit Times:
1890,
3580,
5270,
5481,
6115,
6960,
7383,
7805,
8228,
8650,
9284,
10340,
10552,
11185,
11608,
12664,
13192,
13509,
14354,
14566,
14777,
15200,
16045,
16890,
17312,
17946,
18369,
20481,
20692,
21749,
22805,
23122,
23545,
23861,
24390,
24601,
25023,
25446,
26291,
26608,
26819,
27453,
27664,
27876,
28087,
28509,
28932,
29777,
29988,
30305,
30728,
31150,
31890,
32312,
32629,
34002,
34108,
34425,
38439,
39073,
39707,
40129,
40763,
41185,
41608,
42242,
42453,
43298,
43615,
44143,
45200,
45833,
46467,
48369,
48791,
49214,
49636,
50692,
50904,
51432,
53016,
53228,
53439,
53861,
54178,
54707,
55129,
55552,
55974,
56185,
56819,
57030,
57453,
57664,
57876,
58087,
58298,
59460,
59671,
60200,
60622,
63157,
63369,
63791,
64636,
64847,
65270,
65692,
66115,
66538,
66960,
67383,
67594,
68650,
69073,
69495,
69707,
69918,
70129,
70340,
70552,
70974,
71185,
71397,
72030,
72453,
72876,
73192,
73721,
74038,
74354,
74566,
74988,
76045,
76256,
76573,
77418,
77735,
77946,
78369,
78791,
80270,
80481,
80904,
82171,
82488,
82805,
83016,
83861,
84284,
84707,
85129,
86185,
87030,
87453,
87876,
88087,
88509,
88932,
89143,
89354,
89566,
89777,
90411,
90622,
90939,
91256,
91467,
91678,
92312,
92418,
92735,
92840,
93157,
93474,
94847,
95059,
95481,
96115,
96749,
97383,
97805,
98228,
98650,
98967,
99495,
99918,
100129,
100340,
100763,
101185,
101608,
102030,
102242,
102664,
102876,
103298,
103721,
104566,
105411,
105833,
106045,
106256,
106467,
106995,
107418,
107735,
107946,
108369,
109953,
111115,
111749,
112594,
112911,
113122,
113439,
113756,
113967,
114284,
114707,
115340,
115657,
115869,
116291,
116714,
117030,
117453,
117981,
118721,
119143,
119460,
119777,
120094,
120305,
120622,
120939,
121150,
121573,
122735,
122946,
123580,
124214,
124425,
124636,
125270,
125904,
126115,
126960,
127277,
127805,
128439,
128650,
129073,
129495,
130340,
131185,
131502,
131819,
133298,
135411,
135516,
135833,
136256,
139636,
141379,
143016,
143439,
144178,
147559,
148298,
148509,
148721,
149143,
149460,
149671,
150200,
150622,
151150,
152101,
152312,
152840,
154530,
155692,
155904,
156538,
156749,
156960,
157171,
157383,
157594,
158016,
158228,
158439,
158650,
158861,
159073,
159284,
159918,
160235,
160552,
160869,
161608,
162453,
162664,
163721,
164143,
164566,
164988,
165411,
165833,
166150,
167946,
168157,
168791,
169214,
169425,
169636,
169847,
170059,
170270,
170481,
170692,
170904,
171115,
171326,
171538,
171749,
171960,
172171,
172383,
172594,
172805,
173439,
174073,
174390,
174601,
174918,
175129,
175446,
175974,
177453,
177664,
177981,
178721,
179143,
179354,
179777,
180200,
181678,
181890,
182312,
183580,
183897,
184214,
184425,
185270,
185692,
186115,
186538,
187594,
188439,
188861,
189284,
189495,
190974,
191185,
191502,
192453,
193087,
193509,
193721,
195200,
195411,
195833,
197101,
197418,
197735,
197946,
198791,
199214,
199636,
200059,
201115,
201960,
202383,
202594,
203016,
203439,
203861,
204284,
204707,
205340,
206185,
206397,
207030,
207242,
207453,
207876,
209566,
209777,
209988,
210411,
210833,
212101,
213157,
213369,
214002,
214425,
214636,
214847,
215059,
215270,
215481,
215692,
216432,

1 Column Long Note Times:
12030,
18791,
19636,
20904,
25869,
33369,
34847,
47101,
50059,
51749,
58509,
61045,
61890,
64002,
67805,
75411,
76890,
79108,
79636,
81326,
81749,
83333,
85552,
86397,
91890,
94002,
109214,
110270,
110692,
121890,
132453,
133721,
134777,
144707,
146608,
147876,
151467,
153157,
162876,
166678,
173016,
176608,
178298,
180516,
181045,
182735,
183157,
184742,
186960,
187805,
190340,
191819,
194038,
194566,
196256,
196678,
198263,
200481,
201326,
205552,
208087,
208932,
211045,
212312,
216009,
216643,

1 Column Release Times:
12347,
19108,
20059,
21326,
26185,
33791,
38228,
47523,
50481,
52171,
59354,
61678,
62312,
64425,
68228,
75622,
77101,
79319,
79847,
81538,
81960,
83545,
85763,
86608,
92101,
94425,
109425,
110481,
110904,
122312,
132876,
134566,
134988,
146397,
147242,
148087,
151890,
153580,
163298,
167101,
173228,
176819,
178509,
180728,
181256,
182946,
183369,
184953,
187171,
188016,
190552,
192030,
194249,
194777,
196467,
196890,
198474,
200692,
201538,
205869,
208404,
209249,
211467,
212629,
216326,
216749,

2 Column Hit Times:
1045,
2735,
5692,
5904,
6749,
7171,
7594,
7911,
8122,
8439,
9495,
10446,
10763,
11397,
11714,
11925,
12347,
13721,
13932,
14671,
14883,
15094,
15305,
16256,
17101,
17312,
17946,
18369,
18791,
19425,
19636,
20059,
20587,
20904,
21326,
22066,
22488,
23016,
23333,
23861,
24178,
24707,
25235,
25763,
26185,
26397,
27242,
27664,
27876,
28087,
29143,
29566,
29777,
30200,
30411,
30622,
30939,
31256,
31467,
31890,
32312,
32629,
34002,
34425,
34530,
34847,
35481,
35904,
36538,
37171,
37383,
38016,
38228,
38545,
39073,
39390,
39918,
40235,
40657,
40974,
41608,
42876,
43298,
43932,
44566,
45200,
45411,
45833,
46150,
46467,
47101,
48369,
48791,
49847,
50059,
50481,
51432,
51749,
53122,
53650,
54495,
54918,
55129,
55340,
55552,
55763,
55974,
56397,
56608,
56925,
57136,
57347,
57559,
57876,
58509,
58826,
59354,
59988,
60200,
60622,
60833,
61045,
61890,
63263,
63580,
64002,
64425,
64847,
65270,
65692,
66643,
67700,
67911,
68228,
68439,
68650,
68861,
69073,
69284,
69495,
70446,
70657,
70869,
71080,
71397,
71608,
71819,
72242,
72453,
72664,
73192,
73615,
73826,
74038,
75200,
75411,
76045,
76890,
77101,
77523,
77840,
79108,
79425,
79953,
80270,
80587,
81009,
81326,
81749,
82805,
84178,
84601,
86185,
86714,
87030,
87453,
87664,
88087,
88509,
88932,
89249,
89671,
90094,
90411,
90939,
91256,
91573,
91890,
92101,
92523,
92946,
93157,
93474,
93791,
94847,
95059,
95270,
95481,
95692,
96115,
96538,
96960,
97488,
97700,
98016,
98333,
98545,
98756,
99073,
99918,
100129,
100657,
100869,
101080,
101397,
101714,
101925,
102242,
102453,
102664,
102981,
103298,
103826,
104143,
104460,
104988,
106045,
106361,
106784,
107207,
107523,
107735,
108157,
108369,
109002,
109530,
109953,
110270,
110692,
111115,
111538,
111749,
112383,
112700,
113016,
113333,
113545,
113861,
114178,
114601,
114918,
115340,
115446,
115657,
115869,
115974,
116291,
116714,
117030,
117453,
117876,
118087,
118721,
118826,
119143,
119354,
119777,
119988,
120200,
120622,
120833,
121045,
121361,
121784,
126326,
126749,
126960,
127171,
127805,
128122,
128545,
128861,
129284,
129495,
130129,
130340,
130763,
131185,
131819,
132030,
132453,
133087,
133298,
133721,
135833,
135939,
136282,
137999,
141353,
143016,
143439,
143861,
144073,
144495,
144707,
145552,
145974,
146608,
148087,
148298,
148509,
148932,
149460,
149671,
149777,
150200,
151256,
151467,
151890,
152840,
153157,
154425,
154636,
155270,
155481,
155692,
156115,
156326,
156643,
156960,
157277,
157594,
157805,
158333,
158650,
158967,
159284,
159918,
160869,
161080,
161397,
161608,
162030,
162242,
163298,
163721,
164777,
165200,
165411,
165728,
166045,
166256,
166467,
166678,
168052,
168369,
168791,
169002,
169214,
169636,
169847,
170059,
170376,
170587,
170904,
171432,
171749,
172066,
172277,
172594,
173228,
173439,
173650,
174178,
174390,
175023,
175235,
175446,
175974,
176819,
177453,
178298,
178509,
178615,
178932,
179038,
180516,
180833,
181361,
181678,
181995,
182418,
182946,
183369,
184214,
185376,
185587,
185798,
186009,
187594,
188122,
188439,
188861,
189073,
189495,
189707,
190340,
190974,
191819,
192030,
192242,
192347,
192664,
192770,
194038,
194354,
194883,
195200,
195516,
195622,
195939,
196045,
196467,
196890,
197735,
199002,
199425,
201115,
201643,
201960,
202383,
202805,
203016,
203439,
203861,
203967,
204284,
204390,
204707,
205552,
206502,
206819,
207453,
207559,
207876,
207981,
208404,
209249,
209566,
209777,
209988,
210200,
210833,
211045,
211467,
213791,
214002,
214847,
215059,
215270,
215481,
216326,

2 Column Long Note Times:
8967,
9812,
12876,
15728,
16573,
33157,
47312,
49214,
50904,
52171,
53861,
61256,
62312,
66115,
66960,
74566,
75728,
76256,
78157,
78580,
79636,
82171,
83016,
83650,
84918,
85340,
85869,
86397,
94002,
122735,
134038,
134988,
146925,
147559,
149143,
150622,
152312,
153580,
158016,
159495,
164143,
167101,
176397,
177136,
177664,
179566,
179988,
181045,
183580,
184425,
185059,
186326,
186749,
187277,
187805,
190657,
191185,
193087,
193509,
194566,
197101,
197946,
198580,
199847,
200270,
200798,
201326,
205023,
206185,
208721,
211784,
212629,
215692,
216749,

2 Column Release Times:
9284,
10129,
13192,
16045,
16890,
33369,
47523,
49636,
51326,
52594,
54284,
61678,
62735,
66538,
67383,
74988,
75939,
76467,
78369,
78791,
79847,
82383,
83228,
83861,
85129,
85552,
86080,
86608,
94425,
126115,
134566,
135411,
147242,
147876,
149354,
151045,
152735,
154002,
158228,
159707,
164566,
167523,
176608,
177347,
177876,
179777,
180200,
181256,
183791,
184636,
185270,
186538,
186960,
187488,
188016,
190869,
191397,
193298,
193721,
194777,
197312,
198157,
198791,
200059,
200481,
201009,
201538,
205340,
206397,
208932,
212101,
212946,
216009,
216960,

3 Column Hit Times:
2312,
4002,
4847,
5059,
6432,
7066,
7383,
7805,
8016,
8333,
8545,
8967,
10129,
11291,
11502,
11819,
12876,
13826,
14566,
14988,
15411,
15728,
16890,
17207,
17523,
18052,
18263,
18474,
18685,
19636,
20059,
20481,
20692,
21115,
21538,
22911,
23228,
23439,
23650,
23967,
24284,
24495,
24707,
24918,
25340,
25657,
26185,
26608,
26819,
27136,
27559,
27770,
27981,
28298,
29038,
29460,
29883,
30200,
30622,
30833,
31045,
31361,
31678,
31995,
32523,
32735,
34214,
34636,
34742,
35164,
35692,
36009,
36538,
36854,
37277,
37594,
38228,
38861,
39284,
39918,
40552,
40763,
41397,
42242,
42453,
42876,
43615,
44566,
45200,
45411,
46150,
46467,
46678,
47523,
48369,
49742,
50270,
50481,
50798,
51326,
51749,
52171,
53228,
54073,
54284,
54707,
55023,
55235,
55446,
55657,
55869,
56185,
56397,
56608,
56819,
57030,
57242,
57453,
57664,
58615,
59143,
59354,
60200,
60622,
60833,
61256,
61890,
62312,
63369,
63580,
64002,
64214,
64953,
65270,
66538,
66749,
66960,
68122,
68756,
68967,
69178,
69390,
69707,
70340,
70552,
70763,
70974,
71185,
71608,
71819,
72030,
72242,
72664,
72981,
73509,
73721,
74354,
74566,
74988,
77312,
80692,
80798,
81115,
81221,
81538,
81960,
83333,
83650,
83967,
84073,
84390,
84495,
84918,
85340,
85552,
85869,
87453,
87664,
87876,
88509,
89143,
89566,
89777,
90094,
90622,
90939,
91467,
91678,
92629,
93052,
93474,
93791,
94953,
95270,
95481,
96221,
96749,
96960,
97594,
97911,
98122,
98439,
98861,
99073,
99495,
100129,
100552,
100974,
101291,
101502,
101819,
102453,
102664,
103404,
104143,
104354,
104777,
105939,
106467,
106678,
106890,
107312,
107629,
108157,
108474,
108791,
109530,
109636,
110270,
110692,
111221,
111538,
111960,
112066,
112594,
113016,
113439,
113861,
114284,
114495,
114918,
115129,
115552,
115763,
116397,
117030,
117453,
117876,
118298,
118509,
119354,
119566,
119777,
120200,
120411,
120622,
121045,
121256,
121678,
122735,
123052,
123580,
123897,
124425,
124742,
125270,
125692,
130129,
130340,
131502,
131819,
132030,
132453,
133087,
133298,
134038,
135622,
136045,
136150,
136309,
137972,
139663,
143016,
143861,
144284,
144707,
145129,
145763,
146608,
146925,
147242,
147876,
148087,
148509,
148721,
149354,
149566,
149777,
151045,
151256,
151678,
151890,
152207,
152523,
152735,
153580,
154636,
155059,
155270,
155481,
155904,
156115,
156538,
156854,
157066,
157383,
158228,
158545,
158756,
159073,
159495,
160023,
160235,
160552,
160763,
161608,
162453,
162664,
164566,
164988,
165305,
165516,
165833,
166361,
166678,
167101,
168157,
168369,
168580,
169002,
169319,
169742,
169953,
170164,
170481,
170798,
171009,
171326,
171854,
172171,
172488,
173016,
173439,
173650,
173861,
174284,
174918,
175235,
175763,
178826,
182312,
182735,
183157,
184742,
185059,
185481,
185904,
186326,
186749,
186960,
187277,
188861,
189284,
189707,
189918,
192136,
192559,
195833,
196256,
196678,
198263,
198580,
198897,
199108,
199319,
199530,
199847,
200270,
200481,
200798,
202594,
202805,
203016,
203439,
204073,
204178,
204495,
204601,
205023,
206397,
206608,
207030,
207242,
207347,
207664,
207770,
208087,
208932,
209249,
210411,
210622,
211256,
212629,
212946,
213263,
216221,

3 Column Long Note Times:
9495,
12347,
13192,
16256,
19108,
33580,
46890,
48791,
52594,
53439,
61467,
62735,
64425,
65692,
67383,
75411,
76256,
76573,
77946,
78369,
78791,
79425,
80270,
82171,
82805,
86185,
86714,
92101,
94425,
95692,
115974,
126115,
134354,
135200,
148932,
150200,
154002,
157805,
159707,
162876,
163721,
167523,
175974,
176819,
177664,
177981,
179354,
179777,
180200,
180833,
181678,
183580,
184214,
187594,
188122,
190340,
191185,
191502,
192876,
193298,
193721,
194354,
195200,
197101,
197735,
201115,
201643,
205340,
205869,
208404,
209566,
211467,
212101,
214002,
216538,
216960,

3 Column Release Times:
9812,
12664,
13509,
16573,
19425,
33791,
47101,
49214,
53016,
53861,
61678,
63157,
64847,
66115,
67805,
75622,
76467,
76784,
78157,
78580,
79002,
79636,
80481,
82383,
83016,
86397,
86925,
92312,
94847,
96115,
116185,
129495,
134566,
135411,
149143,
150622,
154425,
158016,
159918,
163298,
164143,
167946,
176397,
177030,
177876,
178192,
179566,
179988,
180411,
181045,
181890,
183791,
184425,
187805,
188333,
190552,
191397,
191714,
193087,
193509,
193932,
194566,
195411,
197312,
197946,
201326,
201854,
205552,
206185,
208721,
209777,
211784,
212312,
215692,
216643,
217171,

4 Column Hit Times:
1467,
3157,
4425,
4636,
6115,
6960,
7594,
7805,
8228,
9284,
9812,
10129,
10340,
10552,
10974,
11185,
11608,
12030,
12664,
13509,
13721,
13932,
14143,
14566,
14988,
16045,
16573,
17101,
17735,
18157,
18580,
19108,
19425,
20904,
21326,
21854,
22277,
23016,
23439,
23756,
24073,
24284,
25129,
25552,
26397,
26714,
27030,
27347,
27770,
28087,
28721,
29249,
29671,
30094,
30516,
31045,
31467,
31784,
32207,
33791,
34214,
34319,
34636,
34847,
35059,
35692,
36326,
36749,
37383,
37805,
43932,
44143,
45200,
45833,
47523,
49636,
49847,
50059,
51115,
51326,
51749,
52171,
52594,
53016,
53439,
53861,
55129,
55340,
55763,
55974,
56185,
56819,
57242,
57664,
57876,
58087,
58298,
58509,
60833,
61467,
61890,
62312,
62735,
63157,
64319,
64953,
66749,
67171,
67383,
67805,
68016,
68861,
69284,
69495,
69707,
69918,
70129,
70340,
70763,
71185,
71397,
72030,
72453,
72876,
73509,
74038,
74354,
74566,
75728,
76890,
77101,
77207,
77523,
77629,
78157,
78580,
79425,
79636,
80481,
80904,
83650,
83861,
84284,
86397,
87664,
87876,
88087,
88509,
88932,
89038,
89354,
89460,
89777,
90094,
90411,
90622,
91256,
91573,
91890,
92101,
92312,
92523,
92735,
92946,
93157,
93791,
94002,
94953,
95270,
96326,
96538,
97383,
97805,
98228,
98650,
99073,
99495,
99918,
100446,
100763,
101185,
101608,
102030,
102453,
102876,
103087,
103509,
103721,
103932,
104671,
105200,
106150,
106573,
106890,
107101,
107312,
107840,
108052,
108263,
108580,
109636,
110270,
110692,
111326,
111960,
112594,
112805,
113016,
113228,
113439,
113650,
113861,
114073,
114284,
114495,
115129,
115552,
115763,
116397,
118298,
118509,
119354,
119671,
119883,
120200,
120516,
120728,
121045,
121467,
122735,
123369,
123580,
123791,
124425,
125059,
125270,
125481,
125692,
126115,
126432,
126960,
127594,
127805,
128016,
128650,
129073,
129495,
130129,
130763,
131185,
133087,
134354,
135411,
135622,
135728,
136045,
137946,
139689,
141326,
145129,
145552,
145869,
146185,
146925,
148087,
148298,
148721,
148932,
149143,
149354,
149566,
151045,
151467,
152523,
152735,
153157,
153580,
154002,
154425,
154847,
155059,
155270,
155481,
156326,
156538,
156749,
156960,
157171,
157383,
157594,
158228,
158439,
158650,
158861,
159073,
159284,
159707,
160023,
160763,
161080,
161397,
162030,
162242,
162453,
162876,
164671,
165200,
165622,
165939,
166256,
166573,
167101,
167523,
167946,
168369,
168580,
169108,
169319,
169530,
169742,
169953,
170059,
170270,
170481,
170692,
170904,
171115,
171326,
171538,
171749,
171960,
172171,
172383,
172594,
172805,
173016,
173861,
174284,
174601,
175129,
175763,
177136,
178298,
178509,
178932,
179249,
179566,
179988,
180833,
181045,
181890,
182101,
182207,
182523,
182629,
185059,
185270,
185692,
187805,
189073,
189284,
189918,
190657,
191819,
192030,
192453,
192876,
193298,
194354,
194566,
195411,
195728,
196150,
198580,
198791,
199214,
201326,
202383,
202594,
202805,
203439,
203861,
204073,
204495,
205552,
205869,
206397,
206608,
206819,
207242,
207664,
208087,
208721,
208932,
209883,
210200,
211256,
211784,
212312,
213580,
214002,
215270,
215481,
216115,

4 Column Long Note Times:
8650,
15411,
20059,
32946,
38228,
42030,
46678,
48369,
50481,
54284,
59354,
63580,
65270,
68228,
74988,
76045,
78791,
79953,
81538,
81960,
82488,
83016,
84707,
85129,
85552,
87030,
94425,
95692,
109214,
115974,
117030,
117453,
121890,
132030,
134566,
143016,
147242,
149777,
151890,
163298,
173228,
176397,
176819,
177453,
180200,
181361,
182946,
183369,
183897,
184425,
186115,
186538,
186960,
188439,
190974,
193721,
194883,
196467,
196890,
197418,
197946,
199636,
200059,
200481,
201960,
204707,
209249,
210622,
212946,
215692,
216538,
217171,

4 Column Release Times:
8967,
15728,
20481,
33369,
41608,
42242,
47101,
48791,
50904,
54707,
60200,
64002,
65692,
68650,
75411,
76256,
79002,
80164,
81749,
82171,
82700,
83228,
84918,
85340,
85763,
87242,
94847,
96115,
109425,
116185,
117242,
117664,
122312,
132453,
134988,
144707,
147559,
150200,
152312,
163721,
173439,
176608,
177030,
177664,
180411,
181573,
183157,
183580,
184108,
184636,
186326,
186749,
187171,
188650,
191185,
193932,
195094,
196678,
197101,
197629,
198157,
199847,
200270,
200692,
202171,
205023,
209566,
211045,
213157,
216009,
216643,
217383,

