Artist : hololive
Song Name : hololive song pack
Difficulty : 0
BPM : 142
Background Image : charts\hololive-hololive song pack\Turing Love - Minato Aqua & Nekomata Okayu.png
Audio : charts\hololive-hololive song pack\Turing Love - Minato Aqua & Nekomata Okayu.ogg

1 Column Hit Times:
1890,
3580,
4425,
5270,
5904,
6960,
7805,
8228,
8650,
9284,
10340,
11185,
11608,
13509,
14143,
15411,
16045,
16890,
17523,
17946,
18369,
19636,
20481,
21115,
21749,
23016,
23861,
25552,
26397,
27242,
28087,
28509,
28932,
29988,
30411,
31467,
32207,
33369,
39073,
40340,
41185,
42453,
44143,
45200,
46467,
48791,
49214,
49636,
50692,
50904,
51326,
53122,
53439,
54812,
55552,
56185,
56819,
57664,
59671,
60200,
60622,
61045,
63369,
64636,
65164,
65692,
66115,
66538,
67383,
68016,
68439,
68650,
69495,
70763,
71397,
72453,
73192,
73509,
73826,
74354,
76045,
76890,
77418,
77735,
78580,
79108,
79425,
80270,
81115,
81960,
82488,
83016,
83650,
84178,
85340,
85869,
86185,
87030,
88087,
88509,
89777,
91678,
92312,
92735,
93157,
94847,
95059,
96115,
97805,
98439,
99918,
100129,
100657,
101819,
102453,
102876,
103298,
103721,
104566,
105411,
106045,
106678,
107523,
109953,
111115,
113333,
114073,
115446,
115869,
116397,
117030,
117453,
117876,
120094,
120833,
122946,
124214,
124636,
125270,
125904,
126326,
126960,
127277,
127805,
128439,
129284,
130340,
131819,
133298,
133721,
134777,
135411,
136256,
139636,
141326,
143439,
144284,
146925,
148298,
148721,
149143,
150200,
150622,
151150,
151678,
152312,
152735,
154636,
155270,
155692,
156115,
157171,
158861,
159284,
159918,
160869,
161608,
162453,
163721,
164143,
164566,
164988,
165411,
166256,
167946,
168157,
168791,
169425,
170270,
171115,
171749,
172171,
173650,
174073,
174390,
175129,
175446,
175974,
176608,
177136,
177453,
178509,
178932,
179354,
179777,
180200,
181361,
182101,
182523,
182946,
183369,
184742,
185270,
185692,
186115,
186538,
186960,
187277,
187594,
188122,
188439,
188861,
189918,
190974,
191502,
192030,
192453,
192876,
193298,
193721,
194038,
194566,
195728,
196150,
196467,
196890,
198791,
199108,
199636,
199847,
201326,
201643,
203016,
204284,
204707,
206502,
207030,
207453,
207664,
207876,
208087,
209777,
210622,
211467,
212101,
212629,
213157,
213369,
214002,
214425,
214636,
215692,
216326,

1 Column Long Note Times:
12030,
18791,
34002,
34847,
47101,
51749,
58509,
61890,
75411,
80481,
84707,
94002,
109214,
112594,
119354,
121890,
132453,
144707,
147876,
153157,
166678,
173016,
197946,
200481,
205552,
208932,
217171,

1 Column Release Times:
12347,
19108,
34214,
38228,
47523,
52171,
59354,
62312,
75728,
80798,
85023,
94425,
109425,
112805,
119566,
122312,
132876,
146397,
148087,
153580,
167101,
173228,
198263,
200798,
205869,
209249,
217383,

2 Column Hit Times:
1045,
2735,
5059,
6115,
7066,
7805,
8967,
9812,
10446,
10974,
13932,
14777,
15200,
16573,
17312,
17735,
19636,
20587,
21854,
22488,
23650,
24707,
25763,
26819,
27664,
29038,
29566,
30200,
30833,
31678,
32312,
33369,
33580,
34847,
36115,
37805,
38650,
39918,
41608,
42453,
43298,
44143,
45411,
46150,
46467,
47312,
48369,
48791,
50059,
50481,
51749,
53228,
53861,
54495,
54918,
55763,
56185,
56608,
57030,
57664,
58087,
58826,
59354,
59988,
60833,
61256,
61890,
63263,
63791,
64214,
64425,
65059,
65270,
65692,
67805,
68333,
68861,
69495,
69918,
70974,
71397,
71819,
72242,
72664,
73615,
75411,
79636,
80270,
82805,
84707,
85552,
86185,
86714,
87030,
87876,
88509,
90094,
91256,
91573,
92523,
92946,
94425,
95270,
95692,
96115,
96538,
96960,
97700,
98122,
98545,
99073,
99495,
100552,
100974,
101925,
102453,
102981,
104143,
104988,
105833,
107101,
107735,
108369,
109002,
109636,
110270,
110692,
111221,
112383,
113016,
114073,
114707,
114918,
115129,
115340,
115657,
116714,
117981,
119143,
119777,
120411,
123580,
124425,
125270,
126115,
126749,
128122,
128861,
129495,
130340,
132030,
133087,
134038,
135411,
136256,
137946,
141326,
143016,
143439,
143861,
144707,
145552,
145974,
146608,
148298,
148721,
148932,
149777,
150200,
151256,
151890,
152312,
152735,
153157,
154425,
155059,
155481,
156115,
156538,
156960,
157277,
157594,
158650,
158967,
159918,
160235,
160763,
162030,
162242,
162664,
163298,
163721,
165200,
165833,
166678,
168052,
168580,
169214,
169847,
170376,
170904,
171749,
172066,
172383,
172805,
173439,
173650,
174178,
175023,
175974,
177136,
177981,
178615,
179038,
179354,
179777,
180516,
181626,
182207,
182629,
182946,
183369,
183897,
184425,
185904,
186326,
186749,
187277,
188439,
189073,
191819,
192242,
192664,
193087,
193509,
194038,
194883,
195200,
195516,
195939,
196256,
196678,
197735,
198263,
198580,
199002,
199319,
200059,
200270,
201115,
201960,
202171,
202383,
202594,
203439,
204178,
204601,
205023,
206185,
206608,
207559,
207981,
208404,
209249,
209883,
210200,
210833,
211256,
211784,
212312,
212946,
213791,
214847,
215059,
215692,
216326,

2 Column Long Note Times:
12876,
34425,
49214,
52171,
62312,
66115,
74566,
76256,
77101,
77946,
78791,
81326,
115974,
134566,
147559,
150622,
153580,
158016,
159495,
164143,
167101,
181045,
187805,
190340,
191185,
197101,
216749,

2 Column Release Times:
13192,
34636,
49636,
52594,
62735,
66538,
74988,
76573,
77418,
78263,
79108,
81643,
116185,
134988,
147876,
151045,
154002,
158228,
159707,
164566,
167523,
181361,
188122,
190657,
191502,
197418,
216854,

3 Column Hit Times:
1467,
3157,
4636,
5481,
6432,
7171,
7594,
8016,
8439,
10552,
11397,
11819,
12347,
13192,
13826,
14354,
15728,
17207,
18157,
18580,
19108,
20059,
20692,
21538,
22277,
23228,
24073,
24918,
25340,
25974,
27242,
27664,
28298,
29143,
29777,
30622,
31256,
31784,
32629,
32946,
33157,
35270,
36960,
38228,
39495,
40763,
41608,
42242,
42876,
43615,
44566,
45200,
45833,
46150,
46890,
47523,
48369,
49742,
50270,
50798,
51538,
51749,
52171,
54073,
54284,
54707,
55340,
55974,
56397,
57453,
57876,
58298,
58615,
59143,
59460,
60200,
60622,
61467,
61890,
62312,
63580,
64002,
65270,
66643,
66960,
67488,
69284,
69707,
70129,
70552,
71185,
71608,
72981,
73721,
74988,
76256,
76573,
77101,
77735,
78263,
78791,
80798,
81115,
81326,
81960,
84495,
85340,
87664,
88087,
88509,
89143,
89566,
90411,
90939,
91467,
91890,
93474,
94002,
94953,
95481,
96960,
97594,
98228,
98650,
98861,
99918,
100129,
100446,
100763,
101080,
101397,
102030,
102664,
103826,
104354,
104777,
105305,
106467,
107312,
108157,
108474,
108791,
109530,
109953,
110692,
111326,
111538,
111749,
111960,
112911,
113650,
114073,
114601,
115763,
116291,
117030,
117453,
118087,
118298,
118509,
118721,
120094,
120833,
122735,
123052,
123580,
123897,
124742,
125692,
127171,
127805,
128545,
129495,
130129,
130763,
131502,
132030,
133298,
134354,
136256,
137946,
139636,
143016,
143861,
144284,
144707,
145129,
145974,
148087,
148509,
149143,
149777,
151045,
151467,
151890,
152523,
152946,
153157,
153580,
154847,
155270,
155904,
156538,
156854,
157383,
158228,
158545,
159073,
160552,
161080,
161608,
162876,
163298,
164671,
164988,
165622,
166045,
166467,
166678,
167101,
168369,
168791,
169214,
169636,
170481,
170798,
171115,
171960,
172488,
172805,
173439,
173861,
174601,
174918,
175235,
177664,
177981,
178298,
178826,
179249,
179566,
179988,
180833,
181361,
181995,
182418,
182735,
183157,
184214,
185059,
185376,
185587,
185798,
186009,
186326,
186749,
188122,
188861,
189284,
189707,
190340,
190657,
190974,
191502,
191819,
192136,
192559,
192876,
193298,
194354,
195200,
195622,
196045,
196467,
196890,
197418,
197735,
198263,
198897,
199425,
199636,
199847,
200481,
200798,
201115,
201643,
201960,
202594,
202805,
203439,
204073,
204495,
205340,
205869,
208721,
209988,
211467,
212101,
212629,
213263,
215270,
215481,
216009,

3 Column Long Note Times:
9495,
16256,
34214,
48791,
52594,
62735,
65692,
79636,
82171,
83016,
83861,
86397,
119354,
134988,
146925,
150200,
154002,
157805,
159707,
163721,
167523,
171326,
176819,
180200,
183580,
184425,
193721,
194566,
216643,

3 Column Release Times:
9812,
16573,
34425,
49214,
53016,
63157,
66115,
79953,
82488,
83333,
84178,
86714,
119566,
135411,
147242,
150622,
154425,
158016,
159918,
164143,
167946,
171538,
177136,
180516,
183897,
184742,
194038,
194883,
216749,

4 Column Hit Times:
2312,
4002,
4847,
5692,
6115,
6749,
7383,
10129,
10763,
12664,
13721,
14566,
14988,
17101,
18791,
19425,
20059,
20904,
21326,
22066,
23439,
24284,
24707,
25129,
26397,
26819,
28087,
28721,
29249,
31045,
31995,
32523,
32946,
33791,
35692,
36538,
37383,
43932,
45411,
45833,
47523,
49847,
51115,
51643,
52171,
52594,
53016,
53650,
53967,
55129,
55974,
57242,
57876,
58509,
60833,
62312,
62735,
63157,
64319,
64847,
66749,
67171,
67594,
68228,
69073,
69707,
70340,
71185,
72030,
72876,
74038,
74566,
75728,
76045,
76890,
77946,
78580,
79425,
79953,
80481,
81643,
82171,
82805,
83333,
83861,
84495,
85023,
86397,
87453,
88087,
88932,
89354,
90622,
91467,
92101,
93791,
96538,
97383,
98016,
99073,
99495,
100340,
101185,
101608,
102664,
103087,
103509,
103932,
104460,
105200,
106256,
106890,
107946,
108580,
110270,
110692,
112066,
113333,
113650,
114495,
115552,
116714,
117453,
118826,
119671,
120411,
120833,
122735,
123369,
123791,
124425,
125059,
125481,
126115,
126432,
126960,
127594,
128016,
128650,
129073,
131185,
133087,
135200,
137946,
139636,
141326,
145129,
145552,
148087,
148509,
148932,
151467,
152101,
153052,
153580,
154002,
154425,
154847,
155692,
156326,
156749,
157594,
158228,
158439,
159284,
160023,
160763,
161397,
162030,
162242,
164777,
165411,
165833,
166256,
166573,
167101,
167523,
167946,
168369,
169002,
169636,
170059,
170692,
172594,
173861,
174284,
175763,
176397,
176819,
178721,
179143,
179566,
179988,
180516,
181045,
181890,
182312,
182735,
183157,
183580,
183897,
184742,
185481,
186115,
186538,
187805,
189073,
189284,
189495,
190657,
191185,
192347,
192770,
193087,
193509,
194354,
194883,
195411,
195833,
196256,
196678,
197101,
197418,
197946,
198580,
199214,
199530,
200059,
200270,
200798,
202171,
202383,
203016,
203861,
204284,
205552,
206397,
206819,
207242,
207664,
208932,
209566,
210411,
211045,
211784,
212312,
212946,
213580,
216009,

4 Column Long Note Times:
8650,
15411,
34636,
38228,
46678,
48369,
59354,
65270,
74988,
85552,
94425,
95692,
109214,
112594,
115974,
121890,
132030,
143016,
146608,
147242,
149777,
163298,
171538,
173228,
177664,
185059,
186960,
201326,
204707,
208087,
214002,
216538,
216960,

4 Column Release Times:
8967,
15728,
34847,
41608,
47101,
48791,
60200,
65692,
75411,
85869,
94847,
96115,
109425,
112805,
116185,
122312,
132453,
144707,
146925,
147559,
150200,
163721,
171749,
173439,
177981,
185270,
187277,
201643,
205023,
208404,
215692,
216643,
217171,

