Artist : hololive
Song Name : hololive song pack
Difficulty : 0
BPM : 152
Background Image : charts\hololive-hololive song pack\Venom - Tokino Sora.png
Audio : charts\hololive-hololive song pack\Venom - Tokino Sora.ogg

1 Column Hit Times:
2439,
3031,
3426,
4413,
5597,
6781,
8755,
9347,
9742,
10729,
11913,
12505,
13886,
14281,
14676,
15071,
15860,
17439,
18031,
19018,
21979,
22571,
22768,
23755,
25136,
25334,
26123,
27702,
28294,
28689,
29676,
30860,
32044,
33229,
33426,
34018,
34807,
36386,
36979,
37965,
38360,
40926,
41518,
41715,
41913,
42702,
44084,
44281,
45071,
45860,
46057,
46452,
47439,
47834,
48031,
49610,
50400,
52571,
52965,
53656,
53952,
58492,
58886,
59281,
59479,
59873,
60071,
60465,
60663,
60860,
61650,
62044,
62439,
63031,
63623,
65992,
66584,
66781,
66979,
68360,
68952,
69347,
69742,
70136,
71123,
71913,
72505,
72702,
75071,
75663,
76057,
77044,
78229,
79413,
81386,
81979,
82373,
83360,
84544,
85136,
86913,
87505,
88886,
90071,
90663,
91650,
92242,
93031,
93426,
94018,
94610,
95005,
95400,
96584,
97768,
98163,
98755,
99150,
99544,
99939,
100334,
100926,
101321,
102110,
102505,
102900,
103294,
104676,
105071,
105663,
105959,
106354,
106650,
107834,
111979,
112176,
112571,
112965,
113360,
113755,
114150,
114544,
115136,
115729,
118097,
118689,
118886,
119084,
120465,
121057,
121452,
121847,
122242,
123229,
124018,
124610,
124807,
128360,
128755,
131518,
131913,
132505,
132900,
133294,
134873,
136057,
136354,
137834,
138623,
138821,
139018,
139610,
140202,
140794,
141189,
142176,
142768,
143360,
143755,
144544,
145334,
145531,
145926,
146321,
147110,
147702,
148294,
149281,
150268,
150860,
151255,
151551,
155794,
156386,
156584,
156781,
156979,
158163,
158755,
159347,
160136,
160531,
164479,
165071,
165663,
166255,
167242,
170597,
172373,
172768,
173163,
175136,
175334,
175531,
175729,
175926,
176123,
176321,
176913,
177110,
177307,
177505,
177702,
177998,
178294,
178492,
178689,
178886,
179084,
179281,
180860,
181452,
181847,
182834,
184018,
185202,
187176,
187768,
188163,
189150,
190334,
190926,
191715,

1 Column Long Note Times:
1255,
15367,
18525,
20005,
20597,
24544,
26518,
34314,
37472,
38952,
39544,
43492,
48623,
51386,
54544,
55334,
56913,
57307,
57702,
61057,
63919,
65202,
67768,
73886,
87998,
91156,
92636,
95992,
97176,
103886,
107044,
108229,
109018,
110597,
110992,
111386,
116025,
117307,
119873,
125992,
126386,
126781,
127768,
129150,
129544,
129939,
130926,
132307,
132702,
133097,
134084,
135268,
135465,
135663,
135860,
136156,
137242,
146518,
148689,
149676,
152439,
157768,
159742,
161518,
162307,
163097,
163886,
166551,
167834,
168623,
169807,
171781,
173755,
174544,
179676,
192702,

1 Column Release Times:
1452,
15663,
18821,
20202,
20794,
24840,
26913,
34610,
37768,
39150,
39742,
43788,
49018,
51781,
54742,
56518,
57110,
57505,
57900,
61255,
64413,
65597,
67965,
74084,
88294,
91452,
92834,
96386,
97472,
104281,
107439,
108426,
110202,
110794,
111189,
111584,
116518,
117702,
120071,
126189,
126534,
126880,
128163,
129347,
129692,
130038,
131321,
132406,
132801,
133196,
134479,
135367,
135564,
135761,
135959,
136255,
137636,
146715,
148886,
149873,
153229,
157965,
159939,
161913,
162702,
163492,
164281,
166847,
168229,
169018,
170005,
171979,
174150,
174939,
179873,
195860,

2 Column Hit Times:
3623,
4018,
4413,
6189,
6584,
6979,
9939,
10334,
10729,
12505,
12900,
13492,
14380,
14873,
16255,
16650,
17636,
19413,
22373,
22965,
23952,
24347,
25235,
25531,
25926,
28886,
29281,
29676,
31452,
31847,
32242,
32834,
33821,
35202,
35597,
36584,
38360,
38755,
41321,
42110,
42900,
43294,
44182,
44479,
44873,
45268,
45465,
45860,
46650,
47439,
48229,
49018,
49215,
49511,
50498,
50992,
51189,
52669,
53755,
54150,
58492,
58886,
59281,
59544,
60268,
61847,
62439,
62834,
63229,
63623,
63919,
65202,
66617,
66814,
67011,
67965,
68360,
68755,
69150,
69544,
70136,
72604,
72900,
76255,
76650,
77044,
78821,
79215,
79610,
82571,
82965,
83360,
85136,
85531,
86123,
87110,
88492,
89281,
90268,
91650,
92044,
93130,
94215,
94709,
95794,
96386,
96979,
97867,
98360,
98755,
99347,
99742,
100136,
101123,
101617,
101913,
102604,
102900,
103492,
104281,
104873,
106156,
107242,
107439,
107834,
111781,
112077,
113163,
113557,
113952,
114544,
114939,
115334,
115729,
116025,
117307,
120071,
120465,
120860,
121255,
121650,
122242,
124709,
125005,
128360,
131518,
134084,
134676,
135071,
138031,
138722,
138919,
139215,
139807,
140202,
140597,
141189,
141584,
142373,
142965,
143360,
144150,
144347,
144939,
145334,
146715,
147307,
147702,
148097,
150071,
150663,
151156,
151650,
155893,
156386,
156617,
156814,
157011,
157965,
158557,
158755,
159150,
159742,
160235,
160630,
160926,
164281,
164676,
165071,
165465,
165860,
167044,
167834,
168623,
169018,
169215,
169413,
169610,
170597,
170992,
171386,
171781,
172571,
172768,
173360,
175235,
175926,
176123,
176419,
176814,
177505,
177702,
178097,
178393,
179084,
179281,
182044,
182439,
182834,
184610,
185005,
185400,
188360,
188755,
189150,
190926,
191321,
191913,
194281,
195071,
195465,
195663,

2 Column Long Note Times:
1847,
2242,
5005,
5400,
8163,
8557,
11321,
11715,
20794,
21781,
23360,
26518,
27110,
27505,
30268,
30663,
39742,
40729,
54742,
55334,
56913,
57307,
57702,
61255,
65992,
67571,
71123,
71913,
74479,
74873,
77636,
78031,
80794,
81189,
83952,
84347,
108426,
109018,
110597,
110992,
111386,
118097,
119676,
123229,
124018,
127176,
130334,
133492,
136650,
146123,
148886,
149479,
153919,
157571,
161913,
163492,
166551,
170005,
171979,
174544,
180268,
180663,
183426,
183821,
186584,
186979,
189742,
190136,
192307,

2 Column Release Times:
2044,
2439,
5202,
5597,
8360,
8755,
11518,
11913,
20992,
21979,
23755,
26913,
27307,
27702,
30465,
30860,
39939,
40926,
54939,
56518,
57110,
57505,
57900,
61452,
66386,
67768,
71518,
72307,
74676,
75071,
77834,
78229,
80992,
81386,
84150,
84544,
108623,
110202,
110794,
111189,
111584,
118492,
119873,
123623,
124413,
127472,
130630,
133788,
136946,
146321,
149084,
149676,
154807,
157768,
162307,
163886,
166847,
170202,
172176,
174939,
180465,
180860,
183623,
184018,
186781,
187176,
189939,
190334,
192702,

3 Column Hit Times:
3031,
3821,
6781,
7176,
7571,
9347,
10136,
13097,
13294,
14479,
15761,
16452,
17439,
17834,
18919,
19610,
19807,
22077,
23163,
23952,
25729,
26123,
28294,
29084,
32044,
32439,
33229,
33426,
34709,
35400,
36386,
36781,
37867,
38557,
41025,
41617,
41814,
42900,
44676,
45071,
45761,
46255,
47340,
47636,
48229,
49413,
49807,
50597,
50794,
52275,
52472,
52768,
53557,
53755,
53952,
54347,
57900,
58294,
59610,
60663,
61650,
62242,
62834,
63426,
63821,
64807,
66386,
68163,
68755,
69544,
69939,
70235,
73097,
73294,
73492,
75663,
76452,
79413,
79807,
80202,
81979,
82768,
85729,
85926,
86913,
88393,
89084,
90071,
91551,
92044,
92439,
93229,
94413,
96189,
97965,
98360,
99051,
99446,
99840,
100334,
100729,
101123,
101518,
101715,
102702,
103196,
104182,
104479,
105071,
105465,
105860,
106057,
106255,
106452,
107340,
107636,
108229,
111682,
112176,
112571,
112965,
113261,
113755,
114347,
114939,
115531,
115926,
116913,
118492,
118722,
118919,
119117,
120268,
120860,
121650,
122044,
122340,
125202,
125400,
125597,
127768,
128557,
130926,
131715,
133788,
134676,
137242,
137834,
138229,
138722,
138919,
139413,
140005,
140597,
140992,
141288,
141979,
142571,
143163,
143755,
144150,
144544,
144939,
145136,
146518,
146913,
147307,
148097,
148492,
148886,
150465,
151057,
151452,
157965,
158360,
159150,
159544,
159939,
160729,
164281,
164873,
165860,
166255,
166452,
166946,
170597,
170992,
171189,
172176,
175334,
175729,
176518,
176715,
176913,
177307,
178097,
178393,
178886,
181452,
182242,
185202,
185597,
185992,
187768,
188557,
191518,
192307,
193689,
194084,
195169,
195465,
195663,

3 Column Long Note Times:
1650,
2044,
4807,
5202,
7965,
8360,
11123,
11518,
20992,
21584,
26913,
27307,
30071,
30465,
39150,
39939,
40531,
42307,
51386,
54939,
65597,
67373,
71518,
72307,
74281,
74676,
77439,
77834,
80597,
80992,
83755,
84150,
108623,
117702,
119479,
123623,
124413,
126386,
126781,
129544,
129939,
132702,
133097,
136057,
136452,
145729,
149281,
149873,
151650,
155992,
157373,
160136,
161123,
162702,
163492,
167439,
168229,
170202,
171584,
172867,
173755,
180071,
180465,
183229,
183623,
186386,
186781,
189544,
189939,
194577,
194873,

3 Column Release Times:
1847,
2242,
5005,
5400,
8163,
8557,
11321,
11715,
21189,
21781,
27110,
27505,
30268,
30663,
39544,
40136,
40729,
42702,
51781,
55136,
65992,
67571,
71913,
72702,
74479,
74873,
77636,
78031,
80794,
81189,
83952,
84347,
108821,
118097,
119676,
124018,
124807,
126584,
126979,
129742,
130136,
132900,
133294,
136255,
136650,
145926,
149479,
150071,
152439,
156386,
157571,
160235,
161518,
163097,
163886,
167834,
168623,
170400,
171781,
173163,
174150,
180268,
180663,
183426,
183821,
186584,
186979,
189742,
190136,
194775,
195071,

4 Column Hit Times:
1650,
2735,
3623,
4807,
5893,
6189,
7571,
7965,
9051,
9939,
11123,
12209,
13097,
14676,
15663,
16057,
17636,
18821,
19215,
22176,
22669,
22867,
23755,
24150,
25334,
25729,
26913,
27998,
28886,
30071,
31156,
31452,
33623,
34610,
35005,
36584,
37768,
38163,
38755,
41123,
42702,
43097,
44281,
44676,
45663,
46156,
46452,
46650,
47242,
47636,
47932,
48130,
49018,
49215,
49807,
50992,
51189,
52176,
52373,
52965,
57900,
58097,
59676,
59873,
60071,
60268,
60465,
60860,
62044,
62636,
63229,
63821,
65597,
66386,
67965,
68557,
69150,
69939,
71123,
71913,
72702,
72900,
73097,
73294,
73492,
74281,
75367,
76255,
77439,
78525,
78821,
80202,
80597,
81682,
82571,
83755,
84840,
85729,
87307,
88294,
88689,
90465,
91452,
91847,
92439,
93623,
94807,
95202,
95597,
96386,
96781,
97965,
98557,
98952,
99544,
100136,
100531,
101025,
101321,
101913,
102307,
102702,
103097,
103492,
104084,
104281,
104676,
105268,
105860,
106650,
107439,
108031,
111584,
112176,
112571,
112965,
113360,
114150,
114742,
115334,
115926,
117702,
118492,
120071,
120663,
121255,
122044,
123229,
124018,
124807,
125005,
125202,
125400,
125597,
127472,
128163,
128755,
130630,
131321,
131913,
134479,
135071,
136946,
137636,
138229,
138623,
138821,
139018,
139413,
139807,
140400,
140992,
141288,
141781,
142176,
142571,
142965,
143557,
143952,
144742,
145729,
146123,
146913,
147505,
147900,
149676,
157965,
158360,
158952,
164281,
164676,
165268,
165465,
166057,
166452,
166847,
167439,
168229,
169018,
169248,
169446,
169643,
170794,
172176,
172571,
173557,
175531,
176518,
177110,
177900,
178294,
178492,
178689,
179281,
180071,
181156,
182044,
183229,
184314,
184610,
185992,
186386,
187472,
188360,
189544,
190630,
191518,
193294,
193492,
193886,
194281,
195268,

4 Column Long Note Times:
1255,
13886,
15071,
16847,
17242,
18229,
20202,
21386,
24840,
32834,
34018,
35794,
36189,
37176,
39150,
40334,
43788,
50202,
53360,
55136,
56715,
57110,
57505,
61452,
64807,
67176,
70235,
73886,
86518,
87702,
89479,
89873,
90860,
92834,
97472,
108821,
110400,
110794,
111189,
116913,
119281,
122340,
125992,
126584,
126979,
129150,
129742,
130136,
132900,
133294,
135860,
136255,
145334,
148492,
149084,
150071,
153229,
155992,
157176,
159544,
159939,
160235,
161123,
161913,
162702,
170400,
171386,
172867,
174150,
174939,
179676,
192702,
192998,

4 Column Release Times:
1452,
14281,
15367,
17044,
17439,
18525,
20597,
21584,
25136,
33229,
34314,
35992,
36386,
37472,
39544,
40531,
44084,
50597,
53755,
55334,
56913,
57307,
57702,
61650,
65202,
67373,
70729,
74084,
86913,
87998,
89676,
90071,
91156,
93229,
97768,
109018,
110597,
110992,
111386,
117307,
119479,
122834,
126189,
126781,
127176,
129347,
129939,
130334,
133097,
133492,
136057,
136452,
145531,
148689,
149281,
151650,
153919,
156386,
157373,
159742,
160136,
160531,
161518,
162307,
163097,
170597,
171584,
173163,
174544,
175334,
179873,
192900,
193196,

