Artist : hololive
Song Name : hololive song pack
Difficulty : 0
BPM : 160
Background Image : charts\hololive-hololive song pack\VILLAIN - Moona Hoshinova.png
Audio : charts\hololive-hololive song pack\VILLAIN - Moona Hoshinova.ogg

1 Column Hit Times:
13325,
13700,
14825,
15012,
15200,
15387,
15575,
15762,
16137,
16325,
16700,
17450,
17825,
18012,
18200,
18387,
18575,
18762,
19325,
19700,
20450,
20825,
21200,
21762,
22137,
22325,
23075,
23450,
23637,
23825,
24200,
24387,
24575,
24762,
25325,
25700,
25887,
26075,
26262,
27200,
27762,
28137,
30012,
30387,
30575,
30762,
31325,
31700,
31887,
32075,
32262,
33200,
33762,
34700,
35450,
35637,
35825,
59075,
59450,
59825,
60012,
63200,
63481,
63950,
64137,
64700,
64887,
65075,
65262,
65450,
65637,
66012,
69200,
69387,
69575,
69950,
70137,
70325,
70700,
70981,
71262,
71450,
71825,
72012,
72200,
72762,
73700,
73887,
74450,
74825,
78200,
78387,
78575,
78762,
78950,
79325,
79512,
80450,
81950,
83450,
83825,
84012,
84200,
84387,
85700,
85887,
86075,
86262,
86450,
87200,
88700,
88887,
89075,
89262,
91325,
91512,
92450,
92637,
92825,
93012,
93200,
93387,
93575,
93762,
93950,
95450,
95637,
95825,
96012,
96200,
96950,
97325,
97512,
98450,
98637,
99200,
99950,
100137,
100325,
100512,
101450,
101825,
125075,
125450,
125731,
126012,
129200,
129481,
130700,
130887,
131075,
131262,
132012,
135200,
135387,
135575,
136325,
136700,
136981,
137731,
138012,
138200,
138387,
138575,
139700,
140075,
140262,
141200,
141387,
141950,
142700,
168387,
168575,
168762,
174387,
174575,
174762,
183481,
183762,
184325,
184512,
184887,
185075,
185262,
185825,
186012,
189387,
189575,
189762,
190325,
190512,
190700,
190981,

1 Column Long Note Times:
3200,
3575,
4325,
4700,
5075,
5450,
5825,
8262,
8825,
9012,
11825,
26450,
32450,
47450,
47637,
48200,
48387,
48575,
48762,
49325,
49512,
50637,
51200,
51950,
52137,
52700,
53450,
54012,
55137,
55325,
55700,
55887,
56075,
56262,
56825,
57012,
57200,
57950,
58137,
58700,
60200,
61325,
62262,
62450,
66200,
67325,
68262,
68450,
76325,
77450,
84950,
85137,
87950,
88137,
89450,
90200,
113450,
113637,
113825,
114200,
114950,
115325,
115512,
116450,
117012,
117200,
117387,
117575,
117762,
117950,
118325,
118512,
118700,
119450,
120012,
120950,
121137,
121700,
122450,
122825,
123012,
123200,
123950,
124700,
126200,
127325,
128262,
128450,
129950,
130137,
131450,
131637,
132200,
133325,
134262,
134450,
135950,
136137,
137262,
137450,
143450,
145700,
148700,
150200,
153012,
153200,
156200,
157325,
159012,
159200,
159387,
159575,
159950,
160325,
166700,
167450,
167637,
167825,
168200,
168950,
169325,
169512,
170450,
171012,
171200,
171387,
171575,
171762,
171950,
172325,
172512,
172700,
173450,
173637,
174012,
174950,
175137,
175700,
176450,
176825,
177012,
177200,
177950,
178700,
179450,
180200,
181325,
182262,
182450,
183200,
183950,
184137,
184700,
185450,
185637,
186200,
187325,
188262,
188450,
189200,
189950,
190137,
191825,
192012,
192200,
196700,
197450,

1 Column Release Times:
3481,
3762,
4465,
4793,
5168,
5543,
5918,
8450,
8918,
9106,
12012,
26825,
32825,
47543,
47731,
48293,
48481,
48668,
48856,
49418,
49606,
50731,
51293,
52043,
52231,
52793,
53543,
54106,
55231,
55418,
55793,
55981,
56168,
56356,
56918,
57106,
57293,
58043,
58231,
58793,
61231,
62168,
62356,
63106,
67231,
68168,
68356,
69106,
76418,
77496,
85043,
85231,
88043,
88231,
89731,
90950,
113543,
113731,
113918,
114293,
115043,
115418,
115606,
116543,
117106,
117293,
117481,
117668,
117856,
118043,
118418,
118606,
118793,
119543,
120106,
121043,
121231,
121793,
122543,
122918,
123106,
123293,
124043,
124793,
127231,
128168,
128356,
129106,
130043,
130231,
131543,
131731,
133231,
134168,
134356,
135106,
136043,
136231,
137356,
137543,
143496,
145793,
148793,
152918,
153106,
155075,
157231,
158918,
159106,
159293,
159481,
159856,
160231,
161075,
166746,
167543,
167731,
167918,
168293,
169043,
169418,
169606,
170543,
171106,
171293,
171481,
171668,
171856,
172043,
172418,
172606,
172793,
173543,
173731,
174106,
175043,
175231,
175793,
176543,
176918,
177106,
177293,
178043,
178793,
180106,
181231,
182168,
182356,
183106,
183293,
184043,
184231,
184793,
185543,
185731,
187231,
188168,
188356,
189106,
189293,
190043,
190231,
191918,
192106,
196606,
197075,
197496,

2 Column Hit Times:
13887,
15200,
15762,
16887,
19137,
19887,
21012,
21575,
22325,
22700,
23075,
24012,
25887,
26262,
27012,
27387,
27575,
27762,
28137,
28700,
28887,
29075,
29262,
30200,
31325,
32825,
33200,
33575,
33762,
34137,
35075,
59637,
59825,
60200,
60387,
60575,
60762,
60950,
61137,
61700,
62075,
62262,
62450,
62637,
63012,
63200,
63575,
63762,
63950,
64137,
64325,
64512,
64700,
65075,
65262,
65450,
65637,
65825,
66106,
66387,
66575,
66762,
66950,
67137,
67700,
68075,
68450,
68637,
68825,
69106,
69575,
69762,
69950,
70137,
70700,
71075,
71262,
71637,
71825,
72106,
72481,
73137,
73512,
74731,
75200,
75387,
78950,
79700,
79887,
80075,
80262,
80450,
81200,
81950,
82325,
82512,
82700,
82887,
83075,
83262,
83450,
90200,
90950,
91137,
92450,
93200,
94325,
94700,
94887,
95075,
95262,
95637,
96012,
97137,
98450,
98825,
99012,
100325,
101450,
125450,
125637,
126200,
126387,
126575,
126762,
127700,
128075,
128262,
129012,
129200,
129575,
129762,
130325,
130512,
130700,
131075,
131262,
131825,
132106,
132387,
132575,
132762,
133700,
134075,
134825,
135106,
135575,
135762,
136700,
137731,
138012,
138481,
138950,
139512,
141012,
142512,
169887,
170075,
170262,
177387,
177575,
177762,
180387,
180575,
180762,
181325,
181606,
181887,
182075,
183012,
183387,
183575,
183762,
184325,
184606,
185075,
185262,
185825,
186106,
186387,
186575,
186762,
187325,
187512,
187700,
187887,
188075,
188825,
189106,
189387,
189575,
189762,
190325,
190606,
190887,

2 Column Long Note Times:
6012,
8075,
8450,
8637,
9200,
9575,
10325,
12200,
29450,
47825,
48012,
48200,
48950,
49137,
49700,
50450,
50637,
51012,
51950,
52137,
52700,
52887,
53075,
53262,
53825,
54012,
54200,
54950,
55137,
55700,
56450,
56637,
57200,
57387,
57575,
57762,
58325,
58512,
76700,
77450,
84200,
85325,
86450,
87200,
88325,
89450,
113450,
114012,
114200,
114950,
115137,
115700,
116450,
116825,
117012,
117950,
118512,
118700,
118887,
119075,
119262,
119450,
119825,
120012,
120200,
120950,
121137,
121325,
121700,
121887,
122075,
122262,
122637,
122825,
123200,
123950,
124137,
124325,
124512,
125825,
126950,
127137,
128450,
128637,
129950,
130137,
131450,
131637,
132950,
133137,
134450,
134637,
135950,
136137,
137075,
137262,
144200,
147200,
151700,
154700,
157700,
160700,
161450,
166700,
167450,
168012,
168200,
168950,
169137,
169700,
170450,
170825,
171012,
171950,
172512,
172700,
172887,
173075,
173262,
173450,
173825,
174012,
174200,
174950,
175137,
175325,
175700,
175887,
176075,
176262,
176637,
176825,
177200,
177950,
178137,
178325,
178512,
179825,
180200,
180950,
181137,
182262,
182450,
182637,
183200,
183950,
184137,
185450,
185637,
186950,
187137,
188262,
188450,
188637,
189950,
190137,
191450,
191637,
191825,
192012,
197450,

2 Column Release Times:
6106,
8262,
8543,
8731,
9481,
9762,
10465,
12950,
29825,
47918,
48106,
48293,
49043,
49231,
49793,
50543,
50731,
51106,
52043,
52231,
52793,
52981,
53168,
53356,
53918,
54106,
54293,
55043,
55231,
55793,
56543,
56731,
57293,
57481,
57668,
57856,
58418,
58606,
76793,
77496,
85231,
86356,
87106,
88231,
89356,
89731,
113543,
114106,
114293,
115043,
115231,
115793,
116543,
116918,
117106,
118043,
118606,
118793,
118981,
119168,
119356,
119543,
119918,
120106,
120293,
121043,
121231,
121418,
121793,
121981,
122168,
122356,
122731,
122918,
123293,
124043,
124231,
124418,
124606,
126106,
127043,
127231,
128543,
128731,
130043,
130231,
131543,
131731,
133043,
133231,
134543,
134731,
136043,
136231,
137168,
137356,
147106,
149075,
151793,
154793,
157793,
160793,
161496,
166746,
167543,
168106,
168293,
169043,
169231,
169793,
170543,
170918,
171106,
172043,
172606,
172793,
172981,
173168,
173356,
173543,
173918,
174106,
174293,
175043,
175231,
175418,
175793,
175981,
176168,
176356,
176731,
176918,
177293,
178043,
178231,
178418,
178606,
180106,
180293,
181043,
181231,
182356,
182543,
182731,
183293,
184043,
184231,
185543,
185731,
187043,
187231,
188356,
188543,
188731,
190043,
190231,
191543,
191731,
191918,
192106,
197496,

3 Column Hit Times:
12200,
12387,
12575,
12762,
13137,
15575,
16325,
17637,
18200,
18950,
19700,
19887,
20075,
20262,
21200,
21575,
21762,
22137,
23450,
23637,
23825,
24950,
25700,
26075,
26450,
27200,
28325,
28700,
29075,
29450,
31137,
31700,
32075,
32450,
33012,
33575,
34137,
34325,
35450,
35637,
35825,
59450,
59731,
60012,
60200,
60481,
60950,
61137,
61700,
61981,
62450,
62637,
62825,
63106,
63387,
63575,
63762,
63950,
64137,
64981,
65450,
65637,
65825,
66012,
66200,
66481,
66762,
66950,
67137,
67512,
67981,
68262,
68450,
68637,
69012,
69200,
69481,
69762,
69950,
70137,
70512,
70887,
71075,
71450,
71637,
72387,
72575,
73231,
75575,
75762,
84950,
85325,
85512,
87200,
87387,
87575,
87762,
87950,
88325,
88512,
89825,
90012,
91325,
93950,
94137,
94325,
95450,
95825,
96200,
96387,
96575,
96762,
96950,
97325,
97700,
97887,
98075,
98262,
99200,
99387,
99575,
99762,
99950,
101825,
125075,
126200,
126481,
127700,
127981,
128825,
129106,
129387,
129575,
129762,
130700,
130981,
131825,
132012,
132200,
132481,
132762,
133512,
133700,
133981,
134262,
135012,
135200,
135481,
135762,
136512,
136700,
136887,
140637,
140825,
141575,
141762,
171387,
171575,
171762,
172887,
173075,
180387,
180575,
180762,
181325,
181512,
181981,
182825,
183106,
183387,
183575,
183762,
184512,
184981,
185262,
185825,
186012,
186481,
186762,
187325,
187512,
187700,
187981,
188825,
189012,
189481,
189762,
190325,
190512,
190700,
190887,

3 Column Long Note Times:
5825,
6200,
6575,
6950,
7325,
7700,
8262,
8825,
9012,
9762,
10137,
20450,
30200,
47450,
47637,
48200,
49325,
49512,
49700,
50450,
50825,
51012,
51200,
51387,
51575,
51762,
52325,
52512,
53450,
53637,
54200,
54950,
55512,
55700,
56825,
57012,
58325,
58512,
58700,
76512,
77450,
78200,
79325,
80450,
81200,
82325,
83450,
83825,
98450,
113637,
113825,
114200,
114387,
114575,
114762,
115325,
115512,
115700,
116450,
116637,
116825,
117200,
118137,
118325,
119450,
119637,
119825,
120200,
120387,
120575,
120762,
120950,
121325,
121512,
121700,
122450,
123012,
123950,
124137,
124325,
124512,
124700,
125450,
126950,
127137,
128450,
128637,
129950,
130137,
131450,
131637,
132950,
133137,
134450,
134637,
135950,
136137,
137075,
137450,
137637,
137825,
144200,
147200,
151700,
154700,
157700,
160700,
162200,
162950,
163700,
164450,
165200,
165950,
166700,
167637,
167825,
168200,
168387,
168575,
168762,
169325,
169512,
169700,
170450,
170637,
170825,
171200,
172137,
172325,
173262,
173450,
173637,
173825,
174200,
174387,
174575,
174762,
174950,
175325,
175512,
175700,
176450,
177012,
177950,
178137,
178325,
178512,
178700,
179075,
180200,
180950,
181137,
181700,
182262,
182450,
182637,
183950,
184137,
184700,
185450,
185637,
186200,
186950,
187137,
188450,
188637,
189200,
189950,
190137,
191075,
191262,
191450,
191637,
191825,
192012,
197450,

3 Column Release Times:
5918,
6481,
6809,
7137,
7465,
7793,
8450,
8918,
9106,
9950,
10325,
20825,
30950,
47543,
47731,
48293,
49418,
49606,
49793,
50543,
50918,
51106,
51293,
51481,
51668,
51856,
52418,
52606,
53543,
53731,
54293,
55043,
55606,
55793,
56918,
57106,
58418,
58606,
58793,
76606,
77496,
79231,
80356,
81106,
82231,
83356,
83731,
84200,
98825,
113731,
113918,
114293,
114481,
114668,
114856,
115418,
115606,
115793,
116543,
116731,
116918,
117293,
118231,
118418,
119543,
119731,
119918,
120293,
120481,
120668,
120856,
121043,
121418,
121606,
121793,
122543,
123106,
124043,
124231,
124418,
124606,
124793,
126106,
127043,
127231,
128543,
128731,
130043,
130231,
131543,
131731,
133043,
133231,
134543,
134731,
136043,
136231,
137168,
137543,
137731,
137918,
147106,
149075,
151793,
154793,
157793,
160793,
162903,
163653,
164403,
165153,
165903,
166653,
166746,
167731,
167918,
168293,
168481,
168668,
168856,
169418,
169606,
169793,
170543,
170731,
170918,
171293,
172231,
172418,
173356,
173543,
173731,
173918,
174293,
174481,
174668,
174856,
175043,
175418,
175606,
175793,
176543,
177106,
178043,
178231,
178418,
178606,
178793,
180106,
180293,
181043,
181231,
181793,
182356,
182543,
182731,
184043,
184231,
184793,
185543,
185731,
186293,
187043,
187231,
188543,
188731,
189293,
190043,
190231,
191168,
191356,
191543,
191731,
191918,
192106,
197496,

4 Column Hit Times:
12950,
13325,
13700,
13887,
14075,
14262,
16137,
16700,
16887,
17075,
17262,
19325,
20825,
22700,
24012,
25325,
26825,
28325,
28887,
29262,
29825,
30950,
31512,
31887,
32262,
34325,
34700,
34887,
35075,
35262,
59450,
59825,
60012,
60575,
60762,
60950,
61137,
61325,
61512,
61887,
62075,
62262,
62450,
62637,
62825,
63012,
66200,
66575,
66950,
67137,
67325,
67700,
67887,
68075,
68262,
68450,
68637,
68825,
69012,
72200,
72950,
73325,
74075,
74262,
74637,
75012,
75950,
78200,
80825,
81012,
81200,
81387,
81575,
81762,
84575,
84762,
84950,
86450,
86825,
87012,
87950,
88325,
90200,
90387,
90575,
90762,
90950,
91325,
91700,
91887,
92075,
92262,
94325,
94512,
97325,
100325,
100700,
100887,
101075,
101262,
101450,
101825,
126200,
126575,
126762,
127325,
127512,
127700,
127887,
128075,
128262,
128825,
129012,
132200,
132575,
133325,
133700,
133887,
134075,
134262,
134825,
135012,
138200,
138762,
139325,
139700,
139887,
140450,
140731,
141200,
142325,
142700,
149450,
149637,
149825,
150012,
175887,
176075,
176262,
180481,
180762,
181325,
181512,
181887,
182075,
182825,
183012,
186387,
186575,
186762,
187325,
187606,
187887,
188075,
188825,
189012,

4 Column Long Note Times:
200,
575,
950,
1325,
1700,
2075,
2450,
2825,
3762,
4137,
6012,
8075,
8450,
8637,
12012,
14450,
15200,
17450,
18200,
21200,
24200,
27200,
33200,
47825,
48012,
48950,
49137,
49700,
49887,
50075,
50262,
50825,
51200,
52325,
52512,
52700,
53637,
53825,
54200,
54387,
54575,
54762,
55325,
55512,
56450,
56637,
57200,
57950,
58137,
58700,
63200,
64325,
65450,
65825,
69200,
70325,
71075,
71262,
71450,
71637,
71825,
76700,
77450,
78950,
79137,
81950,
82137,
83450,
89450,
92450,
93200,
96200,
99200,
113450,
113825,
114012,
114950,
115137,
115325,
115700,
115887,
116075,
116262,
116637,
116825,
117200,
117950,
118137,
118325,
118700,
119637,
119825,
120200,
121325,
121512,
122450,
122637,
122825,
123200,
123387,
123575,
123762,
124325,
124700,
125075,
126950,
127137,
128450,
128637,
129200,
130325,
131450,
131825,
132950,
133137,
134450,
134637,
135200,
136325,
137075,
137262,
137450,
137637,
137825,
143450,
145700,
148700,
150200,
153012,
153200,
156200,
157325,
159012,
159200,
159387,
159575,
159950,
160325,
161450,
166700,
167450,
167825,
168012,
168950,
169137,
169325,
169700,
169887,
170075,
170262,
170637,
170825,
171200,
171950,
172137,
172325,
172700,
173637,
173825,
174012,
174200,
175325,
175512,
176450,
176637,
176825,
177200,
177387,
177575,
177762,
178325,
178700,
180200,
180950,
181137,
181700,
182450,
182637,
183200,
184325,
185450,
185825,
186200,
186950,
187137,
188262,
188450,
188637,
189200,
190325,
191075,
191262,
191450,
191637,
191825,
192012,
192200,
196700,
197450,

4 Column Release Times:
481,
809,
1137,
1465,
1793,
2168,
2543,
2918,
3950,
4325,
6106,
8262,
8543,
8731,
12200,
14825,
15950,
17825,
18950,
21950,
24950,
27950,
33950,
47918,
48106,
49043,
49231,
49793,
49981,
50168,
50356,
50918,
51293,
52418,
52606,
52793,
53731,
53918,
54293,
54481,
54668,
54856,
55418,
55606,
56543,
56731,
57293,
58043,
58231,
58793,
64231,
65356,
65731,
66106,
70231,
70981,
71168,
71356,
71543,
71731,
71918,
76793,
77496,
79043,
79231,
82043,
82231,
83543,
89731,
92825,
93575,
96950,
99575,
113543,
113918,
114106,
115043,
115231,
115418,
115793,
115981,
116168,
116356,
116731,
116918,
117293,
118043,
118231,
118418,
118793,
119731,
119918,
120293,
121418,
121606,
122543,
122731,
122918,
123293,
123481,
123668,
123856,
124418,
124793,
126106,
127043,
127231,
128543,
128731,
130231,
131356,
131731,
132106,
133043,
133231,
134543,
134731,
136231,
136981,
137168,
137356,
137543,
137731,
137918,
143496,
145793,
148793,
152918,
153106,
155075,
157231,
158918,
159106,
159293,
159481,
159856,
160231,
161075,
161496,
166746,
167543,
167918,
168106,
169043,
169231,
169418,
169793,
169981,
170168,
170356,
170731,
170918,
171293,
172043,
172231,
172418,
172793,
173731,
173918,
174106,
174293,
175418,
175606,
176543,
176731,
176918,
177293,
177481,
177668,
177856,
178418,
180106,
180293,
181043,
181231,
181793,
182543,
182731,
184231,
185356,
185731,
186106,
186293,
187043,
187231,
188356,
188543,
188731,
190231,
190981,
191168,
191356,
191543,
191731,
191918,
192106,
196606,
197075,
197496,

