Artist : hololive
Song Name : hololive song pack
Difficulty : 0
BPM : 90
Background Image : charts\hololive-hololive song pack\VIOLET - Ninomae Inanis.png
Audio : charts\hololive-hololive song pack\VIOLET - Ninomae Inanis.ogg

1 Column Hit Times:
2982,
3149,
5649,
8649,
10649,
19649,
24649,
29649,
33982,
35315,
36649,
37315,
37982,
39982,
41315,
43315,
43982,
44649,
45649,
46649,
47649,
48649,
49649,
50315,
51315,
54204,
54982,
55649,
57315,
57982,
59149,
59482,
60315,
60982,
61982,
65149,
65982,
66649,
69315,
69982,
71315,
72315,
72482,
74649,
75315,
77649,
78315,
82649,
85315,
87315,
88315,
88482,
92649,
93649,
94649,
97982,
98982,
100649,
101315,
102649,
103315,
104315,
104982,
106982,
107982,
108649,
109649,
110649,
111649,
112649,
113649,
114315,
115315,
116149,
118204,
118982,
119649,
121315,
121982,
122815,
123482,
124315,
124982,
125982,
128982,
129149,
129649,
129982,
131315,
133482,
134149,
134649,
136649,
139649,
140315,
140982,
141482,
142315,
143149,
145315,
146315,
147315,
148649,
154982,
155149,
157315,
157482,
161649,
161815,
162649,
174649,
175315,
175815,
176315,
177315,
178315,
178649,
179315,
179982,
180982,
181982,
183815,
184871,
185649,
186315,
186982,
187982,
188649,
189315,
189815,
190149,
190982,
191649,
192649,

1 Column Long Note Times:
1315,
3982,
6649,
9315,
12982,
16649,
18315,
23649,
26315,
27982,
41982,
51649,
67982,
73315,
75982,
76982,
79649,
81315,
83982,
89315,
90315,
91315,
96649,
130315,
131982,
135649,
137315,
138315,
155982,
159649,
164982,
168649,
170315,
171982,
182315,
194982,

1 Column Release Times:
1482,
4149,
6815,
9482,
13149,
17315,
18482,
23815,
26482,
28149,
42649,
52315,
68149,
73482,
76149,
77149,
79815,
81482,
84149,
89482,
90482,
91982,
97315,
130982,
132649,
135982,
137982,
138982,
156315,
159815,
165149,
169315,
170482,
172315,
182982,
195315,

2 Column Hit Times:
11315,
13982,
18982,
24315,
34649,
35315,
35982,
37315,
38649,
39315,
39982,
40649,
41315,
42982,
43982,
44649,
45149,
45982,
46649,
47315,
47815,
48315,
49315,
49982,
51315,
52982,
53871,
54649,
55315,
56315,
56982,
57315,
58315,
58815,
59815,
60649,
61149,
61649,
64982,
67315,
74982,
77815,
79315,
79982,
83315,
84649,
88982,
91149,
93815,
94315,
97315,
97982,
98649,
99315,
99982,
100649,
101649,
102649,
103649,
104315,
104982,
105315,
107315,
107982,
108649,
109149,
109982,
110649,
111315,
111815,
112315,
113315,
113982,
115315,
115649,
116315,
116982,
117871,
118649,
119315,
120315,
120982,
121315,
122315,
123149,
123815,
124649,
125149,
125649,
128649,
129815,
131315,
131649,
133649,
134482,
135649,
136315,
136760,
137204,
137982,
138815,
139315,
140649,
141649,
142649,
144815,
145649,
146315,
146982,
147649,
156649,
160649,
161982,
162815,
174649,
175315,
175815,
176649,
177315,
177982,
178482,
178982,
179649,
179982,
180649,
181982,
183482,
184538,
185315,
185982,
186482,
186982,
187649,
187982,
188982,
189482,
190482,
191315,
191815,
192315,

2 Column Long Note Times:
2315,
4649,
6649,
9982,
11982,
14649,
17315,
18315,
20982,
22649,
25315,
26315,
32649,
51649,
62315,
66315,
68982,
69982,
71649,
73315,
74315,
76982,
80649,
82315,
85982,
87649,
90315,
92982,
105982,
126315,
130315,
131982,
134982,
143649,
153315,
157982,
163982,
166649,
169315,
170315,
172649,
192982,

2 Column Release Times:
2482,
4815,
6815,
10149,
12149,
14815,
17482,
18482,
21149,
22815,
25482,
26482,
33315,
52315,
63649,
66482,
69149,
70649,
71815,
73482,
74482,
77149,
81315,
82482,
86649,
87815,
90482,
93149,
106649,
127649,
130982,
132649,
135315,
144315,
153482,
158149,
164149,
166815,
169482,
170482,
172982,
194315,

3 Column Hit Times:
4315,
8982,
13815,
19149,
24482,
29982,
33315,
33982,
34649,
36649,
37649,
39315,
40315,
43649,
44315,
44982,
46315,
46982,
47649,
48982,
49982,
50982,
52649,
53538,
54649,
55315,
55815,
56649,
57149,
57982,
58649,
59482,
59982,
60649,
61315,
61982,
64649,
66982,
67149,
71982,
72982,
75093,
75649,
76649,
77982,
80482,
81982,
82982,
83149,
88649,
90649,
93982,
97315,
98315,
99982,
101315,
101982,
103315,
103982,
104649,
105315,
107649,
108315,
108982,
110315,
110982,
111649,
112982,
113982,
114982,
115649,
116315,
117538,
118204,
118649,
119315,
119815,
120649,
121149,
121982,
122649,
123482,
123982,
124649,
125315,
125982,
128315,
128649,
130982,
131649,
132315,
132649,
133982,
136149,
136871,
137093,
137649,
138315,
138982,
139982,
140982,
141982,
144649,
145315,
146315,
147315,
147982,
148315,
160315,
160482,
163315,
174982,
175649,
176315,
176982,
177649,
178315,
178982,
179649,
180315,
180649,
181649,
182315,
182982,
183649,
184204,
184871,
185315,
185649,
186482,
187315,
187815,
188649,
189315,
189815,
190149,
190649,
191315,
191982,
192649,

3 Column Long Note Times:
1315,
5315,
7649,
10315,
12982,
14649,
15649,
19982,
20982,
22649,
27315,
28982,
41982,
62315,
65315,
67982,
68982,
70649,
74315,
78649,
79649,
83982,
84982,
86649,
87649,
89315,
91982,
92982,
105982,
126315,
129315,
132982,
143149,
154315,
156982,
162315,
164982,
166649,
167649,
172315,
174315,
192982,
195315,

3 Column Release Times:
1482,
5482,
7815,
10482,
13149,
14815,
15815,
20149,
21149,
22815,
27982,
29149,
42649,
63649,
65482,
68149,
69149,
70815,
74482,
78815,
79815,
84149,
85149,
86815,
87815,
89482,
92149,
93149,
106649,
127649,
129982,
133649,
143649,
154482,
157315,
162649,
165149,
166815,
167815,
172649,
174649,
194315,
195649,

4 Column Hit Times:
3315,
4982,
8315,
8482,
10982,
13649,
19315,
29815,
33315,
34982,
35982,
37982,
38649,
40649,
41315,
43315,
43982,
44982,
45982,
46482,
47315,
47982,
48649,
49315,
50315,
50982,
53315,
54649,
55649,
56649,
57649,
58315,
59982,
60982,
64315,
67649,
68649,
69649,
69815,
72649,
73982,
75204,
77315,
80315,
83649,
85649,
85815,
87982,
89149,
89982,
90982,
93315,
94649,
97315,
98649,
99315,
99982,
100982,
101982,
102982,
103982,
104649,
105315,
107315,
107982,
108982,
109982,
110482,
111315,
111982,
112649,
113315,
114315,
114982,
115649,
117315,
117871,
118649,
119649,
120649,
121649,
122315,
123149,
123982,
124982,
128315,
130815,
131315,
132482,
133982,
136149,
136982,
139982,
140982,
141649,
144315,
145315,
145982,
146982,
147649,
155315,
156315,
156482,
157649,
157815,
162982,
163149,
174649,
174982,
175649,
176649,
177149,
177982,
178649,
179315,
179982,
180982,
181649,
182315,
182815,
183982,
184538,
185315,
185982,
186315,
187315,
188315,
188982,
189482,
190649,
191649,
192315,
195649,
195815,

4 Column Long Note Times:
2315,
5982,
7649,
9649,
11982,
15649,
17315,
19982,
21982,
23649,
25315,
27982,
28982,
41982,
51649,
62315,
65315,
66315,
70649,
71649,
75982,
78649,
81315,
82315,
84982,
86649,
91982,
105982,
126315,
129315,
132982,
134649,
135315,
137315,
138315,
142649,
148982,
158649,
161315,
163982,
167649,
169315,
172982,
192982,

4 Column Release Times:
2482,
6649,
7815,
9815,
12149,
15815,
17482,
20149,
22649,
23815,
25482,
28149,
29149,
42649,
52315,
63649,
65482,
66482,
70815,
71815,
76149,
78815,
81482,
82482,
85149,
86815,
92149,
106649,
127649,
129982,
133649,
134982,
135649,
137982,
138982,
143149,
151649,
158815,
161649,
164149,
167815,
169482,
173982,
194315,

