Artist : xi
Song Name : FREEDOM DiVE
Difficulty : 0
BPM : 222
Background Image : charts\xi-FREEDOM DiVE\background desuuu.jpg
Audio : charts\xi-FREEDOM DiVE\Freedom Dive.mp3

1 Column Hit Times:
2132,
2537,
2942,
3212,
3617,
4022,
4292,
4697,
5102,
5777,
6115,
6452,
6857,
7397,
7532,
7937,
8342,
8612,
8815,
9287,
9692,
9962,
10232,
10502,
10772,
11042,
11447,
11852,
12392,
12932,
13337,
13877,
14282,
14552,
14755,
14957,
15092,
15497,
16037,
16442,
16847,
17252,
17792,
18062,
18332,
18602,
18872,
19142,
19412,
19682,
20492,
20897,
21437,
21707,
22112,
22517,
22922,
23192,
23395,
23597,
23732,
24677,
25082,
25487,
25757,
28660,
28862,
28997,
31292,
31495,
31697,
33992,
34127,
36692,
37772,
38852,
39932,
40472,
41012,
42092,
43172,
43712,
44522,
45062,
45467,
46007,
46142,
46412,
46682,
46952,
47357,
47492,
47897,
48572,
48977,
49382,
49922,
50192,
50462,
51002,
51812,
52217,
52622,
52892,
53162,
53837,
54242,
54782,
55052,
55322,
55592,
55862,
56402,
56807,
57212,
57617,
58022,
58427,
58832,
59102,
59507,
59912,
60182,
60587,
60992,
61532,
61802,
62207,
62612,
62882,
63152,
63422,
63692,
63962,
64232,
64772,
65177,
65650,
66122,
66527,
66932,
67067,
67270,
67742,
68147,
68282,
68957,
69092,
69430,
69902,
70037,
70442,
70577,
70982,
71117,
71455,
71590,
71792,
72197,
72602,
72872,
73412,
73817,
74222,
74672,
75032,
75437,
75775,
76247,
76652,
76787,
77327,
77597,
78137,
78340,
78745,
78947,
79352,
79555,
79892,
80365,
80770,
80972,
81512,
81782,
82052,
82727,
83132,
83402,
84347,
84752,
85292,
85697,
85967,
86372,
86777,
87317,
87992,
88802,
89477,
89882,
90287,
92852,
95147,
95417,
95687,
95957,
96767,
97037,
97577,
98117,
98252,
98522,
98792,
99062,
100412,
100682,
100952,
101222,
102775,
103045,
103315,
103585,
103922,
104192,
104462,
104732,
105002,
105407,
105812,
106082,
106352,
107972,
108175,
108512,
108985,
109322,
109660,
110132,
110335,
110537,
111010,
111482,
112157,
112292,
112562,
112832,
112967,
113642,
114047,
114317,
114655,
115127,
115532,
115803,
116073,
116343,
116883,
117288,
117558,
117963,
118368,
118503,
118773,
119110,
119583,
119718,
120055,
120528,
120933,
121135,
121608,
122013,
122418,
122620,
123093,
123363,
123700,
124173,
124443,
124713,
124983,
125388,
125725,
125995,
126468,
126940,
127210,
127413,
127818,
128020,
128493,
128898,
129168,
129438,
129843,
130383,
130518,
130923,
131058,
131733,
131868,
132273,
132745,
133150,
133285,
133555,
133758,
134163,
134973,
135513,
135918,
136255,
136863,
137470,
137808,
138213,
138483,
138955,
139495,
140035,
140238,
140643,
141318,
141723,
142128,
142533,
142803,
143343,
143613,
143883,
144153,
144423,
144558,
144693,
145030,
145300,
145705,
146178,
146515,
146853,
147123,
147663,
148203,
148743,
149013,
149283,
150093,
150363,
150633,
150835,
151038,
151173,
151713,
151983,
152523,
152928,
153603,
154008,
154413,
154818,
155223,
155493,
156033,
156708,
157113,
157518,
157788,
158193,
158463,
159003,
159273,
159475,
159678,
159813,
160353,
160758,
161028,
161433,
161703,
162243,
162513,
162783,
163053,
163593,
163863,
164133,
164470,
164808,
165010,
165483,
166090,
166630,
167373,
167643,
168318,
168655,
169060,
169533,
170005,
170478,
170748,
171153,
171423,
171760,
172098,
172435,
172570,
172975,
173515,
173785,
174190,
174595,
174933,
175203,
175338,
175878,
176283,
176755,
177160,
177363,
177700,
177903,
178105,
178443,
178645,
179185,
179590,
179995,
180333,
180738,
180940,
181413,
181818,
181953,
182223,
182493,
182830,
183100,
183370,
183573,
183843,
184180,
184518,
184788,
185125,
185328,
185530,
186003,
186678,
186813,
187285,
187488,
187690,
188095,
188500,
189040,
189243,
189648,
190053,
190323,
190525,
190728,
191065,
191403,
191673,
192348,
192753,
193158,
193495,
193833,
194305,
194643,
194980,
195318,
195655,
195925,
196263,
196533,
197005,
197275,
197748,
198153,
198558,
198895,
199368,
199908,
200245,
200650,
200853,
210033,
211923,
213813,
214893,
215433,
215973,
216513,
216783,
217323,
217458,
217728,
218065,
218335,
218605,
218943,
219348,
219550,
219820,
220023,
220563,
220765,
221035,
221305,
221643,
222048,
222520,
222925,
223263,
223600,
224073,
224545,
224950,
225288,
225558,
225693,
226233,
226773,
226975,
227448,
227785,
228258,
228663,
229135,
229608,
230013,
230350,
230823,
231025,
231363,
231768,
232105,
232375,
232713,
232915,
233253,
233725,
234265,
234603,
234738,
234940,
235210,
235480,
235953,
236493,
236965,
237235,
237640,
238045,
238450,
238720,
239058,
239395,
239733,
240138,
240678,
241150,
241488,
242163,
242500,
242635,
243108,
243918,
244323,
244525,
245223,
245403,
245673,
246145,
246550,
246888,
247360,
247698,
248170,
248575,
248913,
249250,
249453,
249925,
250330,
250735,
251208,
251478,
251883,
252693,
253233,
253435,
253705,
254178,
254313,
254515,
254853,
255190,
255460,
255798,
256203,
256405,
256608,
256810,

1 Column Long Note Times:
26702,
27782,
34532,
35612,
101492,
106892,
201933,
205173,
208413,
257013,

1 Column Release Times:
26972,
28052,
34802,
36152,
102572,
107702,
203013,
206253,
209493,
261333,

2 Column Hit Times:
2132,
2335,
2807,
2942,
3415,
3617,
3887,
4495,
5237,
5372,
5777,
5912,
6047,
6182,
6452,
7127,
7262,
7735,
8072,
8207,
8342,
8815,
9017,
9152,
9422,
9557,
9692,
9962,
10232,
10502,
10907,
11312,
11582,
11987,
12257,
12392,
12662,
12932,
13202,
13472,
13742,
14147,
15227,
15632,
15902,
16172,
16442,
16712,
16982,
17252,
17522,
17792,
18062,
18332,
18737,
18940,
19277,
19412,
19682,
19952,
20087,
20222,
20492,
20762,
21032,
21302,
21572,
21842,
22247,
22652,
22922,
23192,
23395,
23597,
23732,
24002,
24137,
24272,
24542,
24947,
25217,
25487,
29740,
29942,
30077,
31832,
32372,
32575,
32777,
33452,
33587,
36152,
36422,
37772,
38785,
40202,
40472,
42025,
42632,
43982,
44252,
44522,
45062,
45332,
45602,
45872,
46142,
46480,
46750,
47087,
47222,
47425,
47762,
48032,
48302,
48437,
48842,
49112,
49382,
49652,
49922,
50192,
50462,
50732,
51137,
51407,
51677,
52082,
52352,
52757,
53297,
53567,
53972,
54242,
54512,
54782,
55187,
55457,
55727,
55997,
56537,
56942,
57212,
57482,
57752,
58292,
58562,
58967,
59372,
59642,
60182,
60452,
60722,
61127,
61397,
61802,
62072,
62342,
62612,
62882,
63287,
63557,
63827,
64097,
64502,
64772,
64907,
65042,
65312,
65447,
65785,
65987,
66257,
66460,
66662,
66865,
67000,
67337,
67472,
67675,
67877,
68080,
68282,
68417,
68687,
68822,
69092,
69227,
69497,
69632,
69767,
70172,
70307,
70982,
71117,
71252,
71387,
71522,
71860,
71995,
72265,
72535,
72872,
73142,
73412,
73682,
73952,
74357,
74582,
74762,
75032,
75302,
75572,
75842,
75977,
76180,
76382,
76585,
76922,
77057,
77192,
77462,
77732,
77867,
78070,
78205,
78407,
78610,
78812,
79015,
79217,
79757,
79960,
80162,
80297,
80567,
80702,
80905,
81107,
81647,
82052,
82592,
82997,
83537,
83807,
84212,
84482,
84887,
85157,
85427,
86102,
86507,
86912,
87182,
87452,
87857,
88397,
88667,
89072,
89342,
89747,
90422,
90692,
92987,
93257,
93527,
93797,
94067,
94337,
94607,
94877,
96092,
96632,
97172,
97442,
97712,
97982,
98252,
102707,
102977,
103247,
103517,
103652,
103787,
104057,
104327,
104597,
104867,
105070,
105272,
105475,
105677,
105812,
106015,
106285,
106420,
106690,
106825,
108107,
108242,
108445,
108580,
108715,
108917,
109120,
109390,
109727,
109862,
110065,
110267,
110605,
110740,
110942,
111077,
111212,
111482,
111617,
111887,
112022,
112292,
112495,
112765,
113102,
113237,
113507,
113642,
113777,
114047,
114452,
114587,
114790,
114992,
115195,
115330,
115803,
116208,
116478,
116748,
117153,
117693,
117873,
118098,
118300,
118435,
118840,
119043,
119245,
119448,
119650,
119853,
119988,
120123,
120325,
120460,
120663,
120865,
121000,
121203,
121405,
121540,
121743,
121945,
122148,
122350,
122485,
122688,
122823,
123025,
123228,
123430,
123768,
123970,
124105,
124308,
124578,
124848,
125118,
125320,
125455,
125658,
125928,
126063,
126198,
126400,
126535,
126670,
126873,
127008,
127278,
127480,
127683,
127885,
128223,
128358,
128560,
128695,
128898,
129168,
129438,
129640,
129775,
130045,
130383,
130518,
130653,
130788,
131193,
131328,
131463,
131598,
131800,
131935,
132070,
132340,
132475,
132678,
132880,
133083,
133218,
133488,
133690,
133825,
134028,
134568,
134703,
135153,
135378,
135580,
135850,
136053,
136188,
136390,
136593,
136930,
137065,
137268,
137403,
137538,
137740,
137943,
138145,
138280,
138550,
138685,
138888,
139090,
139293,
139428,
139563,
139698,
139900,
140103,
140440,
140575,
140710,
140913,
141048,
141250,
141385,
141588,
141993,
142263,
142533,
142803,
143073,
143208,
143613,
143883,
144423,
144828,
144963,
145098,
145368,
145503,
145773,
145908,
146110,
146313,
146583,
146718,
147393,
147933,
148473,
149013,
149823,
150363,
150633,
150835,
151038,
151173,
151443,
152118,
152388,
152793,
153063,
153333,
153738,
154143,
154413,
154683,
154953,
155088,
155290,
155493,
155763,
155898,
156033,
156303,
156573,
156843,
157113,
157383,
157653,
157923,
158193,
158598,
158868,
159948,
160083,
160353,
160623,
161163,
161433,
161703,
161973,
162783,
163323,
163593,
163863,
164133,
164268,
164538,
164875,
165078,
165280,
165685,
165888,
166293,
166495,
166698,
166900,
167035,
167238,
167508,
167913,
168115,
168453,
168723,
168858,
169128,
169263,
169465,
169600,
169735,
169938,
170140,
170343,
170545,
170680,
170950,
171085,
171355,
171558,
171828,
172030,
172300,
172503,
172773,
172908,
173245,
173448,
173650,
173853,
173988,
174258,
174460,
174663,
174865,
175068,
175405,
175540,
175743,
176013,
176148,
176350,
176485,
176688,
176823,
177093,
177228,
177498,
177633,
177768,
178240,
178510,
178713,
178848,
178983,
179118,
179253,
179455,
179658,
179793,
179928,
180130,
180400,
180535,
180670,
180873,
181075,
181278,
181480,
182020,
182223,
182560,
182763,
182965,
183303,
183505,
183640,
184045,
184248,
184518,
184653,
184855,
185058,
185193,
185463,
185665,
185800,
185935,
186138,
186273,
186475,
186610,
187353,
187758,
187893,
188163,
188365,
188568,
188703,
188905,
189108,
189378,
189580,
189783,
189985,
190188,
190458,
190795,
190998,
191133,
191335,
191605,
191808,
192010,
192145,
192348,
192618,
192955,
193293,
193428,
193630,
193900,
194035,
194238,
194373,
194508,
194845,
195048,
195318,
195453,
195588,
195790,
195993,
196195,
196398,
196600,
196803,
196938,
197208,
197410,
197613,
197883,
198085,
198288,
198625,
198828,
199030,
199233,
199435,
199570,
199773,
199975,
200178,
200380,
200515,
200785,
209493,
210303,
210663,
211383,
212193,
213273,
214825,
217053,
217188,
217593,
217863,
218133,
218268,
218470,
218673,
218875,
219078,
219280,
219483,
219753,
219888,
220090,
220360,
220630,
220968,
221170,
221373,
221778,
221980,
222183,
222385,
222588,
222790,
222993,
223195,
223398,
223735,
223938,
224140,
224275,
224478,
224680,
224883,
225153,
225355,
225625,
225828,
226030,
226165,
226300,
226435,
226638,
226840,
227110,
227313,
227515,
227718,
227920,
228123,
228325,
228528,
228798,
229000,
229203,
229405,
229540,
229810,
229945,
230148,
230485,
230688,
230958,
231228,
231430,
231633,
231835,
232038,
232308,
232510,
232645,
232983,
233185,
233388,
233590,
233793,
233928,
234130,
234468,
234805,
235008,
235278,
235413,
235683,
235885,
236020,
236155,
236358,
236560,
236695,
236898,
237100,
237303,
237438,
237708,
237910,
238113,
238315,
238653,
238855,
239125,
239260,
239598,
239800,
239935,
240205,
240340,
240543,
240745,
240948,
241083,
241285,
241420,
241623,
241825,
241960,
242230,
242365,
242838,
242973,
243175,
243310,
243513,
243715,
243850,
244053,
244255,
244458,
244660,
244863,
245065,
245223,
245403,
245605,
245808,
246010,
246213,
246415,
246753,
246955,
247090,
247293,
247495,
247765,
247900,
248103,
248238,
248373,
248508,
248710,
249048,
249385,
249588,
249790,
249993,
250195,
250398,
250600,
250803,
250938,
251073,
251275,
251410,
251613,
251883,
252153,
252288,
252423,
252760,
252895,
253098,
253233,
253368,
253570,
253773,
253908,
254110,
254380,
254718,
254853,
255055,
255258,
255393,
255528,
255663,
255865,
256000,
256270,
256473,
256743,
256878,

2 Column Long Note Times:
26162,
27242,
35072,
99332,
204093,
207333,

2 Column Release Times:
26432,
27512,
35342,
100412,
204633,
208413,

3 Column Hit Times:
2132,
2537,
2807,
3077,
3212,
3752,
3887,
4022,
4292,
4495,
4697,
4967,
5102,
5372,
5575,
5980,
6250,
6385,
6655,
6857,
7262,
7532,
7937,
8072,
8612,
9152,
9287,
9422,
9827,
10097,
10367,
10637,
10772,
11042,
11312,
11852,
12122,
12662,
13067,
13472,
13607,
14012,
14282,
14552,
14755,
14957,
15092,
15362,
15767,
16037,
16307,
16712,
16982,
17387,
17657,
17927,
18332,
18602,
18872,
19007,
19142,
19345,
19547,
19952,
20357,
20762,
21302,
21572,
21842,
22112,
22382,
22787,
22922,
23192,
23395,
23597,
23732,
24002,
24407,
24677,
24947,
25352,
25622,
29132,
29335,
29537,
30820,
31022,
31157,
31967,
32237,
32912,
33047,
34262,
34397,
35815,
36017,
36287,
36557,
38717,
39932,
40742,
41957,
42632,
43712,
44252,
44792,
45197,
45332,
45737,
46412,
46547,
46817,
46952,
47155,
47492,
47762,
48167,
48572,
48842,
49247,
49517,
49787,
50327,
50597,
50867,
51272,
51542,
51812,
52082,
52352,
52622,
52892,
53162,
53432,
53702,
54107,
54377,
54647,
55052,
55322,
55592,
55862,
56132,
56672,
56942,
57482,
57887,
58157,
58562,
58832,
59237,
59642,
59912,
60317,
60722,
60992,
61262,
61532,
62072,
62477,
62747,
63017,
63152,
63422,
63827,
64097,
64637,
64840,
65110,
65245,
65515,
65717,
65920,
66190,
66325,
66595,
66797,
67202,
67405,
67607,
67810,
68012,
68215,
68417,
68552,
68822,
68957,
69160,
69362,
69565,
69902,
70037,
70172,
70307,
70712,
70847,
71320,
71725,
71927,
72130,
72332,
72467,
72602,
72872,
73142,
73547,
73952,
74222,
74492,
74897,
75100,
75235,
75572,
75707,
75910,
76112,
76315,
76517,
76652,
76787,
77192,
77462,
77800,
78002,
78272,
78542,
78677,
78880,
79150,
79285,
79555,
79892,
80027,
80230,
80432,
80635,
80837,
80972,
81242,
81377,
81512,
81917,
82187,
82457,
82862,
83132,
83672,
83942,
84212,
84617,
85022,
85292,
85562,
85832,
86102,
86372,
86642,
87047,
87452,
87722,
88127,
88532,
88937,
89207,
89612,
89882,
90152,
90422,
90557,
90827,
91097,
91367,
91637,
91907,
92177,
92447,
92717,
95012,
96092,
96632,
97172,
97442,
97712,
97982,
99332,
99602,
99872,
100142,
101492,
101762,
102032,
102302,
102640,
102910,
103180,
103450,
103652,
103855,
104125,
104395,
104665,
104800,
104935,
105205,
105340,
105542,
105745,
105947,
106217,
106487,
106622,
106757,
108040,
108377,
108647,
108850,
109052,
109255,
109457,
109592,
109795,
109997,
110200,
110470,
110672,
110875,
111145,
111347,
111617,
111752,
112022,
112157,
112360,
112630,
112832,
112967,
113372,
113507,
113777,
113912,
114182,
114317,
114520,
114722,
114857,
115060,
115262,
115465,
115667,
116073,
116343,
116613,
116883,
117153,
117423,
117783,
117963,
118233,
118503,
118773,
118908,
119178,
119313,
119515,
119785,
119920,
120190,
120393,
120595,
120730,
121068,
121270,
121473,
121675,
121878,
122080,
122283,
122755,
122958,
123160,
123295,
123498,
123633,
123835,
124038,
124173,
124443,
124713,
124983,
125253,
125590,
125793,
126130,
126333,
126603,
126805,
127143,
127345,
127615,
127750,
127953,
128155,
128425,
128628,
128763,
129033,
129303,
129573,
129708,
129910,
130113,
130248,
130923,
131058,
131193,
131328,
131733,
132003,
132205,
132408,
132610,
132813,
133015,
133420,
133623,
133893,
134163,
134298,
134433,
134703,
135063,
135243,
135513,
135648,
135783,
135985,
136120,
136458,
136660,
136795,
136998,
137200,
137335,
137605,
137875,
138078,
138415,
138618,
138753,
139023,
139158,
139360,
139630,
139833,
139968,
140170,
140305,
140508,
140778,
140980,
141183,
141453,
141723,
141993,
142398,
142668,
142803,
143073,
143343,
143478,
143613,
143748,
144018,
144153,
144423,
144760,
145233,
145435,
145638,
145840,
146043,
146245,
146448,
146650,
146785,
147123,
147663,
148203,
148743,
149283,
149823,
151713,
151983,
152523,
152793,
153063,
153468,
153603,
153873,
154278,
154683,
155020,
155155,
155425,
155628,
156168,
156573,
156843,
156978,
157383,
157653,
158058,
158328,
158733,
159003,
159273,
159475,
159678,
159813,
160218,
160488,
160758,
161028,
161298,
161568,
161838,
162243,
162513,
163053,
163323,
163593,
164200,
164335,
164605,
164740,
164943,
165145,
165483,
165685,
166090,
166293,
166428,
166563,
166833,
166968,
167103,
167305,
167643,
167913,
168318,
168453,
168588,
168790,
168993,
169195,
169398,
169803,
170073,
170275,
170410,
170613,
170883,
171018,
171288,
171490,
171693,
171895,
172165,
172368,
172638,
172840,
173043,
173178,
173380,
173718,
173920,
174123,
174325,
174528,
174798,
175000,
175270,
175473,
175675,
175810,
175945,
176215,
176418,
176620,
176890,
177025,
177295,
177565,
177835,
178038,
178173,
178375,
178780,
179050,
179320,
179523,
179860,
180063,
180198,
180603,
180805,
181008,
181143,
181345,
181548,
181683,
181885,
182088,
182358,
182493,
182695,
182898,
183033,
183168,
183438,
183775,
183978,
184113,
184383,
184720,
184990,
185260,
185395,
185598,
185733,
185868,
186205,
186408,
186880,
187015,
187420,
187623,
187825,
188028,
188230,
188433,
188635,
188838,
188973,
189175,
189445,
189715,
189918,
190120,
190255,
190593,
190863,
191268,
191740,
191875,
192078,
192213,
192483,
192753,
193158,
193360,
193563,
193765,
193968,
194170,
194440,
194575,
194778,
194913,
195183,
195520,
195723,
196060,
196330,
196465,
196668,
196870,
197073,
197343,
197478,
197680,
197815,
197950,
198220,
198355,
198490,
198693,
198963,
199098,
199300,
199503,
199705,
199840,
200043,
200313,
200583,
200718,
209763,
210573,
210753,
211113,
211653,
212463,
213003,
213543,
214758,
217323,
217458,
217593,
217863,
217998,
218200,
218403,
218740,
219010,
219213,
219415,
219618,
219955,
220158,
220293,
220495,
220698,
220900,
221103,
221238,
221440,
221575,
221710,
221913,
222115,
222318,
222453,
222655,
222858,
223128,
223330,
223533,
223668,
223870,
224005,
224208,
224410,
224613,
224815,
225018,
225220,
225490,
225760,
225895,
226098,
226368,
226570,
226705,
226908,
227245,
227380,
227583,
227853,
228055,
228190,
228393,
228595,
228730,
228933,
229068,
229270,
229473,
229743,
229878,
230080,
230215,
230418,
230553,
230755,
230890,
231160,
231295,
231498,
231700,
231903,
232173,
232443,
232578,
232848,
233050,
233320,
233455,
233658,
233860,
234063,
234198,
234333,
234535,
234873,
235143,
235345,
235548,
235750,
236088,
236290,
236425,
236628,
236830,
237033,
237370,
237573,
237843,
237978,
238180,
238383,
238585,
238788,
238990,
239193,
239463,
239868,
240070,
240273,
240475,
240610,
240813,
241015,
241353,
241555,
241690,
241893,
242095,
242298,
242568,
242703,
242905,
243243,
243445,
243580,
243783,
243985,
244188,
244390,
244728,
244930,
245133,
245313,
245470,
245740,
245875,
246078,
246280,
246483,
246685,
246820,
247023,
247225,
247428,
247630,
247833,
248035,
248440,
248643,
248845,
248980,
249115,
249318,
249520,
249723,
249858,
250060,
250263,
250465,
250668,
250870,
251140,
251545,
251748,
252153,
252558,
252828,
253030,
253165,
253503,
253638,
253840,
253975,
254245,
254448,
254650,
254785,
254920,
255123,
255325,
255730,
255933,
256068,
256203,
256338,
256540,
256743,
256945,

3 Column Long Note Times:
26432,
27512,
34802,
203013,
206793,

3 Column Release Times:
26702,
27782,
35072,
204093,
207333,

4 Column Hit Times:
2335,
3077,
3415,
3752,
4292,
4967,
5237,
5575,
5912,
6182,
6317,
6452,
6655,
7127,
7397,
7735,
8207,
8612,
9017,
9152,
9557,
9692,
9962,
10232,
10502,
10772,
11177,
11582,
11717,
12122,
12527,
12797,
12932,
13202,
13742,
14012,
14282,
14552,
14755,
14957,
15092,
15362,
15632,
15902,
16307,
16577,
16847,
17117,
17522,
17792,
18197,
18467,
18602,
18872,
19075,
19210,
19412,
19817,
20222,
20627,
21032,
21167,
21572,
21977,
22382,
22652,
23867,
24272,
24542,
24812,
25082,
25352,
25622,
28052,
28255,
28457,
30212,
30415,
30617,
32102,
33182,
33317,
33722,
33857,
36692,
38852,
40202,
40742,
41012,
42092,
43172,
43982,
44792,
45265,
45602,
45872,
46277,
46615,
46885,
47020,
47290,
47627,
48032,
48302,
48707,
49112,
49652,
50057,
50732,
51002,
51272,
51542,
51947,
52487,
53027,
53432,
53702,
53972,
54512,
54917,
55322,
55592,
55862,
56672,
57077,
57347,
57752,
58022,
58292,
58697,
59102,
59372,
59777,
60047,
60452,
60857,
61262,
61667,
61937,
62342,
62747,
63017,
63287,
63557,
63692,
63962,
64367,
64772,
64975,
65380,
65582,
65852,
66055,
66392,
66730,
67135,
67540,
67945,
68552,
68687,
69295,
69632,
69767,
70442,
70577,
70712,
70847,
71252,
71657,
72062,
72400,
72602,
73142,
73412,
73682,
74087,
74492,
74762,
75167,
75302,
75640,
76045,
76450,
76922,
77057,
77327,
77597,
77732,
77935,
78475,
79082,
79352,
79757,
80095,
80500,
81242,
81782,
82322,
82592,
83267,
83672,
84077,
84752,
85562,
85832,
86237,
86912,
87587,
87992,
88262,
88532,
89072,
89612,
90017,
90152,
90692,
92852,
95012,
96227,
96497,
97307,
97847,
102572,
102842,
103112,
103382,
103720,
103990,
104260,
104530,
104732,
105137,
105610,
105880,
106150,
106352,
106555,
107972,
108310,
108782,
109187,
109525,
109930,
110402,
110807,
111212,
111752,
111887,
112427,
112697,
113102,
113372,
113912,
114182,
114452,
114925,
115127,
115397,
115532,
115938,
116343,
116613,
117018,
117423,
117693,
118233,
118638,
118975,
119380,
120258,
120798,
121338,
121810,
122215,
122553,
122890,
123565,
123903,
124173,
124443,
124713,
124983,
125253,
125523,
125860,
126265,
126738,
127075,
127548,
128088,
128290,
128763,
129033,
129303,
129573,
129978,
130113,
130248,
130653,
130788,
131463,
131598,
132138,
132543,
132948,
133353,
133893,
134433,
134838,
134973,
135243,
135715,
136323,
136525,
136728,
137133,
137673,
138010,
138348,
138820,
139225,
139765,
140373,
140845,
141115,
141453,
141858,
142263,
142533,
142938,
143073,
143343,
143883,
144153,
144288,
144693,
144895,
145165,
145570,
145975,
146380,
149553,
150363,
150633,
150835,
151038,
151173,
151443,
152118,
152388,
152928,
153333,
153873,
154143,
154548,
154953,
155358,
155763,
156303,
156438,
157248,
157653,
157923,
158463,
158733,
159003,
159273,
159475,
159678,
159813,
160083,
160623,
161163,
161568,
163323,
163863,
164403,
164673,
165280,
165888,
166360,
166765,
167170,
167508,
168115,
168520,
168925,
169330,
169668,
169870,
170208,
170815,
171220,
171625,
171963,
172233,
172705,
173110,
173313,
173583,
174055,
174393,
174730,
175135,
175608,
176080,
176553,
176958,
177430,
177970,
178308,
178578,
178915,
179388,
179725,
180265,
180468,
181210,
181413,
181615,
181818,
182358,
182628,
183235,
183573,
183708,
183978,
184383,
184653,
184923,
185733,
186273,
187083,
187218,
187555,
187960,
188298,
188770,
189310,
189513,
189850,
190390,
190660,
190930,
191538,
191943,
192483,
192955,
193293,
193698,
194103,
194373,
194778,
195183,
195453,
195858,
196128,
196735,
197140,
197545,
198018,
198423,
198760,
199165,
199638,
200110,
200448,
209493,
210843,
212733,
213813,
214893,
215433,
215973,
216513,
216783,
217053,
217188,
217728,
217930,
218133,
218538,
218808,
219145,
219685,
220225,
220428,
220833,
221508,
221845,
222250,
222723,
223060,
223465,
223803,
224343,
224748,
225085,
225423,
225963,
226503,
227043,
227178,
227650,
227988,
228460,
228865,
229338,
229675,
230283,
230620,
231093,
231565,
231970,
232240,
232780,
233118,
233523,
233995,
234400,
234670,
235075,
235615,
235818,
236223,
236763,
237168,
237505,
237775,
238248,
238518,
238923,
239328,
239530,
239665,
240003,
240408,
240880,
241218,
241758,
242028,
242433,
242770,
243040,
243378,
243648,
244120,
244593,
244795,
244998,
245133,
245313,
245538,
245943,
246348,
246618,
247158,
247563,
247968,
248305,
248778,
249183,
249655,
250128,
250533,
251005,
251343,
251613,
252018,
252423,
252693,
252963,
253300,
253773,
254043,
254313,
254583,
254988,
255393,
255595,
255933,
256135,
256473,
256675,

4 Column Long Note Times:
25892,
26972,
35342,
56132,
98252,
100412,
106892,
146853,
161973,
200853,
204633,
206253,
257013,

4 Column Release Times:
26162,
27242,
35612,
56537,
99332,
101492,
107702,
149013,
163053,
201933,
205173,
206793,
261333,

