Artist : xi
Song Name : FREEDOM DiVE
Difficulty : 0
BPM : 222
Background Image : charts\xi-FREEDOM DiVE\background desuuu.jpg
Audio : charts\xi-FREEDOM DiVE\Freedom Dive.mp3

1 Column Hit Times:
2133,
2538,
2808,
2943,
3213,
3348,
3753,
3888,
4090,
4293,
4698,
4968,
5103,
5373,
5508,
5913,
6081,
6250,
6453,
6858,
7128,
7263,
7533,
7668,
8073,
8208,
8410,
8613,
9018,
9153,
9288,
9423,
9693,
9828,
9963,
10132,
10233,
10368,
10503,
10705,
10908,
11043,
11313,
11583,
11853,
12123,
12393,
12663,
12798,
12933,
13068,
13203,
13473,
13743,
13878,
14013,
14283,
14553,
14755,
14890,
15093,
15363,
15498,
15700,
15903,
16105,
16308,
16443,
16713,
16848,
16983,
17118,
17253,
17523,
17725,
17860,
18063,
18198,
18333,
18468,
18603,
18805,
19042,
19143,
19278,
19413,
19683,
19953,
20223,
20358,
20628,
20763,
21033,
21235,
21370,
21573,
21843,
21978,
22383,
22653,
22923,
23058,
23193,
23328,
23598,
23733,
23868,
24003,
24273,
24543,
24678,
24948,
25083,
25218,
25353,
25555,
25758,
25893,
26163,
26298,
26433,
26568,
26838,
26973,
27108,
27243,
27513,
27648,
27783,
27918,
28053,
28795,
29268,
29470,
29673,
29875,
30213,
30348,
30550,
30753,
30955,
31293,
31428,
31630,
31833,
31968,
32170,
32508,
32710,
32913,
33115,
33453,
33790,
33925,
34870,
35006,
35141,
35276,
35613,
35748,
35951,
36153,
36356,
36626,
37571,
37706,
38111,
38246,
38448,
38651,
38853,
39393,
39933,
40541,
40676,
41013,
41148,
41351,
41553,
41688,
41891,
42026,
42161,
42296,
42431,
42566,
42768,
42971,
43173,
43983,
44591,
44793,
44996,
45198,
45333,
45468,
45603,
45806,
46008,
46143,
46278,
46413,
46616,
46818,
46953,
47122,
47223,
47358,
47493,
47763,
47966,
48101,
48303,
48573,
48776,
48911,
49113,
49316,
49451,
49653,
49923,
50058,
50193,
50463,
50666,
50801,
51003,
51273,
51408,
51543,
51678,
51813,
51948,
52083,
52353,
52488,
52623,
52758,
52893,
53163,
53298,
53433,
53703,
53838,
53973,
54176,
54311,
54513,
54783,
54918,
55053,
55188,
55323,
55458,
55593,
55728,
55863,
55998,
56133,
56336,
56471,
56673,
56876,
57011,
57213,
57348,
57483,
57686,
57821,
58023,
58226,
58361,
58563,
58833,
58968,
59103,
59238,
59373,
59643,
59778,
59913,
60183,
60318,
60453,
60723,
60926,
61061,
61263,
61533,
61736,
61871,
62073,
62208,
62343,
62478,
62613,
62748,
62883,
63086,
63221,
63390,
63558,
63693,
63828,
64031,
64166,
64301,
64470,
64571,
64706,
64908,
65043,
65246,
65381,
65583,
65718,
65853,
66056,
66191,
66393,
66528,
66933,
67136,
67338,
67473,
67676,
67811,
67946,
68081,
68216,
68418,
68553,
68688,
68958,
69093,
69296,
69498,
69633,
69768,
69903,
70038,
70173,
70376,
70511,
70713,
70848,
70983,
71186,
71321,
71523,
71793,
71928,
72063,
72266,
72468,
72603,
72738,
72873,
73008,
73143,
73278,
73413,
73548,
73683,
73818,
74021,
74223,
74358,
74493,
74673,
74831,
75033,
75236,
75573,
75708,
75978,
76113,
76451,
76653,
76788,
76923,
77193,
77328,
77463,
77733,
77936,
78138,
78273,
78543,
78813,
78948,
79083,
79286,
79421,
79556,
79893,
80028,
80163,
80366,
80501,
80703,
80838,
80973,
81176,
81446,
81581,
81750,
81851,
81986,
82188,
82593,
83268,
83673,
84078,
84483,
84754,
85294,
85564,
85834,
86239,
86374,
86644,
86914,
87589,
87994,
88399,
88804,
89614,
89884,
90154,
90694,
90829,
91099,
91639,
91909,
92449,
92719,
92854,
93124,
93529,
93934,
94339,
94609,
94879,
95014,
95216,
95486,
95689,
95959,
96094,
96296,
96566,
96701,
97039,
97174,
97444,
97714,
97849,
98017,
98152,
98254,
98524,
98794,
99064,
99334,
99604,
99739,
99941,
100144,
100279,
100414,
100616,
100819,
100954,
101156,
101359,
101561,
101764,
101966,
102304,
102439,
102574,
102776,
102979,
103181,
103384,
103586,
103721,
103924,
104059,
104194,
104464,
104599,
104734,
104869,
105004,
105206,
105409,
105544,
105679,
105814,
105949,
106084,
106219,
106354,
106489,
106624,
106759,
106894,
107704,
107974,
108176,
108311,
108514,
108649,
109189,
109324,
109526,
109661,
109864,
109999,
110201,
110404,
110539,
110741,
110944,
111079,
111214,
111349,
111484,
111619,
111889,
112024,
112159,
112294,
112564,
112834,
113104,
113239,
113374,
113509,
113644,
113846,
113981,
114184,
114454,
114589,
114724,
114994,
115264,
115399,
115534,
115804,
116006,
116141,
116310,
116411,
116546,
116884,
117019,
117154,
117289,
117491,
117626,
117761,
117896,
118099,
118369,
118504,
118639,
118774,
119044,
119314,
119584,
119854,
120124,
120259,
120394,
120596,
120731,
120934,
121204,
121339,
121541,
121744,
121879,
122014,
122216,
122351,
122554,
122689,
122824,
122959,
123094,
123364,
123499,
123701,
123836,
124039,
124174,
124309,
124444,
124579,
124714,
124849,
124984,
125119,
125254,
125456,
125659,
125794,
125996,
126131,
126266,
126401,
126604,
126739,
126941,
127144,
127279,
127414,
127616,
127751,
127954,
128089,
128359,
128629,
128764,
128966,
129101,
129304,
129506,
129641,
129776,
129911,
130046,
130181,
130384,
130586,
130721,
130924,
131059,
131194,
131396,
131531,
131734,
131936,
132071,
132206,
132341,
132544,
132679,
132814,
133016,
133151,
133286,
133421,
133556,
133691,
133826,
133961,
134096,
134366,
134637,
135064,
135244,
135447,
135582,
135784,
135919,
136122,
136324,
136527,
136729,
136864,
137067,
137202,
137404,
137607,
137742,
137944,
138147,
138282,
138417,
138552,
138687,
138889,
139159,
139294,
139429,
139564,
139834,
139969,
140104,
140307,
140442,
140577,
140712,
140914,
141049,
141252,
141454,
141589,
141724,
141859,
141994,
142129,
142264,
142399,
142534,
142669,
142804,
143007,
143142,
143344,
143479,
143614,
143749,
143884,
144087,
144222,
144390,
144492,
144627,
144762,
144964,
145167,
145369,
145504,
145639,
145774,
145909,
146044,
146179,
146314,
146449,
146584,
146719,
146854,
147124,
147327,
147664,
147799,
147934,
148204,
148474,
148609,
148744,
148879,
149014,
149284,
149419,
149757,
149892,
150094,
150229,
150364,
150567,
150702,
150904,
151039,
151174,
151444,
151579,
151984,
152119,
152389,
152524,
152659,
152794,
153064,
153199,
153334,
153469,
153807,
154009,
154144,
154279,
154414,
154617,
154819,
154954,
155089,
155224,
155359,
155494,
155697,
155832,
156034,
156169,
156304,
156574,
156777,
156912,
157114,
157384,
157519,
157654,
157789,
157924,
158127,
158262,
158464,
158667,
158937,
159072,
159274,
159477,
159612,
159747,
159882,
160084,
160354,
160557,
160692,
160894,
161029,
161164,
161299,
161502,
161637,
161839,
161974,
162177,
162312,
162447,
162582,
162784,
162919,
163054,
163257,
163459,
163594,
163729,
163864,
163999,
164134,
164269,
164472,
164742,
164944,
165079,
165282,
165484,
165687,
165822,
165957,
166092,
166294,
166699,
166834,
167104,
167239,
167509,
167644,
167914,
168049,
168184,
168319,
168454,
168724,
168859,
168994,
169264,
169534,
169669,
169939,
170142,
170344,
170479,
170614,
170817,
170952,
171154,
171357,
171559,
171694,
171829,
171964,
172167,
172302,
172437,
172572,
172707,
172909,
173044,
173382,
173584,
173719,
173989,
174259,
174462,
174664,
174799,
174934,
175204,
175542,
175744,
175879,
176082,
176284,
176419,
176622,
176757,
176892,
177094,
177229,
177364,
177499,
177702,
177904,
178039,
178174,
178309,
178444,
178714,
178917,
179052,
179254,
179389,
179524,
179727,
179862,
179997,
180132,
180267,
180469,
180604,
180739,
180874,
181009,
181144,
181279,
181414,
181617,
181752,
181954,
182089,
182359,
182494,
182629,
182832,
183034,
183237,
183372,
183574,
183709,
183844,
184047,
184249,
184452,
184587,
184722,
184924,
185195,
185465,
185802,
186005,
186207,
186342,
186612,
186815,
186950,
187152,
187490,
187692,
187895,
188097,
188367,
188637,
188907,
189042,
189245,
189380,
189515,
189717,
189852,
189987,
190122,
190325,
190460,
190730,
190865,
191135,
191405,
191675,
191945,
192080,
192215,
192350,
192552,
192755,
192890,
193025,
193295,
193497,
193767,
194037,
194307,
194442,
194712,
195185,
195320,
195860,
196062,
196265,
196400,
196535,
196805,
196940,
197075,
197210,
197345,
197547,
197885,
198020,
198155,
198290,
198425,
198560,
198695,
198830,
198965,
199100,
199235,
199370,
199505,
199640,
199775,
199910,
200045,
200180,
200315,
200450,
200585,
200720,
200855,
201597,
202070,
202272,
202475,
202677,
203015,
203150,
203352,
203555,
203757,
204095,
204230,
204432,
204635,
204770,
204972,
205310,
205512,
205715,
205917,
206255,
206592,
206727,
207672,
207807,
207942,
208077,
208415,
208550,
208752,
208955,
209157,
209427,
210372,
210507,
210912,
211047,
211250,
211452,
211655,
212195,
212735,
213342,
213477,
213815,
213950,
214152,
214355,
214490,
214692,
214827,
214962,
215097,
215232,
215367,
215570,
215772,
215975,
216785,
217392,
217595,
217797,
218000,
218135,
218337,
218472,
218675,
218810,
219350,
219485,
219687,
219822,
220025,
220160,
220362,
220565,
220700,
220902,
221105,
221240,
221375,
221510,
221645,
221780,
222050,
222185,
222320,
222455,
222725,
222860,
222995,
223265,
223400,
223535,
223670,
223805,
224007,
224142,
224345,
224615,
224750,
224885,
225155,
225425,
225560,
225695,
225965,
226167,
226302,
226471,
226572,
226707,
227045,
227180,
227315,
227450,
227652,
227787,
227922,
228057,
228260,
228530,
228665,
228800,
228935,
229205,
229475,
229745,
229880,
230015,
230285,
230420,
230555,
230757,
230892,
231095,
231365,
231500,
231702,
231905,
232040,
232175,
232377,
232512,
232715,
232850,
232985,
233120,
233255,
233525,
233660,
233862,
233997,
234200,
234335,
234470,
234605,
234740,
234875,
235010,
235145,
235280,
235415,
235550,
235685,
235820,
235955,
236090,
236225,
236428,
236563,
236698,
236900,
237035,
237170,
237373,
237575,
237710,
237845,
238048,
238183,
238318,
238520,
238790,
238925,
239128,
239263,
239465,
239668,
239803,
239938,
240073,
240208,
240343,
240545,
240748,
240883,
241085,
241220,
241355,
241558,
241693,
241895,
242030,
242165,
242300,
242435,
242638,
242773,
242908,
243110,
243245,
243448,
243583,
243718,
243853,
243988,
244123,
244258,
244528,
244798,
245225,
245405,
245608,
245810,
245945,
246080,
246283,
246485,
246688,
246890,
247025,
247228,
247363,
247565,
247700,
247835,
247970,
248105,
248308,
248443,
248578,
248713,
248848,
249050,
249320,
249455,
249590,
249725,
249860,
249995,
250130,
250265,
250468,
250603,
250738,
250873,
251075,
251210,
251413,
251615,
251750,
251885,
252020,
252155,
252290,
252425,
252560,
252695,
252830,
252965,
253168,
253303,
253505,
253640,
253775,
253910,
254045,
254248,
254383,
254518,
254653,
254788,
254923,
255125,
255328,
255530,
255665,
255800,
255935,
256070,
256205,
256340,
256475,
256610,
256745,
256880,
257015,

1 Column Long Note Times:

1 Column Release Times:

2 Column Hit Times:
2200,
2335,
2470,
2673,
2808,
3010,
3145,
3415,
3550,
3685,
3888,
4023,
4225,
4360,
4495,
4630,
4833,
4968,
5170,
5305,
5575,
5710,
5845,
6048,
6183,
6385,
6520,
6655,
6790,
6993,
7128,
7330,
7465,
7735,
7870,
8005,
8208,
8343,
8545,
8680,
8815,
8950,
9153,
9288,
9490,
9625,
9760,
9929,
10098,
10233,
10368,
10570,
10705,
10840,
11043,
11178,
11380,
11515,
11650,
11853,
12055,
12190,
12325,
12528,
12663,
12798,
12933,
13135,
13270,
13473,
13608,
13743,
13878,
14080,
14215,
14350,
14485,
14620,
14755,
14890,
15025,
15160,
15363,
15565,
15835,
15970,
16173,
16375,
16510,
16645,
16848,
16983,
17185,
17320,
17455,
17590,
17793,
17995,
18130,
18265,
18468,
18603,
18738,
18873,
19008,
19143,
19278,
19413,
19615,
19750,
19885,
20088,
20223,
20425,
20560,
20763,
20898,
21100,
21303,
21505,
21640,
21843,
22045,
22180,
22315,
22450,
22585,
22788,
22923,
23058,
23193,
23328,
23463,
23598,
23733,
23935,
24070,
24273,
24408,
24543,
24678,
24880,
25015,
25218,
25420,
25555,
25690,
25825,
26028,
26163,
26298,
26433,
26635,
26770,
26905,
27108,
27310,
27445,
27682,
27783,
27918,
28053,
28188,
28390,
28593,
29200,
29403,
29605,
29808,
30010,
30145,
30888,
31090,
31225,
31563,
31765,
32103,
32305,
32440,
32643,
32845,
33250,
33385,
33723,
33858,
34060,
34195,
34330,
34465,
34600,
34735,
35073,
35208,
35411,
35546,
36288,
36491,
36626,
36761,
36896,
37301,
37436,
37773,
38043,
38313,
38786,
38921,
39056,
39461,
39596,
39731,
39866,
40271,
40406,
40811,
40946,
41081,
41283,
41486,
41621,
42026,
42363,
42498,
42701,
43106,
43241,
43376,
43511,
43646,
43781,
43916,
44051,
44186,
44388,
44523,
44726,
44928,
45131,
45266,
45468,
45671,
45806,
45941,
46143,
46346,
46481,
46616,
46751,
46886,
47088,
47223,
47358,
47493,
47696,
47831,
48033,
48236,
48371,
48573,
48708,
48843,
49046,
49181,
49383,
49586,
49721,
49923,
50193,
50328,
50463,
50598,
50733,
51003,
51138,
51273,
51543,
51678,
51813,
52083,
52286,
52421,
52623,
52893,
53096,
53231,
53433,
53568,
53703,
53838,
53973,
54243,
54446,
54581,
54783,
54918,
55053,
55188,
55323,
55458,
55593,
55762,
55863,
55998,
56133,
56403,
56606,
56741,
56943,
57213,
57416,
57551,
57753,
57956,
58091,
58293,
58563,
58698,
58833,
59103,
59306,
59441,
59643,
59913,
60048,
60183,
60318,
60453,
60588,
60723,
60993,
61128,
61263,
61398,
61533,
61803,
61938,
62073,
62343,
62478,
62613,
62816,
62951,
63153,
63288,
63423,
63558,
63693,
63896,
64031,
64166,
64301,
64436,
64571,
64706,
64841,
65043,
65178,
65381,
65583,
65718,
65853,
66056,
66258,
66393,
66596,
66731,
66866,
67068,
67203,
67406,
67541,
67743,
68013,
68216,
68351,
68553,
68756,
68891,
69093,
69228,
69363,
69498,
69633,
69836,
69971,
70173,
70308,
70443,
70713,
70848,
70983,
71118,
71253,
71523,
71658,
71793,
71996,
72131,
72266,
72401,
72603,
72738,
72873,
73042,
73143,
73278,
73413,
73548,
73751,
73953,
74088,
74223,
74358,
74493,
74628,
74763,
75033,
75236,
75371,
75506,
75776,
75911,
76181,
76316,
76518,
76653,
76856,
76991,
77193,
77328,
77463,
77598,
77733,
77868,
78003,
78138,
78273,
78476,
78611,
78746,
78881,
79083,
79218,
79353,
79556,
79691,
79893,
80096,
80298,
80433,
80703,
80906,
81041,
81176,
81311,
81446,
81581,
81716,
81851,
81986,
82323,
82998,
83403,
83673,
84348,
84619,
84889,
85564,
86104,
86509,
87319,
87724,
87994,
88669,
88939,
89209,
89749,
90424,
90626,
90964,
91369,
91639,
91774,
92044,
92314,
92786,
92989,
93259,
93529,
93799,
94204,
94744,
95014,
95149,
95351,
95554,
95891,
96094,
96229,
96431,
96634,
96836,
97039,
97174,
97376,
97579,
97714,
97916,
98085,
98220,
98389,
98591,
98726,
98929,
99131,
99266,
99401,
99604,
99806,
100144,
100346,
100481,
100684,
101021,
101224,
101494,
101696,
101831,
102034,
102169,
102439,
102574,
102709,
102911,
103114,
103384,
103654,
103856,
104059,
104261,
104396,
104599,
104734,
104936,
105071,
105206,
105341,
105476,
105679,
105847,
105982,
106117,
106252,
106354,
106489,
106624,
106759,
106894,
107704,
107974,
108176,
108379,
108514,
108716,
108851,
108986,
109121,
109324,
109459,
109661,
109864,
109999,
110134,
110336,
110471,
110674,
110809,
111079,
111349,
111484,
111686,
111821,
112024,
112226,
112361,
112496,
112631,
112766,
112901,
113104,
113306,
113441,
113644,
113779,
113914,
114116,
114251,
114454,
114656,
114791,
114926,
115061,
115264,
115399,
115534,
115736,
115871,
116006,
116141,
116276,
116411,
116546,
116681,
116816,
117086,
117356,
117784,
117964,
118166,
118301,
118504,
118639,
118841,
119044,
119246,
119449,
119584,
119786,
119921,
120124,
120326,
120461,
120664,
120866,
121001,
121136,
121271,
121406,
121609,
121879,
122014,
122149,
122284,
122554,
122689,
122824,
123026,
123161,
123296,
123431,
123634,
123769,
123971,
124174,
124309,
124444,
124579,
124714,
124883,
124984,
125119,
125254,
125456,
125591,
125794,
125929,
126469,
126604,
126806,
126941,
127144,
127279,
127481,
127684,
127819,
128021,
128224,
128359,
128494,
128629,
128764,
128899,
129169,
129304,
129439,
129574,
129844,
130114,
130384,
130519,
130654,
130789,
130924,
131126,
131261,
131464,
131734,
131869,
132004,
132274,
132544,
132679,
132814,
133084,
133286,
133421,
133590,
133691,
133826,
134164,
134299,
134434,
134569,
134771,
134907,
135042,
135176,
135379,
135649,
135784,
135919,
136054,
136324,
136594,
136864,
137134,
137404,
137539,
137674,
137877,
138012,
138214,
138484,
138619,
138822,
139024,
139159,
139294,
139497,
139632,
139834,
139969,
140104,
140239,
140374,
140644,
140779,
140982,
141117,
141319,
141454,
141589,
141724,
141859,
141994,
142129,
142264,
142399,
142534,
142737,
142872,
143074,
143209,
143344,
143479,
143614,
143817,
143952,
144154,
144357,
144492,
144694,
144897,
145032,
145234,
145369,
145504,
145639,
145774,
145909,
146044,
146179,
146314,
146483,
146584,
146719,
146854,
147057,
147192,
147394,
147529,
147664,
147934,
148137,
148272,
148474,
148744,
148879,
149014,
149149,
149284,
149487,
149622,
149824,
150027,
150297,
150432,
150634,
150837,
150972,
151107,
151242,
151444,
151714,
151917,
152052,
152254,
152389,
152524,
152659,
152862,
152997,
153199,
153334,
153537,
153672,
153807,
153942,
154144,
154279,
154414,
154549,
154684,
154819,
154954,
155123,
155224,
155359,
155494,
155764,
155967,
156304,
156439,
156574,
156844,
157114,
157249,
157384,
157519,
157654,
157924,
158059,
158397,
158532,
158734,
158869,
159004,
159207,
159342,
159544,
159679,
159814,
160084,
160219,
160624,
160759,
161029,
161164,
161299,
161434,
161704,
161839,
161974,
162109,
162447,
162649,
162784,
162919,
163054,
163189,
163324,
163459,
163594,
163763,
163864,
163999,
164134,
164337,
164539,
164674,
164809,
165079,
165214,
165417,
165552,
165687,
165889,
166092,
166227,
166429,
166564,
166834,
166969,
167104,
167307,
167442,
167577,
167779,
167914,
168117,
168319,
168454,
168657,
168859,
168994,
169197,
169332,
169602,
169737,
169872,
170007,
170209,
170479,
170749,
170884,
171154,
171289,
171424,
171559,
171694,
171897,
172032,
172167,
172302,
172437,
172572,
172707,
172842,
173112,
173247,
173449,
173584,
173719,
173854,
174057,
174192,
174327,
174529,
174799,
175002,
175137,
175339,
175474,
175609,
175812,
175947,
176149,
176284,
176487,
176824,
177027,
177162,
177432,
177567,
177904,
178242,
178377,
178512,
178714,
178849,
178984,
179187,
179322,
179457,
179592,
179727,
179929,
180064,
180267,
180402,
180537,
180739,
180874,
181043,
181144,
181279,
181414,
181617,
181819,
182022,
182157,
182359,
182494,
182697,
182899,
183034,
183169,
183439,
183642,
183979,
184182,
184317,
184519,
184790,
184992,
185195,
185397,
185532,
185667,
185870,
186072,
186207,
186410,
186545,
186680,
186815,
187017,
187220,
187355,
187557,
187760,
188030,
188165,
188300,
188502,
188772,
188907,
189110,
189245,
189447,
189582,
189751,
189852,
189987,
190190,
190527,
190662,
191000,
191202,
191337,
191472,
191607,
191810,
192012,
192147,
192350,
192485,
192755,
192957,
193160,
193430,
193565,
193700,
193902,
194172,
194375,
194847,
195117,
195387,
195522,
195725,
195927,
196130,
196332,
196467,
196602,
196737,
196940,
197075,
197210,
197412,
197547,
197682,
197817,
198020,
198155,
198323,
198425,
198560,
198695,
198830,
198965,
199100,
199235,
199370,
199505,
199640,
199775,
199910,
200045,
200180,
200315,
200450,
200585,
200720,
200855,
200990,
201192,
201395,
202002,
202205,
202407,
202610,
202812,
202947,
203690,
203892,
204027,
204365,
204567,
204905,
205107,
205242,
205445,
205647,
206052,
206187,
206525,
206660,
206862,
206997,
207132,
207267,
207402,
207537,
207875,
208010,
208212,
208347,
208955,
209090,
209292,
209427,
209562,
209697,
210102,
210237,
210575,
210845,
211115,
211587,
211722,
211857,
212262,
212397,
212532,
212667,
213072,
213207,
213612,
213747,
213882,
214085,
214287,
214422,
214827,
215165,
215300,
215502,
215907,
216042,
216177,
216312,
216447,
216582,
216717,
216852,
216987,
217190,
217325,
217527,
217730,
217865,
218000,
218135,
218337,
218540,
218675,
218877,
219012,
219147,
219282,
219485,
219620,
219822,
220025,
220160,
220295,
220497,
220632,
220835,
220970,
221240,
221510,
221645,
221847,
221982,
222185,
222387,
222522,
222657,
222792,
222927,
223062,
223265,
223467,
223602,
223805,
223940,
224075,
224277,
224412,
224615,
224817,
224952,
225087,
225222,
225425,
225560,
225695,
225897,
226032,
226167,
226302,
226437,
226572,
226707,
226842,
226977,
227247,
227517,
227945,
228125,
228327,
228462,
228665,
228800,
228935,
229137,
229272,
229407,
229610,
229745,
229947,
230082,
230285,
230487,
230622,
230825,
231027,
231162,
231297,
231432,
231567,
231770,
232040,
232175,
232310,
232445,
232715,
232850,
232985,
233187,
233322,
233457,
233592,
233795,
233997,
234132,
234335,
234470,
234605,
234740,
234875,
235044,
235145,
235280,
235415,
235550,
235685,
235955,
236090,
236293,
236630,
236765,
236900,
237103,
237238,
237440,
237575,
237710,
237845,
237980,
238183,
238385,
238520,
238655,
238790,
238925,
239060,
239330,
239465,
239600,
239735,
239938,
240275,
240410,
240545,
240680,
240815,
240950,
241085,
241288,
241423,
241625,
241760,
241895,
242030,
242165,
242368,
242503,
242705,
242908,
243043,
243178,
243313,
243448,
243583,
243751,
243853,
243988,
244325,
244460,
244595,
244730,
244933,
245068,
245203,
245338,
245540,
245743,
245878,
246080,
246215,
246418,
246553,
246755,
246890,
247025,
247160,
247295,
247498,
247633,
247835,
247970,
248105,
248240,
248375,
248578,
248780,
248983,
249185,
249320,
249455,
249658,
249793,
249995,
250130,
250265,
250400,
250535,
250738,
250940,
251143,
251278,
251480,
251615,
251750,
251885,
252020,
252155,
252290,
252425,
252560,
252695,
252898,
253033,
253235,
253370,
253505,
253640,
253775,
253978,
254113,
254315,
254551,
254653,
254855,
255058,
255193,
255395,
255530,
255665,
255800,
255935,
256070,
256205,
256340,
256475,
256610,
256745,
256880,
257015,

2 Column Long Note Times:

2 Column Release Times:

3 Column Hit Times:
2133,
2268,
2403,
2605,
2740,
2875,
3078,
3213,
3483,
3618,
3820,
3955,
4158,
4293,
4428,
4563,
4765,
4900,
5035,
5238,
5373,
5643,
5778,
5980,
6149,
6318,
6453,
6588,
6723,
6925,
7060,
7195,
7398,
7533,
7803,
7938,
8140,
8275,
8478,
8613,
8748,
8883,
9085,
9220,
9355,
9558,
9693,
9895,
10030,
10199,
10300,
10435,
10638,
10773,
10975,
11110,
11245,
11448,
11583,
11785,
11920,
12123,
12258,
12460,
12663,
12865,
13000,
13203,
13405,
13540,
13675,
13810,
13945,
14148,
14283,
14418,
14553,
14688,
14823,
14958,
15093,
15295,
15430,
15633,
15768,
15903,
16038,
16240,
16375,
16578,
16780,
16915,
17050,
17185,
17388,
17523,
17658,
17793,
17928,
18063,
18198,
18333,
18535,
18670,
18805,
18940,
19109,
19210,
19345,
19480,
19683,
19818,
20020,
20155,
20290,
20493,
20695,
20830,
20965,
21168,
21303,
21438,
21573,
21775,
21910,
22113,
22248,
22383,
22518,
22720,
22855,
22990,
23125,
23260,
23395,
23530,
23665,
23800,
24003,
24205,
24475,
24610,
24813,
25015,
25150,
25285,
25488,
25623,
25825,
25960,
26095,
26230,
26365,
26500,
26703,
26905,
27040,
27175,
27378,
27580,
27715,
27850,
27985,
28120,
28323,
28525,
28728,
28930,
29065,
29740,
29943,
30078,
30280,
30483,
30685,
30820,
31023,
31158,
31360,
31698,
31900,
32238,
32373,
33048,
33183,
33318,
33520,
33655,
33993,
34128,
34533,
34803,
34938,
35681,
35883,
36086,
36221,
36423,
36558,
36693,
36828,
37031,
37166,
37773,
37953,
38178,
38381,
38583,
38718,
38853,
38988,
39191,
39326,
39663,
39798,
40001,
40136,
40473,
40608,
41013,
41216,
41418,
41823,
41958,
42093,
42633,
42903,
43038,
43173,
43308,
43443,
43578,
43713,
43848,
43983,
44118,
44321,
44523,
44861,
45063,
45266,
45401,
45536,
45738,
45873,
46076,
46211,
46346,
46548,
46683,
46886,
47021,
47189,
47291,
47426,
47628,
47763,
48033,
48168,
48303,
48438,
48573,
48843,
48978,
49113,
49383,
49518,
49653,
49856,
49991,
50193,
50396,
50531,
50733,
50868,
51003,
51206,
51341,
51543,
51746,
51881,
52083,
52218,
52353,
52623,
52826,
52961,
53163,
53433,
53636,
53771,
53973,
54108,
54243,
54378,
54513,
54716,
54851,
55053,
55256,
55391,
55593,
55796,
55931,
56066,
56201,
56403,
56538,
56673,
56943,
57146,
57281,
57483,
57753,
57888,
58023,
58158,
58293,
58428,
58563,
58766,
58901,
59103,
59373,
59576,
59711,
59913,
60116,
60251,
60453,
60656,
60791,
60993,
61196,
61331,
61533,
61668,
61803,
62006,
62141,
62343,
62546,
62681,
62883,
63018,
63153,
63322,
63423,
63626,
63761,
63963,
64098,
64233,
64402,
64503,
64638,
64773,
64976,
65178,
65313,
65516,
65651,
65786,
65921,
66123,
66258,
66461,
66663,
66798,
66933,
67136,
67271,
67473,
67608,
67878,
68148,
68283,
68486,
68621,
68823,
69026,
69161,
69296,
69431,
69566,
69701,
69903,
70106,
70241,
70443,
70578,
70713,
70916,
71051,
71253,
71456,
71591,
71726,
71861,
72063,
72198,
72333,
72536,
72671,
72806,
72941,
73076,
73211,
73346,
73481,
73616,
73886,
74156,
74583,
74763,
74966,
75101,
75303,
75438,
75641,
75843,
76046,
76248,
76383,
76586,
76721,
76923,
77126,
77261,
77463,
77666,
77801,
77936,
78071,
78206,
78408,
78678,
78813,
78948,
79083,
79353,
79488,
79623,
79826,
79961,
80096,
80231,
80433,
80568,
80771,
80973,
81108,
81243,
81378,
81513,
81682,
81783,
81918,
82053,
82458,
82728,
83133,
83943,
84213,
84754,
85024,
85294,
85699,
85969,
86374,
86779,
87049,
87454,
88264,
88534,
89074,
89344,
89614,
89884,
90154,
90559,
90694,
91099,
91369,
91774,
92179,
92584,
92854,
92989,
93394,
93664,
94069,
94339,
94609,
95081,
95284,
95621,
95824,
96026,
96161,
96364,
96634,
96769,
96971,
97106,
97309,
97511,
97714,
98051,
98186,
98321,
98456,
98659,
98861,
98996,
99199,
99334,
99536,
99874,
100076,
100414,
100751,
100954,
101291,
101494,
101629,
101899,
102034,
102236,
102371,
102574,
102844,
103114,
103316,
103451,
103654,
103789,
103991,
104126,
104329,
104531,
104666,
104801,
104936,
105139,
105274,
105476,
105611,
105746,
105881,
106016,
106151,
106286,
106421,
106556,
106691,
106826,
106894,
107704,
108041,
108244,
108379,
108581,
108784,
108919,
109054,
109256,
109459,
109594,
109796,
109931,
110066,
110269,
110404,
110606,
110741,
110944,
111214,
111416,
111551,
111754,
111956,
112091,
112294,
112429,
112564,
112699,
112834,
113036,
113171,
113374,
113509,
113644,
113914,
114049,
114184,
114319,
114454,
114724,
114859,
114994,
115196,
115331,
115466,
115601,
115804,
115939,
116074,
116243,
116344,
116479,
116614,
116749,
116951,
117154,
117289,
117424,
117559,
117694,
117829,
117964,
118234,
118436,
118571,
118706,
118976,
119111,
119381,
119516,
119719,
119854,
120056,
120191,
120394,
120529,
120664,
120799,
120934,
121069,
121204,
121339,
121474,
121676,
121811,
121946,
122081,
122284,
122419,
122554,
122756,
122891,
123094,
123296,
123499,
123634,
123904,
124106,
124241,
124376,
124511,
124646,
124781,
124916,
125051,
125186,
125389,
125524,
125726,
125861,
126064,
126199,
126334,
126536,
126671,
126874,
127009,
127414,
127616,
127819,
127954,
128156,
128291,
128426,
128561,
128696,
128899,
129034,
129169,
129439,
129574,
129776,
129979,
130114,
130249,
130384,
130519,
130654,
130856,
130991,
131194,
131329,
131464,
131666,
131801,
132004,
132274,
132409,
132544,
132746,
132949,
133084,
133219,
133354,
133489,
133624,
133759,
133894,
134029,
134164,
134299,
134501,
134704,
134839,
134974,
135154,
135312,
135514,
135717,
136054,
136189,
136459,
136594,
136932,
137134,
137269,
137404,
137674,
137809,
137944,
138214,
138417,
138619,
138754,
139024,
139294,
139429,
139564,
139767,
139902,
140037,
140374,
140509,
140644,
140847,
140982,
141184,
141319,
141454,
141657,
141927,
142197,
142332,
142467,
142602,
142804,
142939,
143074,
143209,
143344,
143547,
143682,
143884,
144019,
144154,
144323,
144424,
144559,
144694,
144829,
144964,
145099,
145234,
145437,
145572,
145707,
145842,
145977,
146112,
146247,
146382,
146517,
146652,
146787,
146922,
147124,
147259,
147462,
147664,
147867,
148069,
148204,
148407,
148542,
148744,
148947,
149082,
149284,
149554,
149824,
149959,
150162,
150364,
150499,
150634,
150769,
150904,
151039,
151174,
151377,
151512,
151714,
151849,
151984,
152119,
152322,
152457,
152592,
152727,
152929,
153132,
153267,
153402,
153604,
153739,
153874,
154077,
154212,
154347,
154482,
154617,
154752,
154887,
155157,
155292,
155427,
155629,
155764,
156034,
156237,
156372,
156642,
156844,
156979,
157317,
157452,
157654,
157857,
157992,
158194,
158329,
158464,
158599,
158734,
159004,
159139,
159274,
159477,
159679,
159814,
159949,
160084,
160287,
160422,
160624,
160827,
161164,
161434,
161569,
161704,
161907,
162109,
162244,
162379,
162514,
162649,
162852,
162987,
163122,
163257,
163392,
163527,
163662,
163831,
163932,
164067,
164202,
164404,
164607,
164877,
165012,
165147,
165349,
165484,
165619,
165754,
165889,
166092,
166362,
166497,
166632,
167037,
167239,
167374,
167509,
167712,
167847,
167982,
168117,
168252,
168387,
168589,
168792,
168927,
169129,
169399,
169534,
169804,
170074,
170277,
170412,
170547,
170682,
170884,
171087,
171222,
171357,
171492,
171627,
171762,
171964,
172099,
172234,
172369,
172504,
172639,
172774,
172977,
173179,
173314,
173517,
173652,
173787,
173922,
174124,
174394,
174597,
174732,
174867,
175069,
175272,
175407,
175677,
175879,
176014,
176217,
176352,
176554,
176689,
176824,
176959,
177094,
177499,
177837,
177972,
178309,
178444,
178647,
178782,
178984,
179119,
179254,
179389,
179524,
179659,
179794,
179997,
180199,
180334,
180537,
180672,
180807,
180942,
181111,
181212,
181347,
181482,
181684,
181887,
182089,
182224,
182359,
182562,
182764,
182967,
183102,
183304,
183439,
183574,
183777,
183912,
184114,
184249,
184384,
184519,
184654,
184857,
185060,
185195,
185330,
185600,
185735,
185937,
186140,
186275,
186477,
186612,
186747,
186882,
187085,
187287,
187422,
187625,
187827,
187962,
188232,
188435,
188570,
188705,
188840,
188975,
189110,
189312,
189447,
189650,
189785,
189920,
190054,
190257,
190392,
190595,
190797,
190932,
191067,
191270,
191540,
191742,
191877,
192080,
192282,
192417,
192687,
192822,
193025,
193227,
193362,
193632,
193835,
193970,
194105,
194240,
194510,
194645,
194915,
195050,
195252,
195455,
195590,
195995,
196197,
196366,
196501,
196670,
196872,
197007,
197142,
197277,
197480,
197615,
197750,
197952,
198087,
198391,
198492,
198695,
198897,
199032,
199167,
199302,
199437,
199572,
199775,
199977,
200112,
200247,
200382,
200517,
200652,
200787,
200922,
201125,
201327,
201530,
201732,
201867,
202542,
202745,
202880,
203082,
203285,
203487,
203622,
203825,
203960,
204162,
204500,
204702,
205040,
205175,
205850,
205985,
206120,
206322,
206457,
206795,
206930,
207335,
207605,
207740,
208482,
208685,
208887,
209022,
209225,
209360,
209495,
209630,
209832,
209967,
210575,
210755,
210980,
211182,
211385,
211520,
211655,
211790,
211992,
212127,
212465,
212600,
212802,
212937,
213275,
213410,
213815,
214017,
214220,
214625,
214760,
214895,
215435,
215705,
215840,
215975,
216110,
216245,
216380,
216515,
216650,
216785,
216920,
217122,
217325,
217662,
217932,
218067,
218202,
218405,
218607,
218742,
218945,
219080,
219215,
219417,
219620,
219755,
219957,
220092,
220227,
220430,
220565,
220767,
220902,
221105,
221375,
221577,
221712,
221915,
222117,
222252,
222455,
222590,
222725,
222860,
222995,
223197,
223332,
223535,
223670,
223805,
224075,
224210,
224345,
224480,
224615,
224885,
225020,
225155,
225357,
225492,
225627,
225762,
225965,
226100,
226235,
226404,
226505,
226640,
226775,
226910,
227112,
227315,
227450,
227585,
227720,
227855,
227990,
228125,
228395,
228597,
228732,
228867,
229002,
229205,
229542,
229677,
229880,
230015,
230217,
230352,
230555,
230825,
230960,
231095,
231230,
231365,
231500,
231635,
231837,
231972,
232107,
232242,
232445,
232580,
232715,
232917,
233052,
233255,
233457,
233660,
233795,
233930,
234065,
234268,
234402,
234537,
234672,
234807,
234943,
235077,
235213,
235348,
235483,
235618,
235753,
235888,
236023,
236158,
236360,
236495,
236698,
236833,
236968,
237103,
237305,
237508,
237643,
237778,
237980,
238115,
238250,
238453,
238588,
238723,
238858,
239060,
239195,
239330,
239600,
239735,
239870,
240005,
240140,
240275,
240410,
240545,
240680,
240815,
241018,
241153,
241355,
241490,
241625,
241828,
241963,
242165,
242300,
242435,
242570,
242705,
242840,
242975,
243110,
243245,
243380,
243515,
243650,
243785,
243920,
244055,
244190,
244325,
244460,
244663,
244865,
245000,
245135,
245315,
245473,
245675,
245810,
245945,
246215,
246350,
246620,
246755,
247093,
247295,
247430,
247565,
247700,
247835,
248038,
248173,
248375,
248510,
248645,
248780,
248915,
249050,
249185,
249455,
249590,
249725,
249928,
250063,
250198,
250400,
250535,
250670,
250805,
251008,
251143,
251345,
251480,
251615,
251818,
252088,
252358,
252493,
252628,
252763,
252965,
253100,
253235,
253370,
253505,
253708,
253843,
254045,
254180,
254315,
254484,
254585,
254720,
254855,
254990,
255125,
255260,
255395,
255598,
255733,
255868,
256003,
256138,
256273,
256408,
256543,
256678,
256813,
256948,

3 Column Long Note Times:
257015,

3 Column Release Times:
261335,

4 Column Hit Times:
2133,
2335,
2538,
2943,
3078,
3280,
3415,
3618,
3753,
4023,
4293,
4495,
4698,
5103,
5238,
5440,
5575,
5778,
5913,
6115,
6453,
6655,
6858,
7263,
7398,
7600,
7735,
7938,
8073,
8410,
8613,
8815,
9018,
9153,
9423,
9558,
9693,
9861,
9963,
10165,
10300,
10435,
10638,
10773,
11043,
11313,
11583,
11718,
11988,
12123,
12393,
12595,
12730,
12933,
13203,
13338,
13743,
14013,
14283,
14418,
14553,
14688,
14958,
15093,
15228,
15363,
15633,
15903,
16038,
16308,
16443,
16578,
16713,
16915,
17118,
17253,
17523,
17658,
17793,
18063,
18265,
18400,
18535,
18738,
18873,
19075,
19210,
19345,
19548,
19683,
19953,
20223,
20493,
20763,
21033,
21303,
21438,
21573,
21708,
21843,
22113,
22383,
22518,
22653,
22923,
23193,
23395,
23530,
23733,
24003,
24138,
24340,
24543,
24745,
24948,
25083,
25353,
25488,
25623,
25758,
25893,
26163,
26365,
26568,
26703,
26838,
26973,
27243,
27378,
27513,
27749,
27850,
27985,
28255,
28458,
28660,
28863,
28998,
29133,
29335,
29538,
30213,
30415,
30618,
31293,
31495,
31833,
32035,
32373,
32575,
32778,
32980,
33453,
33588,
33993,
34263,
34398,
34533,
34668,
35343,
35478,
35613,
35816,
36018,
36558,
36693,
36963,
37098,
37233,
37368,
37503,
37638,
37863,
38313,
38516,
38853,
39123,
39258,
39393,
39528,
39933,
40068,
40203,
40338,
40473,
40743,
40878,
41013,
41756,
41958,
42093,
42228,
42633,
42836,
43173,
43713,
44253,
44456,
44658,
44793,
45063,
45198,
45333,
45603,
45738,
45873,
46008,
46278,
46413,
46548,
46683,
46818,
46953,
47156,
47291,
47426,
47561,
47763,
47898,
48033,
48303,
48506,
48641,
48843,
49113,
49248,
49383,
49518,
49653,
49788,
49923,
50126,
50261,
50463,
50733,
50936,
51071,
51273,
51476,
51611,
51813,
52016,
52151,
52353,
52556,
52691,
52893,
53028,
53163,
53366,
53501,
53703,
53906,
54041,
54243,
54378,
54513,
54648,
54783,
54986,
55121,
55323,
55526,
55661,
55829,
55931,
56066,
56268,
56403,
56673,
56808,
56943,
57078,
57213,
57483,
57618,
57753,
58023,
58158,
58293,
58496,
58631,
58833,
59036,
59171,
59373,
59508,
59643,
59846,
59981,
60183,
60386,
60521,
60723,
60858,
60993,
61263,
61466,
61601,
61803,
62073,
62276,
62411,
62613,
62748,
62883,
63018,
63153,
63356,
63491,
63626,
63828,
63963,
64098,
64233,
64368,
64503,
64638,
64773,
64976,
65111,
65313,
65448,
65988,
66123,
66326,
66461,
66663,
66798,
67001,
67203,
67338,
67541,
67743,
67878,
68013,
68148,
68283,
68418,
68688,
68823,
68958,
69093,
69363,
69633,
69903,
70038,
70173,
70308,
70443,
70646,
70781,
70983,
71253,
71388,
71523,
71793,
72063,
72198,
72333,
72603,
72806,
72941,
73110,
73211,
73346,
73683,
73818,
73953,
74088,
74291,
74426,
74561,
74696,
74898,
75168,
75303,
75438,
75573,
75843,
76113,
76383,
76653,
76923,
77058,
77193,
77396,
77531,
77733,
78003,
78138,
78341,
78543,
78678,
78813,
79016,
79151,
79353,
79488,
79623,
79758,
79893,
80163,
80298,
80501,
80636,
80838,
80973,
81108,
81243,
81378,
81513,
81648,
81783,
81918,
82053,
82593,
82863,
83133,
83538,
83808,
84213,
85159,
85429,
85834,
86104,
86374,
86914,
87184,
87454,
87859,
88129,
88534,
89074,
89479,
90019,
90694,
90829,
91234,
91504,
91909,
92179,
92449,
92719,
92854,
93259,
93799,
94069,
94474,
94879,
95014,
95419,
95756,
96094,
96499,
96634,
96904,
97106,
97241,
97444,
97646,
97781,
97984,
98119,
98254,
98524,
98794,
99064,
99334,
99469,
99671,
99874,
100009,
100211,
100414,
100549,
100684,
100886,
101089,
101224,
101426,
101764,
102101,
102304,
102506,
102641,
102844,
103046,
103249,
103519,
103654,
103789,
103924,
104194,
104329,
104464,
104734,
104869,
105004,
105139,
105274,
105409,
105544,
105746,
105915,
106050,
106185,
106286,
106421,
106556,
106691,
106826,
108109,
108244,
108446,
108581,
108784,
108919,
109054,
109256,
109391,
109594,
109729,
110134,
110336,
110539,
110674,
110876,
111011,
111146,
111281,
111416,
111619,
111754,
111889,
112159,
112294,
112496,
112699,
112834,
112969,
113104,
113239,
113374,
113576,
113711,
113914,
114049,
114184,
114386,
114521,
114724,
114994,
115129,
115264,
115466,
115669,
115804,
115939,
116074,
116209,
116344,
116479,
116614,
116749,
116884,
117019,
117221,
117424,
117559,
117694,
117874,
118031,
118234,
118436,
118774,
118909,
119179,
119314,
119651,
119854,
119989,
120124,
120394,
120529,
120664,
120934,
121136,
121339,
121474,
121744,
122014,
122149,
122284,
122486,
122621,
122756,
123094,
123229,
123364,
123566,
123701,
123904,
124039,
124174,
124376,
124646,
124781,
124950,
125051,
125186,
125321,
125524,
125659,
125861,
126064,
126199,
126334,
126536,
126739,
126874,
127076,
127211,
127346,
127549,
127684,
127886,
128021,
128224,
128494,
128696,
128831,
129034,
129236,
129371,
129574,
129709,
129844,
129979,
130114,
130316,
130451,
130654,
130789,
130924,
131194,
131329,
131464,
131599,
131734,
132004,
132139,
132274,
132476,
132611,
132746,
132881,
133084,
133219,
133354,
133523,
133624,
133759,
133894,
134029,
134231,
134434,
134569,
134704,
134839,
134974,
135109,
135244,
135514,
135717,
135852,
135987,
136257,
136392,
136662,
136797,
136999,
137134,
137337,
137472,
137674,
137809,
137944,
138079,
138214,
138349,
138484,
138619,
138754,
138957,
139092,
139227,
139362,
139564,
139699,
139834,
140037,
140172,
140374,
140577,
140779,
140914,
141184,
141387,
141522,
141657,
141792,
141927,
142062,
142197,
142332,
142467,
142669,
142804,
142939,
143074,
143277,
143412,
143614,
143749,
143884,
144019,
144154,
144289,
144424,
144559,
144694,
144829,
144964,
145099,
145302,
145572,
145707,
145842,
145977,
146112,
146247,
146382,
146550,
146652,
146787,
146989,
147124,
147394,
147597,
147732,
148002,
148204,
148339,
148677,
148812,
149014,
149217,
149352,
149554,
149689,
149824,
149959,
150094,
150364,
150499,
150634,
150837,
151039,
151174,
151309,
151444,
151647,
151782,
151984,
152187,
152524,
152794,
152929,
153064,
153267,
153469,
153604,
153739,
153874,
154009,
154347,
154549,
154684,
154887,
155022,
155190,
155292,
155427,
155562,
155764,
155899,
156102,
156304,
156507,
156709,
156844,
157047,
157182,
157384,
157587,
157722,
157924,
158194,
158464,
158599,
158802,
159004,
159139,
159274,
159409,
159544,
159679,
159814,
160017,
160152,
160354,
160489,
160624,
160759,
160962,
161097,
161232,
161367,
161569,
161772,
161907,
162042,
162244,
162379,
162514,
162717,
162987,
163189,
163324,
163527,
163797,
163932,
164067,
164404,
164674,
164944,
165147,
165282,
165484,
165687,
165889,
166024,
166159,
166294,
166564,
166767,
166902,
167172,
167307,
167509,
167644,
167914,
168117,
168319,
168522,
168859,
169062,
169264,
169467,
169804,
170074,
170344,
170614,
170884,
171019,
171154,
171357,
171627,
171762,
171964,
172099,
172369,
172504,
172639,
172774,
173044,
173314,
173719,
174124,
174394,
174664,
174934,
175204,
175474,
175744,
175879,
176149,
176419,
176554,
176689,
176824,
176959,
177094,
177297,
177499,
177634,
177769,
177904,
178107,
178309,
178444,
178579,
178714,
178984,
179119,
179254,
179457,
179659,
179794,
179929,
180064,
180199,
180334,
180469,
180604,
180807,
180942,
181077,
181212,
181347,
181549,
181684,
181954,
182089,
182292,
182427,
182764,
183034,
183304,
183507,
183844,
184114,
184249,
184519,
184654,
184924,
185127,
185262,
185465,
185600,
185735,
186005,
186275,
186477,
186680,
186882,
187085,
187287,
187490,
187625,
187895,
188165,
188435,
188705,
188840,
188975,
189177,
189380,
189515,
189683,
189785,
189920,
190055,
190325,
190595,
190865,
191135,
191405,
191675,
191945,
192215,
192485,
192620,
192957,
193092,
193295,
193565,
193835,
194105,
194240,
194375,
194577,
194780,
194982,
195455,
195657,
195792,
195995,
196298,
196433,
196535,
196670,
196805,
197075,
197345,
197480,
197615,
197750,
197885,
198087,
198222,
198357,
198492,
198627,
198762,
198897,
199032,
199235,
199437,
199572,
199707,
199842,
199977,
200112,
200315,
200517,
200652,
200787,
201057,
201260,
201462,
201665,
201800,
201935,
202137,
202340,
203015,
203217,
203420,
204095,
204297,
204635,
204837,
205175,
205377,
205580,
205782,
206255,
206390,
206795,
207065,
207200,
207335,
207470,
208145,
208280,
208415,
208617,
208820,
209360,
209495,
209765,
209900,
210035,
210170,
210305,
210440,
210665,
211115,
211317,
211655,
211925,
212060,
212195,
212330,
212735,
212870,
213005,
213140,
213275,
213545,
213680,
213815,
214557,
214760,
214895,
215030,
215435,
215637,
215975,
216515,
217055,
217257,
217460,
217595,
217865,
218067,
218270,
218405,
218607,
218742,
218945,
219080,
219215,
219417,
219552,
219755,
219890,
220295,
220497,
220700,
220835,
221037,
221172,
221307,
221442,
221577,
221780,
221915,
222050,
222320,
222455,
222657,
222860,
222995,
223130,
223265,
223400,
223535,
223737,
223872,
224075,
224210,
224345,
224547,
224682,
224885,
225155,
225290,
225425,
225627,
225830,
225965,
226100,
226235,
226370,
226505,
226640,
226775,
226910,
227045,
227180,
227382,
227585,
227720,
227855,
228035,
228192,
228395,
228597,
228867,
229070,
229340,
229475,
229812,
230015,
230150,
230285,
230555,
230690,
230825,
231095,
231297,
231500,
231635,
231905,
232175,
232310,
232445,
232647,
232782,
232917,
233255,
233390,
233525,
233727,
233930,
234065,
234200,
234335,
234537,
234807,
234943,
235111,
235213,
235348,
235618,
235820,
236023,
236225,
236360,
236495,
236630,
236765,
237035,
237170,
237305,
237440,
237778,
237913,
238115,
238250,
238385,
238655,
238858,
238993,
239195,
239398,
239533,
239735,
239870,
240005,
240140,
240275,
240478,
240613,
240815,
240950,
241085,
241220,
241355,
241490,
241625,
241760,
241895,
242098,
242233,
242435,
242570,
242705,
242840,
242975,
243245,
243380,
243515,
243684,
243785,
243920,
244055,
244190,
244393,
244595,
244730,
244865,
245000,
245135,
245270,
245405,
245540,
245675,
245878,
246013,
246148,
246350,
246485,
246620,
246823,
246958,
247160,
247295,
247430,
247565,
247768,
247903,
248105,
248240,
248375,
248510,
248645,
248780,
248915,
249118,
249253,
249388,
249523,
249725,
249860,
249995,
250198,
250333,
250535,
250670,
250805,
250940,
251075,
251210,
251345,
251548,
251683,
251818,
251953,
252088,
252223,
252358,
252493,
252628,
252830,
252965,
253100,
253235,
253438,
253573,
253775,
253910,
254045,
254180,
254315,
254450,
254585,
254720,
254855,
254990,
255125,
255260,
255463,
255733,
255868,
256003,
256138,
256273,
256408,
256543,
256678,
256813,
256948,

4 Column Long Note Times:
106894,
257015,

4 Column Release Times:
107974,
261335,

