Artist : Various Artists
Song Name : Jumpstream Practice Pack (JPP)
Difficulty : 0
BPM : 190
Background Image : charts\Various Artists-Jumpstream Practice Pack (JPP)\City Lover City Rider.png
Audio : charts\Various Artists-Jumpstream Practice Pack (JPP)\City Lover City Rider.mp3

1 Column Hit Times:
2668,
3178,
3484,
3892,
4300,
4708,
5014,
5525,
5831,
6341,
6749,
7565,
7872,
8382,
9402,
11137,
12055,
12872,
13076,
13280,
13484,
13688,
13892,
14096,
14402,
14912,
15321,
15729,
16137,
16545,
16851,
17157,
17463,
17770,
18280,
18586,
19096,
19402,
19810,
20219,
20627,
21035,
21443,
21851,
22259,
22872,
23484,
23892,
24300,
24708,
25116,
25525,
25933,
26341,
26647,
27157,
27770,
28484,
28994,
29504,
30321,
30729,
31137,
31443,
31749,
32055,
32361,
32872,
33178,
33688,
34096,
34300,
34606,
34912,
35219,
35525,
35729,
36137,
36647,
36953,
37361,
37667,
37974,
38280,
38586,
40219,
40423,
40831,
41035,
41443,
41749,
41953,
42259,
42463,
42667,
42974,
43178,
43484,
43688,
43994,
44198,
44402,
44708,
45014,
45321,
45525,
45831,
46035,
46239,
46545,
46749,
46953,
47361,
47565,
47974,
48280,
48484,
48790,
48994,
49198,
49504,
49708,
50014,
50219,
50525,
50729,
50933,
51239,
51545,
51749,
52055,
52259,
52463,
52667,
53280,
53688,
54096,
54504,
54810,
55321,
55525,
55831,
56137,
56545,
56851,
57055,
57361,
57770,
58178,
58382,
58790,
59198,
59402,
59810,
60014,
60219,
60423,
60627,
60831,
61137,
61341,
61647,
61851,
62259,
62463,
62872,
63076,
63484,
63892,
64096,
64402,
64606,
65116,
65321,
65729,
66035,
66341,
66749,
67157,
67463,
67770,
67974,
68382,
68790,
68994,
69504,
69810,
70014,
70423,
70627,
71035,
71239,
71545,
71749,
72055,
72259,
72667,
72872,
73280,
73688,
73892,
74096,
74402,
74606,
74912,
75321,
75831,
76137,
76545,
76749,
77157,
77463,
77770,
78382,
78790,
78994,
79810,
80014,
80627,
80831,
81239,
81443,
81749,
81953,
82157,
82463,
82872,
83280,
83688,
84096,
84504,
84708,
85014,
85321,
85525,
85831,
86341,
86545,
87157,
87361,
87770,
87974,
88280,
88484,
88688,
88994,
89198,
89606,
89912,
90219,
90627,
91035,
91239,
91545,
91851,
92157,
92361,
92872,
93076,
93688,
93892,
94300,
94504,
94810,
95014,
95219,
95525,
95933,
96341,
96749,
97157,
97565,
97770,
98076,
98382,
98586,
98892,
99402,
99606,
100219,
100423,
100831,
101035,
101341,
101545,
101749,
102055,
102259,
102667,
102974,
103280,
103688,
104096,
104300,
104708,
104912,
105116,
105525,
105729,
106137,
106341,
106749,
107055,
107259,
107565,
107770,
107974,
108280,
108484,
108790,
108994,
109300,
109504,
109708,
110014,
110321,
110627,
110831,
111137,
111341,
111545,
111851,
112055,
112259,
112667,
112872,
113280,
113586,
113790,
114096,
114300,
114504,
114810,
115014,
115321,
115525,
115831,
116035,
116239,
116545,
116851,
117055,
117361,
117565,
117770,
117974,
118586,
118994,
119402,
119810,
120116,
120627,
120831,
121137,
121443,
121851,
122157,
122361,
122667,
123076,
123484,
123688,
124096,
124504,
124708,
125116,
125321,
125525,
125729,
125933,
126137,
126443,
126647,
126953,
127157,
127565,
127770,
128178,
128382,
128790,
129198,
129402,
129708,
129912,
130423,
130627,
131035,
131341,
131647,
132055,
132463,
132770,
133076,
133280,
133688,
134096,
134300,
134810,
135116,
135321,
135729,
135933,
136341,
136545,
136851,
137055,
137361,
137565,
137974,
138178,
138586,
138994,
139198,
139402,
139708,
139912,
140219,
140627,
141137,
141443,
141851,
142055,
142463,
142770,
143076,
143688,
144096,
144300,
145116,
145321,
145933,
146137,
146545,
146749,
147055,
147259,
147463,
147770,
148178,
148586,
148994,
149402,
149810,
150014,
150321,
150627,
150831,
151137,
151647,
151851,
152463,
152667,
153076,
153280,
153586,
153790,
153994,
154300,
154504,
154912,
155219,
155525,
155933,
156341,
156545,
156851,
157157,
157463,
157667,
158178,
158382,
158994,
159198,
159606,
159810,
160116,
160321,
160525,
160831,
161239,
161647,
162055,
162463,
162872,
163076,
163382,
163688,
163892,
164198,
164708,
164912,
165525,
165729,
166137,
166341,
166647,
166851,
167055,
167361,
167565,
167974,
168280,
168586,
168994,
169402,
169606,
170014,
170219,
170423,
170831,
171035,
171443,
171647,
172055,
172361,
172565,
172872,
173076,
173280,
173586,
173790,
174096,
174300,
174606,
174810,
175014,
175321,
175627,
175933,
176137,
176443,
176647,
176851,
177157,
177361,
177565,
177974,
178178,
178586,
178892,
179096,
179402,
179606,
179810,
180116,
180321,
180627,
180831,
181137,
181341,
181545,
181851,
182157,
182361,
182667,
182872,
183076,
183280,
183892,
184300,
184708,
185116,
185423,
185933,
186137,
186443,
186749,
187157,
187463,
187667,
187974,
188382,
188790,
188994,
189402,
189810,
190014,
190321,
190525,
190831,
191035,
191341,
191647,
191851,
192259,
192463,
192872,
193076,
193484,
193688,
194096,
194504,
194708,
195014,
195219,
195729,
195933,
196341,
196647,
196953,
197361,
197770,
197974,
198178,
198586,
198892,
199402,
199606,
200116,
200423,
200627,
201035,
201239,
201647,
201851,
202157,
202361,
202667,
202872,
203280,
203484,
203892,
204300,
204504,
204708,
205014,
205219,
205525,
205933,
206443,
206749,
207157,
207361,
207770,
208076,
208382,
208994,
209402,
209606,
210423,
210627,
211239,
211443,
211851,
212055,
212361,
212565,
212770,
213076,
213484,
213892,
214300,
214708,
215116,
215321,
215627,
215933,
216137,
216443,
216953,
217157,
217770,
217974,
218382,
218586,
218892,
219096,
219300,
219606,
219810,
220219,
220525,
220831,
221239,
221647,
221851,
222157,
222463,
222770,
222974,
223484,
223688,
224300,
224504,
224912,
225116,
225423,
225627,
225831,
226137,
226545,
226953,
227361,
227770,
228178,
228382,
228688,
228994,
229198,
229504,
230014,
230219,
230831,
231035,
231443,
231647,
231953,
232157,
232361,
232667,
232872,
233280,
233586,
233892,
234300,
234708,
234912,
235321,
235525,
235729,
236137,
236341,
236749,
236953,
237361,
237667,
237872,
238178,
238382,
238586,
238892,
239096,
239402,
239606,
239912,
240116,
240321,
240627,
240933,
241239,
241443,
241749,
241953,
242157,
242463,
242667,
242872,
243280,
243484,
243892,
244198,
244402,
244708,
244912,
245116,
245423,
245627,
245933,
246137,
246443,
246647,
246851,
247157,
247463,
247667,
247974,
248178,
248382,
248586,
249198,
249402,
249810,
250014,
250423,
250729,
250933,
251239,
251443,
251647,
251953,
252157,
252463,
252667,
252974,
253178,
253382,
253688,
253994,
254300,
254504,
254810,
255014,
255219,
255525,
255729,
255933,
256341,
256545,
256953,
257259,
257463,
257770,
257974,
258178,
258484,
258688,
258994,
259198,
259504,
259708,
259912,
260219,
260525,
260729,
261035,
261239,
261443,
261647,
262259,
262463,
262872,
263076,

1 Column Long Note Times:
10423,
52872,
118178,
183484,
248790,
261851,

1 Column Release Times:
10831,
53076,
118382,
183688,
248994,
262055,

2 Column Hit Times:
2872,
3280,
3790,
4096,
4504,
5116,
5321,
5525,
5831,
6035,
6239,
6749,
7055,
7770,
8280,
8586,
8892,
9810,
10627,
11035,
11647,
12157,
12872,
13076,
13280,
13484,
13688,
13892,
14096,
14504,
15014,
15321,
15831,
16137,
16749,
17259,
17565,
18076,
18382,
18994,
19402,
19708,
20219,
20525,
21035,
21443,
22055,
22463,
22872,
23280,
23688,
24300,
24708,
25321,
25627,
25933,
26545,
27157,
27974,
28280,
28586,
28892,
29198,
29606,
29912,
30219,
30525,
30831,
31239,
31647,
32157,
32667,
33076,
33484,
33688,
33994,
34402,
34912,
35116,
35423,
35933,
36137,
36443,
37157,
37463,
37770,
38178,
38382,
38586,
40219,
40525,
40831,
41137,
41443,
41647,
41953,
42157,
42463,
42667,
43076,
43280,
43484,
43790,
43994,
44300,
44504,
44810,
45014,
45219,
45525,
45729,
45933,
46239,
46443,
46749,
47055,
47361,
47667,
47974,
48178,
48484,
48688,
48994,
49198,
49606,
49810,
50014,
50321,
50525,
50831,
51035,
51341,
51545,
51851,
52055,
52259,
52463,
52770,
53280,
53586,
53892,
54198,
54504,
54708,
55014,
55321,
55729,
56137,
56341,
56749,
57157,
57565,
57872,
58178,
58484,
58688,
58994,
59402,
59708,
59912,
60219,
60474,
60627,
60831,
61035,
61239,
61545,
61851,
62055,
62361,
62770,
63076,
63280,
63586,
63790,
64300,
64708,
65321,
65729,
66137,
66545,
67157,
67361,
67667,
67974,
68178,
68586,
68790,
69198,
69402,
69708,
70219,
70423,
70933,
71239,
71443,
71851,
72055,
72361,
72565,
72872,
73076,
73688,
73994,
74198,
74402,
74708,
74912,
75219,
75525,
75729,
75933,
76137,
76443,
76851,
77361,
77667,
77974,
78382,
78688,
78994,
80014,
80831,
81647,
82361,
82667,
82872,
83178,
83484,
83892,
84096,
84402,
84606,
84912,
85116,
85321,
85627,
85831,
86545,
87361,
88178,
88892,
89198,
89402,
89708,
90014,
90219,
90525,
90831,
91239,
91443,
91647,
91851,
92055,
92361,
93076,
93892,
94708,
95423,
95729,
95933,
96239,
96545,
96953,
97157,
97463,
97667,
97974,
98178,
98382,
98688,
98892,
99606,
100423,
101239,
101953,
102259,
102463,
102770,
103076,
103280,
103586,
103892,
104300,
104504,
105116,
105321,
105525,
105831,
106137,
106443,
106749,
106953,
107259,
107463,
107770,
107974,
108382,
108586,
108790,
109096,
109300,
109606,
109810,
110116,
110321,
110525,
110831,
111035,
111239,
111545,
111749,
112055,
112361,
112667,
112974,
113280,
113484,
113790,
113994,
114300,
114504,
114912,
115116,
115321,
115627,
115831,
116137,
116341,
116647,
116851,
117157,
117361,
117565,
117770,
118076,
118586,
118892,
119198,
119504,
119810,
120014,
120321,
120627,
121035,
121443,
121647,
122055,
122463,
122872,
123178,
123484,
123790,
123994,
124300,
124708,
125014,
125219,
125525,
125780,
125933,
126137,
126341,
126545,
126851,
127157,
127361,
127667,
128076,
128382,
128586,
128892,
129096,
129606,
130014,
130627,
131035,
131443,
131851,
132463,
132667,
132974,
133280,
133484,
133892,
134096,
134504,
134708,
135014,
135525,
135729,
136239,
136545,
136749,
137157,
137361,
137667,
137872,
138178,
138382,
138994,
139300,
139504,
139708,
140014,
140219,
140525,
140831,
141035,
141239,
141443,
141749,
142157,
142667,
142974,
143280,
143688,
143994,
144300,
145321,
146137,
146953,
147667,
147974,
148178,
148484,
148790,
149198,
149402,
149708,
149912,
150219,
150423,
150627,
150933,
151137,
151851,
152667,
153484,
154198,
154504,
154708,
155014,
155321,
155525,
155831,
156137,
156545,
156749,
156953,
157157,
157361,
157667,
158382,
159198,
160014,
160729,
161035,
161239,
161545,
161851,
162259,
162463,
162770,
162974,
163280,
163484,
163688,
163994,
164198,
164912,
165729,
166545,
167259,
167565,
167770,
168076,
168382,
168586,
168892,
169198,
169606,
169810,
170423,
170627,
170831,
171137,
171443,
171749,
172055,
172259,
172565,
172770,
173076,
173280,
173688,
173892,
174096,
174402,
174606,
174912,
175116,
175423,
175627,
175831,
176137,
176341,
176545,
176851,
177055,
177361,
177667,
177974,
178280,
178586,
178790,
179096,
179300,
179606,
179810,
180219,
180423,
180627,
180933,
181137,
181443,
181647,
181953,
182157,
182463,
182667,
182872,
183076,
183382,
183892,
184198,
184504,
184810,
185116,
185321,
185627,
185933,
186341,
186749,
186953,
187361,
187770,
188178,
188484,
188790,
189096,
189300,
189606,
190014,
190219,
190525,
190831,
191035,
191341,
191647,
191851,
192157,
192463,
192667,
192974,
193382,
193688,
193892,
194198,
194402,
194912,
195321,
195933,
196341,
196749,
197157,
197974,
198178,
198382,
198586,
198790,
199198,
199402,
199810,
200014,
200321,
200831,
201035,
201545,
201851,
202055,
202463,
202667,
202974,
203178,
203484,
203688,
204300,
204606,
204810,
205014,
205321,
205525,
205831,
206137,
206341,
206545,
206749,
207055,
207463,
207974,
208280,
208586,
208994,
209300,
209606,
210627,
211443,
212259,
212974,
213280,
213484,
213790,
214096,
214504,
214708,
215014,
215219,
215525,
215729,
215933,
216239,
216443,
217157,
217974,
218790,
219504,
219810,
220014,
220321,
220627,
220831,
221137,
221443,
221851,
222055,
222259,
222463,
222667,
222974,
223688,
224504,
225321,
226035,
226341,
226545,
226851,
227157,
227565,
227770,
228076,
228280,
228586,
228790,
228994,
229300,
229504,
230219,
231035,
231851,
232565,
232872,
233076,
233382,
233688,
233892,
234198,
234504,
234912,
235116,
235729,
235933,
236137,
236443,
236749,
237055,
237361,
237565,
237872,
238076,
238382,
238586,
238994,
239198,
239402,
239708,
239912,
240219,
240423,
240729,
240933,
241137,
241443,
241647,
241851,
242157,
242361,
242667,
242974,
243280,
243586,
243892,
244096,
244402,
244606,
244912,
245116,
245525,
245729,
245933,
246239,
246443,
246749,
246953,
247259,
247463,
247770,
247974,
248178,
248382,
248688,
249198,
249504,
249810,
250116,
250423,
250627,
250933,
251137,
251443,
251647,
252055,
252259,
252463,
252770,
252974,
253280,
253484,
253790,
253994,
254198,
254504,
254708,
254912,
255219,
255423,
255729,
256035,
256341,
256647,
256953,
257157,
257463,
257667,
257974,
258178,
258586,
258790,
258994,
259300,
259504,
259810,
260014,
260321,
260525,
260831,
261035,
261239,
261443,
261749,
262259,
262565,
262872,
263178,

2 Column Long Note Times:

2 Column Release Times:

3 Column Hit Times:
2974,
3280,
3688,
3994,
4300,
4606,
4912,
5219,
5423,
5729,
6341,
7055,
7361,
8178,
8994,
9198,
10219,
10831,
11239,
11851,
12259,
12463,
12974,
13178,
13382,
13586,
13790,
13994,
14198,
14504,
14912,
15219,
15525,
15933,
16341,
16953,
17361,
17668,
17974,
18178,
18586,
18994,
19300,
19606,
20014,
20423,
20831,
21239,
21647,
22055,
22667,
23076,
23688,
24096,
24504,
24912,
25321,
25729,
26137,
26443,
27259,
28178,
28688,
29096,
29402,
29708,
30116,
30627,
31035,
31341,
31851,
32259,
32565,
32974,
33382,
33892,
34198,
34504,
34810,
35014,
35321,
35627,
36035,
36341,
36545,
36851,
37259,
37565,
38076,
38382,
38586,
40321,
40627,
40933,
41239,
41647,
41851,
42157,
42361,
42565,
42872,
43076,
43382,
43586,
43892,
44096,
44300,
44606,
44810,
45116,
45321,
45729,
45933,
46137,
46341,
46545,
46851,
47157,
47463,
47770,
48178,
48382,
48688,
48892,
49096,
49402,
49606,
49912,
50116,
50423,
50627,
50831,
51137,
51341,
51647,
51851,
52361,
52565,
52770,
53484,
53790,
54096,
54402,
54912,
55219,
55729,
55933,
56239,
56545,
56953,
57259,
57463,
57770,
58076,
58586,
58892,
59096,
59606,
59912,
60116,
60321,
60525,
60729,
61035,
61239,
61443,
61749,
62157,
62463,
62667,
62974,
63382,
63892,
64300,
64504,
64912,
65116,
65525,
65933,
66239,
66647,
66953,
67361,
67565,
67872,
68178,
68688,
68994,
69198,
69606,
69810,
70321,
70525,
70831,
71035,
71341,
71647,
71851,
72259,
72463,
72770,
73280,
73484,
73994,
74300,
74504,
74708,
75116,
75321,
75627,
76035,
76341,
76749,
76953,
77361,
77565,
77872,
78178,
78484,
78892,
79402,
79606,
79810,
80219,
80423,
80627,
81035,
81443,
81647,
82259,
82463,
82770,
83076,
83484,
83688,
83994,
84300,
84708,
84912,
85219,
85423,
85729,
85933,
86137,
86341,
86749,
86953,
87157,
87565,
87974,
88178,
88790,
88994,
89300,
89606,
89810,
90116,
90423,
90627,
90933,
91137,
91443,
91749,
92055,
92259,
92463,
92667,
92872,
93280,
93484,
93688,
94096,
94504,
94708,
95321,
95525,
95831,
96137,
96545,
96749,
97055,
97361,
97770,
97974,
98280,
98484,
98790,
98994,
99198,
99402,
99810,
100014,
100219,
100627,
101035,
101239,
101851,
102055,
102361,
102667,
102872,
103178,
103484,
103688,
103994,
104198,
104606,
104810,
105014,
105627,
105933,
106239,
106545,
106953,
107157,
107463,
107667,
107872,
108178,
108382,
108688,
108892,
109198,
109402,
109606,
109912,
110116,
110423,
110627,
111035,
111239,
111443,
111647,
111851,
112157,
112463,
112770,
113076,
113484,
113688,
113994,
114198,
114402,
114708,
114912,
115219,
115423,
115729,
115933,
116137,
116443,
116647,
116953,
117157,
117667,
117872,
118076,
118790,
119096,
119402,
119708,
120219,
120525,
121035,
121239,
121545,
121851,
122259,
122565,
122770,
123076,
123382,
123892,
124198,
124402,
124912,
125219,
125423,
125627,
125831,
126035,
126341,
126545,
126749,
127055,
127463,
127770,
127974,
128280,
128688,
129198,
129606,
129810,
130219,
130423,
130831,
131239,
131545,
131953,
132259,
132667,
132872,
133178,
133484,
133994,
134300,
134504,
134912,
135116,
135627,
135831,
136137,
136341,
136647,
136953,
137157,
137565,
137770,
138076,
138586,
138790,
139300,
139606,
139810,
140014,
140423,
140627,
140933,
141341,
141647,
142055,
142259,
142667,
142872,
143178,
143484,
143790,
144198,
144708,
144912,
145116,
145525,
145729,
145933,
146341,
146749,
146953,
147565,
147770,
148076,
148382,
148790,
148994,
149300,
149606,
150014,
150219,
150525,
150729,
151035,
151239,
151443,
151647,
152055,
152259,
152463,
152872,
153280,
153484,
154096,
154300,
154606,
154912,
155116,
155423,
155729,
155933,
156239,
156443,
156749,
157055,
157361,
157565,
157770,
157974,
158178,
158586,
158790,
158994,
159402,
159810,
160014,
160627,
160831,
161137,
161443,
161851,
162055,
162361,
162667,
163076,
163280,
163586,
163790,
164096,
164300,
164504,
164708,
165116,
165321,
165525,
165933,
166341,
166545,
167157,
167361,
167667,
167974,
168178,
168484,
168790,
168994,
169300,
169504,
169912,
170116,
170321,
170933,
171239,
171545,
171851,
172259,
172463,
172770,
172974,
173178,
173484,
173688,
173994,
174198,
174504,
174708,
174912,
175219,
175423,
175729,
175933,
176341,
176545,
176749,
176953,
177157,
177463,
177770,
178076,
178382,
178790,
178994,
179300,
179504,
179708,
180014,
180219,
180525,
180729,
181035,
181239,
181443,
181749,
181953,
182259,
182463,
182974,
183178,
183382,
184096,
184402,
184708,
185014,
185525,
185831,
186341,
186545,
186851,
187157,
187565,
187872,
188076,
188382,
188688,
189198,
189504,
189708,
190423,
190627,
190933,
191239,
191443,
191749,
192055,
192361,
192770,
193076,
193280,
193586,
193994,
194504,
194912,
195116,
195525,
195729,
196137,
196545,
196851,
197259,
197565,
197770,
198076,
198484,
198790,
198994,
199300,
199606,
199810,
200219,
200423,
200933,
201137,
201443,
201647,
201953,
202259,
202463,
202872,
203076,
203382,
203892,
204096,
204606,
204912,
205116,
205321,
205729,
205933,
206239,
206647,
206953,
207361,
207565,
207974,
208178,
208484,
208790,
209096,
209504,
210014,
210219,
210423,
210831,
211035,
211239,
211647,
212055,
212259,
212872,
213076,
213382,
213688,
214096,
214300,
214606,
214912,
215321,
215525,
215831,
216035,
216341,
216545,
216749,
216953,
217361,
217565,
217770,
218178,
218586,
218790,
219402,
219606,
219912,
220219,
220423,
220729,
221035,
221239,
221545,
221749,
222055,
222361,
222667,
222872,
223076,
223280,
223484,
223892,
224096,
224300,
224708,
225116,
225321,
225933,
226137,
226443,
226749,
227157,
227361,
227667,
227974,
228382,
228586,
228892,
229096,
229402,
229606,
229810,
230014,
230423,
230627,
230831,
231239,
231647,
231851,
232463,
232667,
232974,
233280,
233484,
233790,
234096,
234300,
234606,
234810,
235219,
235423,
235627,
236239,
236545,
236851,
237157,
237565,
237770,
238076,
238280,
238484,
238790,
238994,
239300,
239504,
239810,
240014,
240219,
240525,
240729,
241035,
241239,
241647,
241851,
242055,
242259,
242463,
242770,
243076,
243382,
243688,
244096,
244300,
244606,
244810,
245014,
245321,
245525,
245831,
246035,
246341,
246545,
246749,
247055,
247259,
247565,
247770,
248280,
248484,
248688,
249300,
249606,
249912,
250219,
250627,
250831,
251137,
251341,
251545,
251851,
252055,
252361,
252565,
252872,
253076,
253280,
253586,
253790,
254096,
254300,
254708,
254912,
255116,
255321,
255525,
255831,
256137,
256443,
256749,
257157,
257361,
257667,
257872,
258076,
258382,
258586,
258892,
259096,
259402,
259606,
259810,
260116,
260321,
260627,
260831,
261341,
261545,
261749,
262361,
262667,
262974,

3 Column Long Note Times:
26749,
263280,

3 Column Release Times:
27157,
263484,

4 Column Hit Times:
2668,
2974,
3484,
4198,
4810,
5525,
5933,
6137,
6341,
7361,
7668,
7974,
8790,
9606,
10933,
11443,
12668,
12974,
13178,
13382,
13586,
13790,
13994,
14300,
14708,
15116,
15729,
16545,
16953,
17361,
17770,
18178,
18790,
19198,
19810,
20116,
20627,
21239,
21851,
22259,
22667,
23076,
23484,
23892,
24504,
25116,
25525,
25831,
26341,
26749,
27361,
28076,
28382,
28790,
29300,
29810,
30014,
30423,
30933,
31545,
31953,
32463,
32770,
33280,
33586,
34096,
34504,
34708,
35321,
35729,
36239,
36545,
36749,
37055,
37361,
37872,
38178,
38484,
40423,
40627,
41035,
41239,
41545,
41851,
42055,
42259,
42565,
42770,
42974,
43280,
43586,
43790,
44198,
44402,
44606,
44912,
45116,
45423,
45627,
45831,
46035,
46341,
46647,
46953,
47157,
47565,
47770,
48076,
48382,
48586,
48790,
49096,
49300,
49504,
49810,
50116,
50321,
50729,
50933,
51137,
51443,
51647,
51953,
52157,
52361,
52565,
53280,
53688,
53994,
54300,
54912,
55116,
55627,
56035,
56443,
56953,
57361,
57667,
57974,
58280,
58586,
58994,
59300,
59504,
59810,
60014,
60321,
60576,
60729,
60933,
61137,
61443,
61647,
62055,
62259,
62667,
62872,
63178,
63484,
63688,
63994,
64198,
64708,
64912,
65423,
65831,
66341,
66749,
66953,
67259,
67565,
67770,
68076,
68382,
68586,
68892,
69402,
69606,
70014,
70219,
70627,
70831,
71137,
71443,
71647,
71953,
72157,
72463,
72667,
73076,
73484,
73892,
74096,
74300,
74504,
74810,
75116,
75525,
75729,
75933,
76341,
76545,
76953,
77157,
77565,
77770,
78178,
78586,
78994,
79402,
79606,
80219,
80423,
81035,
81239,
81851,
82055,
82259,
82667,
83076,
83280,
83586,
83892,
84300,
84504,
84810,
85014,
85219,
85525,
85729,
85933,
86137,
86749,
86953,
87259,
87565,
87770,
88382,
88586,
88790,
89096,
89402,
89810,
90014,
90423,
90831,
91035,
91341,
91545,
91749,
91953,
92259,
92463,
92667,
93280,
93484,
94096,
94300,
94912,
95116,
95321,
95729,
96137,
96341,
96647,
96953,
97361,
97565,
97872,
98076,
98280,
98586,
98790,
98994,
99198,
99810,
100014,
100321,
100627,
100831,
101443,
101647,
101851,
102157,
102463,
102872,
103076,
103484,
103892,
104096,
104402,
104606,
104912,
105219,
105423,
105729,
105933,
106341,
106545,
106851,
107157,
107361,
107565,
107872,
108076,
108280,
108586,
108892,
109096,
109504,
109708,
109912,
110219,
110423,
110729,
110933,
111137,
111341,
111647,
111953,
112259,
112463,
112872,
113076,
113382,
113688,
113892,
114096,
114402,
114606,
114810,
115116,
115423,
115627,
116035,
116239,
116443,
116749,
116953,
117259,
117463,
117667,
117872,
118586,
118994,
119300,
119606,
120219,
120423,
120933,
121341,
121749,
122259,
122667,
122974,
123280,
123586,
123892,
124300,
124606,
124810,
125116,
125321,
125627,
125882,
126035,
126239,
126443,
126749,
126953,
127361,
127565,
127974,
128178,
128484,
128790,
128994,
129300,
129504,
130014,
130219,
130729,
131137,
131647,
132055,
132259,
132565,
132872,
133076,
133382,
133688,
133892,
134198,
134708,
134912,
135321,
135525,
135933,
136137,
136443,
136749,
136953,
137259,
137463,
137770,
137974,
138382,
138790,
139198,
139402,
139606,
139810,
140116,
140423,
140831,
141035,
141239,
141647,
141851,
142259,
142463,
142872,
143076,
143484,
143892,
144300,
144708,
144912,
145525,
145729,
146341,
146545,
147157,
147361,
147565,
147974,
148382,
148586,
148892,
149198,
149606,
149810,
150116,
150321,
150525,
150831,
151035,
151239,
151443,
152055,
152259,
152565,
152872,
153076,
153688,
153892,
154096,
154402,
154708,
155116,
155321,
155729,
156137,
156341,
156647,
156851,
157055,
157259,
157565,
157770,
157974,
158586,
158790,
159402,
159606,
160219,
160423,
160627,
161035,
161443,
161647,
161953,
162259,
162667,
162872,
163178,
163382,
163586,
163892,
164096,
164300,
164504,
165116,
165321,
165627,
165933,
166137,
166749,
166953,
167157,
167463,
167770,
168178,
168382,
168790,
169198,
169402,
169708,
169912,
170219,
170525,
170729,
171035,
171239,
171647,
171851,
172157,
172463,
172667,
172872,
173178,
173382,
173586,
173892,
174198,
174402,
174810,
175014,
175219,
175525,
175729,
176035,
176239,
176443,
176647,
176953,
177259,
177565,
177770,
178178,
178382,
178688,
178994,
179198,
179402,
179708,
179912,
180116,
180423,
180729,
180933,
181341,
181545,
181749,
182055,
182259,
182565,
182770,
182974,
183178,
183892,
184300,
184606,
184912,
185525,
185729,
186239,
186647,
187055,
187565,
187974,
188280,
188586,
188892,
189198,
189606,
189912,
190116,
190423,
190627,
190933,
191239,
191443,
191749,
192055,
192259,
192667,
192872,
193280,
193484,
193790,
194096,
194300,
194606,
194810,
195321,
195525,
196035,
196443,
196953,
197361,
197565,
197872,
198076,
198382,
198688,
198994,
199198,
199504,
200014,
200219,
200627,
200831,
201239,
201443,
201749,
202055,
202259,
202565,
202770,
203076,
203280,
203688,
204096,
204504,
204708,
204912,
205116,
205423,
205729,
206137,
206341,
206545,
206953,
207157,
207565,
207770,
208178,
208382,
208790,
209198,
209606,
210014,
210219,
210831,
211035,
211647,
211851,
212463,
212667,
212872,
213280,
213688,
213892,
214198,
214504,
214912,
215116,
215423,
215627,
215831,
216137,
216341,
216545,
216749,
217361,
217565,
217872,
218178,
218382,
218994,
219198,
219402,
219708,
220014,
220423,
220627,
221035,
221443,
221647,
221953,
222157,
222361,
222565,
222872,
223076,
223280,
223892,
224096,
224708,
224912,
225525,
225729,
225933,
226341,
226749,
226953,
227259,
227565,
227974,
228178,
228484,
228688,
228892,
229198,
229402,
229606,
229810,
230423,
230627,
230933,
231239,
231443,
232055,
232259,
232463,
232770,
233076,
233484,
233688,
234096,
234504,
234708,
235014,
235219,
235525,
235831,
236035,
236341,
236545,
236953,
237157,
237463,
237770,
237974,
238178,
238484,
238688,
238892,
239198,
239504,
239708,
240116,
240321,
240525,
240831,
241035,
241341,
241545,
241749,
241953,
242259,
242565,
242872,
243076,
243484,
243688,
243994,
244300,
244504,
244708,
245014,
245219,
245423,
245729,
246035,
246239,
246647,
246851,
247055,
247361,
247565,
247872,
248076,
248280,
248484,
249402,
249606,
250014,
250219,
250525,
250831,
251035,
251239,
251545,
251749,
251953,
252259,
252565,
252770,
253178,
253382,
253586,
253892,
254096,
254402,
254606,
254810,
255014,
255321,
255627,
255933,
256137,
256545,
256749,
257055,
257361,
257565,
257770,
258076,
258280,
258484,
258790,
259096,
259300,
259708,
259912,
260116,
260423,
260627,
260933,
261137,
261341,
261545,
262463,
262667,
263076,

4 Column Long Note Times:
10014,
52872,
118178,
183484,
248790,
261851,
263280,

4 Column Release Times:
10423,
53076,
118382,
183688,
248994,
262055,
263586,

