Artist : Various Artists
Song Name : Jumpstream Practice Pack (JPP)
Difficulty : 0
BPM : 190
Background Image : charts\Various Artists-Jumpstream Practice Pack (JPP)\Fallen.png
Audio : charts\Various Artists-Jumpstream Practice Pack (JPP)\Fallen.mp3

1 Column Hit Times:
1580,
1932,
2285,
2638,
2991,
3344,
3609,
4050,
4315,
4668,
5109,
5374,
5638,
5991,
6168,
6609,
6962,
7138,
7579,
7932,
8197,
8462,
8727,
9079,
9344,
9697,
10050,
10403,
10756,
11109,
11374,
12344,
12874,
13138,
13491,
13756,
14109,
14374,
14638,
14991,
15256,
15521,
15785,
16050,
16315,
16579,
16932,
17109,
17374,
17727,
17991,
18256,
18521,
18785,
18962,
19227,
19579,
19932,
20109,
20374,
20638,
20903,
21168,
21344,
21609,
21874,
22227,
22403,
22579,
22844,
23197,
23462,
23638,
23903,
24168,
24344,
24609,
24874,
25050,
25227,
25491,
25756,
25932,
26197,
26462,
26638,
26903,
27079,
27344,
27521,
27697,
27874,
28138,
28403,
28579,
28756,
29021,
29374,
29638,
29815,
30079,
30256,
30521,
30697,
30962,
31138,
31403,
31668,
31844,
32021,
32197,
32462,
32638,
32991,
33168,
33432,
33609,
33874,
34050,
34315,
34668,
34932,
35197,
35374,
46756,
47285,
47815,
48521,
49050,
49403,
50109,
50815,
51344,
51874,
52403,
53109,
54344,
54874,
55227,
55932,
56815,
57344,
58050,
58579,
59285,
59815,
60521,
61050,
62109,
62815,
63344,
63874,
64403,
65109,
65462,
66521,
67227,
67932,
68815,
69344,
69697,
70050,
70403,
71197,
71727,
71991,
72256,
72521,
72874,
73227,
73579,
73932,
74197,
74462,
74727,
74903,
75168,
75344,
75609,
75874,
76050,
76315,
76491,
76668,
76844,
77109,
77285,
77550,
77815,
77991,
78168,
78432,
78609,
78785,
78962,
79138,
79359,
79535,
79712,
79888,
80462,
80638,
80903,
81079,
81344,
81609,
81874,
82227,
82403,
82668,
82932,
83197,
83462,
83638,
83903,
84168,
84344,
84609,
84785,
84962,
85227,
85403,
85579,
85844,
86021,
86197,
86462,
86638,
86903,
87168,
87521,
87697,
87962,
88138,
88491,
88668,
88932,
89109,
89374,
89550,
89815,
89991,
90256,
90432,
90609,
90874,
91050,
91227,
91403,
91579,
91844,
92021,
92285,
92462,
92727,
92903,
93168,
93432,
93697,
93874,
94050,
94403,
94668,
94932,
95109,
95285,
95550,
95727,
95991,
96168,
96432,
96609,
96874,
97050,
97227,
97491,
97668,
97932,
98109,
98374,
98550,
98815,
99079,
99344,
99521,
99697,
100050,
100315,
100579,
100756,
100932,
101109,
101374,
101550,
101815,
101991,
102256,
102521,
102874,
103138,
103403,
103579,
103844,
104109,
104285,
104550,
104815,
104991,
105344,
105609,
105874,
106050,
106227,
106491,
106756,
106932,
107109,
107374,
107727,
107991,
108168,
108344,
108609,
108874,
109050,
109227,
109491,
109756,
110021,
110285,
110462,
110638,
110903,
111168,
111432,
111697,
111962,
112227,
112403,
112668,
112844,
113109,
113285,
113550,
113727,
113903,
114344,
114521,
114785,
114962,
115227,
115491,
115668,
115932,
116109,
116374,
116550,
116815,
117168,
117344,
117609,
117874,
118050,
118227,
118491,
118756,
118932,
119109,
119374,
119550,
119815,
119991,
120344,
120521,
120785,
121050,
121227,
121491,
121756,
121932,
122109,
122462,
122638,
122815,
123079,
123344,
123521,
123785,
123962,
124227,
124403,
124579,
124756,
124932,
125109,
125285,
125462,
125638,
125815,
125991,
126168,
126432,
126697,
126874,
127138,
127579,
127932,
128109,
128285,
128638,
128815,
129168,
129432,
129697,
129874,
130050,
130403,
130756,
131021,
131462,
131638,
131903,
132168,
132432,
132697,
132874,
133227,
133403,
133579,
133932,
134109,
134285,
134638,
134991,
135344,
135521,
135697,
136050,
136315,
136535,
136712,
136844,
137021,

1 Column Long Note Times:
37579,
43227,
127315,

1 Column Release Times:
38285,
43932,
127403,

2 Column Hit Times:
1932,
2197,
2638,
2991,
3256,
3697,
4050,
4579,
4932,
5285,
5550,
5727,
6079,
6521,
6785,
6962,
7138,
7403,
7932,
8285,
8638,
8903,
9168,
9432,
9697,
9962,
10227,
10491,
10756,
11021,
11285,
11638,
12079,
12432,
12697,
12874,
13227,
13579,
13844,
14021,
14285,
14550,
14815,
15079,
15344,
15697,
16050,
16403,
16668,
16844,
17197,
17462,
17638,
17903,
18168,
18344,
18521,
18874,
19138,
19315,
19579,
19844,
20109,
20285,
20550,
20727,
20991,
21168,
21432,
21697,
21874,
22138,
22315,
22579,
22756,
22932,
23197,
23550,
23815,
23991,
24168,
24432,
24609,
24785,
25050,
25315,
25491,
25668,
25932,
26109,
26374,
26550,
26815,
27079,
27256,
27609,
27874,
28050,
28315,
28491,
28756,
28932,
29197,
29374,
29550,
29815,
29991,
30256,
30432,
30697,
30874,
31138,
31315,
31579,
31844,
32109,
32285,
32462,
32727,
32903,
33079,
33344,
33521,
33785,
34050,
34315,
34579,
34756,
35021,
35197,
35374,
46932,
47991,
48697,
49756,
50285,
50991,
51697,
52579,
53462,
53991,
54521,
55579,
56109,
56638,
57521,
58050,
58932,
59991,
60697,
61403,
61932,
62638,
63521,
64050,
64932,
65815,
66168,
66874,
67756,
68462,
68991,
69344,
69697,
70050,
70579,
70932,
71197,
71550,
71815,
72079,
72344,
72697,
72962,
73227,
73491,
73756,
74021,
74285,
74550,
74727,
74903,
75079,
75344,
75521,
75785,
76050,
76227,
76491,
76668,
76932,
77197,
77462,
77638,
77815,
77991,
78168,
78344,
78609,
78785,
78962,
79138,
79315,
79491,
79668,
79844,
80109,
80197,
80462,
80727,
80991,
81168,
81432,
81697,
81962,
82138,
82403,
82579,
82844,
83109,
83374,
83638,
83815,
84079,
84256,
84521,
84697,
84962,
85138,
85403,
85579,
85756,
85932,
86197,
86374,
86638,
86815,
87079,
87256,
87521,
87785,
88050,
88227,
88403,
88756,
89021,
89285,
89462,
89727,
89991,
90168,
90344,
90609,
90785,
91050,
91227,
91491,
91668,
91844,
92109,
92285,
92550,
92815,
93168,
93344,
93609,
93785,
94050,
94315,
94491,
94756,
94932,
95109,
95374,
95638,
95815,
95991,
96256,
96432,
96697,
96874,
97138,
97315,
97491,
97756,
97932,
98197,
98462,
98815,
98991,
99256,
99432,
99697,
99962,
100138,
100403,
100756,
101021,
101197,
101374,
101638,
101815,
102079,
102256,
102432,
102697,
103050,
103315,
103579,
103756,
104021,
104285,
104462,
104727,
104903,
105168,
105432,
105697,
105874,
106138,
106403,
106579,
106932,
107109,
107285,
107550,
107815,
107991,
108168,
108432,
108697,
108874,
109138,
109403,
109668,
109932,
110109,
110285,
110638,
110815,
111079,
111256,
111521,
111697,
111874,
112138,
112403,
112579,
112844,
113021,
113197,
113462,
113638,
113903,
114079,
114344,
114521,
114697,
114962,
115227,
115579,
115844,
116109,
116285,
116727,
116903,
117168,
117432,
117697,
117874,
118138,
118403,
118579,
118844,
119109,
119285,
119638,
119815,
120079,
120256,
120521,
120697,
120962,
121227,
121403,
121668,
121932,
122197,
122374,
122638,
122903,
123168,
123344,
123609,
123785,
124050,
124227,
124403,
124579,
124756,
124932,
125109,
125285,
125462,
125638,
125815,
126079,
126256,
126521,
126697,
126874,
127050,
127227,
127579,
127932,
128109,
128285,
128550,
128991,
129256,
129521,
129874,
130050,
130579,
130844,
131021,
131374,
131638,
131815,
132079,
132256,
132521,
132697,
132962,
133138,
133403,
133668,
133844,
134109,
134462,
134991,
135344,
135521,
135785,
136227,
136491,
136668,
136888,
137065,

2 Column Long Note Times:
36874,
42521,
127403,

2 Column Release Times:
37579,
43227,
127491,

3 Column Hit Times:
1756,
2109,
2462,
2727,
2903,
3168,
3521,
3874,
4138,
4403,
4756,
5021,
5462,
5815,
6168,
6432,
6697,
6874,
7050,
7227,
7491,
7756,
8285,
8550,
8815,
8991,
9344,
9609,
9874,
10138,
10403,
10668,
10844,
11109,
11462,
11991,
12521,
12785,
13050,
13315,
13579,
13932,
14197,
14462,
14727,
14991,
15344,
15609,
15874,
16138,
16403,
16756,
17021,
17285,
17550,
17815,
18168,
18432,
18697,
19050,
19403,
19756,
20021,
20285,
20462,
20815,
21079,
21344,
21521,
21697,
21962,
22227,
22491,
22756,
22932,
23109,
23285,
23462,
23638,
23991,
24256,
24432,
24697,
24874,
25138,
25315,
25579,
25756,
26021,
26285,
26550,
26727,
26991,
27168,
27432,
27609,
27785,
28050,
28227,
28491,
28668,
28932,
29109,
29285,
29550,
29727,
29991,
30168,
30432,
30609,
30874,
31050,
31227,
31491,
31756,
31932,
32109,
32285,
32550,
32815,
32991,
33256,
33521,
33697,
33962,
34138,
34403,
34579,
34844,
35109,
35285,
46756,
47462,
48168,
49227,
49932,
50638,
51521,
52227,
52932,
53638,
54168,
55050,
55403,
56285,
57168,
57697,
58227,
58756,
59462,
60344,
61227,
61756,
62285,
63168,
63697,
64227,
64756,
65991,
66344,
66697,
67403,
68285,
69168,
69521,
69785,
70227,
70756,
71109,
71462,
71903,
72168,
72432,
72609,
72874,
73138,
73315,
73579,
73844,
74109,
74374,
74638,
74815,
74991,
75168,
75432,
75697,
75962,
76227,
76403,
76579,
76756,
77021,
77285,
77462,
77727,
77903,
78079,
78256,
78521,
78697,
78874,
79050,
79271,
79447,
79624,
79800,
80285,
80638,
80815,
80991,
81256,
81521,
81785,
82050,
82227,
82491,
82756,
83021,
83285,
83550,
83815,
83991,
84256,
84432,
84697,
84874,
85138,
85315,
85668,
85932,
86109,
86285,
86550,
86727,
86991,
87256,
87432,
87697,
87874,
88050,
88315,
88579,
88932,
89197,
89462,
89638,
89903,
90079,
90344,
90521,
90785,
90962,
91315,
91491,
91756,
91932,
92109,
92374,
92638,
92991,
93256,
93521,
93697,
93962,
94138,
94315,
94579,
94844,
95197,
95462,
95638,
95903,
96079,
96256,
96521,
96697,
96962,
97138,
97403,
97579,
97756,
98021,
98285,
98638,
98903,
99168,
99344,
99609,
99785,
99962,
100227,
100491,
100668,
100844,
101109,
101285,
101550,
101727,
101903,
102079,
102344,
102521,
102785,
102962,
103227,
103491,
103756,
103932,
104109,
104374,
104638,
104815,
105079,
105256,
105521,
105697,
105962,
106227,
106403,
106668,
106844,
107197,
107462,
107638,
107815,
108079,
108344,
108521,
108785,
109050,
109315,
109579,
109756,
109932,
110197,
110374,
110550,
110815,
110991,
111344,
111521,
111785,
112050,
112227,
112491,
112668,
112932,
113197,
113374,
113638,
113815,
113991,
114256,
114432,
114697,
114874,
115138,
115403,
115756,
116021,
116285,
116462,
116638,
116903,
117079,
117344,
117521,
117785,
118050,
118315,
118579,
118756,
119021,
119285,
119462,
119638,
119903,
120168,
120344,
120609,
120874,
121050,
121315,
121579,
121844,
122021,
122285,
122550,
122727,
122991,
123168,
123432,
123697,
123874,
124138,
124315,
124491,
124668,
124844,
125021,
125197,
125374,
125550,
125727,
125903,
126079,
126344,
126521,
126785,
126962,
127756,
127844,
128197,
128462,
128727,
129079,
129344,
129697,
129962,
130138,
130403,
130668,
130932,
131109,
131285,
131550,
131815,
131991,
132344,
132521,
132785,
133050,
133315,
133491,
133756,
134021,
134197,
134550,
134815,
135079,
135432,
135609,
135874,
136403,
136579,
136800,
136977,

3 Column Long Note Times:
35462,
41109,
127227,

3 Column Release Times:
36874,
42521,
127579,

4 Column Hit Times:
1580,
1844,
2285,
2550,
2815,
3344,
3697,
3962,
4227,
4403,
4756,
5109,
5462,
5815,
6344,
6521,
6874,
7050,
7227,
7579,
7844,
8109,
8374,
8638,
8991,
9256,
9521,
9785,
10050,
10315,
10579,
10932,
11197,
11462,
12168,
12609,
12962,
13227,
13403,
13668,
13932,
14285,
14638,
14903,
15168,
15432,
15697,
15962,
16227,
16491,
16756,
17109,
17462,
17815,
18079,
18344,
18609,
18874,
19227,
19491,
19668,
19932,
20197,
20462,
20638,
20815,
20991,
21256,
21521,
21785,
22050,
22315,
22491,
22668,
22844,
23109,
23285,
23550,
23727,
24079,
24344,
24521,
24785,
24962,
25227,
25403,
25579,
25844,
26109,
26285,
26462,
26815,
26991,
27168,
27344,
27521,
27785,
27962,
28227,
28403,
28579,
28844,
29109,
29285,
29462,
29638,
29903,
30079,
30344,
30521,
30785,
30962,
31227,
31403,
31579,
31756,
31932,
32197,
32374,
32638,
32815,
33079,
33256,
33432,
33697,
33874,
34227,
34491,
34844,
35109,
35285,
35462,
47109,
47638,
48344,
48874,
49579,
50462,
51168,
52050,
52756,
53285,
53815,
54697,
55756,
56462,
56991,
57874,
58403,
59109,
59638,
60168,
60874,
61579,
62462,
62991,
63697,
64579,
65285,
65638,
67050,
67579,
68109,
68638,
69344,
69785,
70403,
70756,
71109,
71462,
71727,
72168,
72521,
72785,
73050,
73403,
73668,
73932,
74285,
74638,
74815,
74991,
75256,
75521,
75697,
75874,
76138,
76403,
76579,
76756,
76932,
77109,
77374,
77638,
77903,
78079,
78344,
78521,
78697,
78874,
79050,
79227,
79403,
79579,
79756,
80285,
80638,
80815,
81079,
81344,
81609,
81874,
82050,
82315,
82491,
82756,
83021,
83285,
83462,
83727,
83903,
84168,
84432,
84609,
84874,
85050,
85315,
85491,
85668,
85844,
86109,
86285,
86462,
86727,
86991,
87344,
87609,
87874,
88138,
88403,
88668,
88844,
89109,
89285,
89550,
89815,
90079,
90256,
90521,
90697,
90962,
91138,
91315,
91579,
91756,
91932,
92197,
92374,
92638,
92903,
93079,
93344,
93521,
93785,
94227,
94579,
94756,
95021,
95197,
95462,
95727,
95903,
96168,
96344,
96609,
96785,
96962,
97227,
97403,
97579,
97844,
98021,
98285,
98550,
98727,
98991,
99168,
99432,
99874,
100227,
100403,
100579,
100844,
101021,
101285,
101462,
101638,
101903,
102168,
102344,
102609,
102874,
103227,
103403,
103668,
103932,
104197,
104462,
104638,
104991,
105168,
105344,
105521,
105785,
106050,
106315,
106579,
106756,
107021,
107285,
107462,
107638,
107903,
108256,
108521,
108697,
108962,
109227,
109403,
109579,
109844,
110109,
110462,
110727,
110991,
111168,
111344,
111609,
111874,
112050,
112315,
112491,
112756,
112932,
113109,
113374,
113550,
113815,
114079,
114432,
114609,
114874,
115050,
115315,
115491,
115756,
115932,
116197,
116374,
116638,
116991,
117256,
117521,
117697,
117962,
118227,
118403,
118668,
118932,
119197,
119462,
119727,
119991,
120168,
120432,
120697,
120874,
121138,
121403,
121579,
121756,
122109,
122285,
122462,
122815,
122991,
123256,
123432,
123697,
123962,
124138,
124491,
124668,
124844,
125021,
125197,
125374,
125550,
125727,
125991,
126168,
126432,
126609,
126962,
127138,
128197,
128462,
128991,
129344,
129609,
129962,
130227,
130756,
130932,
131109,
131462,
131727,
131991,
132168,
132344,
132609,
132874,
133050,
133227,
133579,
133756,
133932,
134285,
134638,
135168,
135697,
136138,
136447,
136624,
136756,
136932,

4 Column Long Note Times:
38285,
43932,
127491,

4 Column Release Times:
41109,
46756,
127579,

