Artist : Various Artists
Song Name : Jumpstream Practice Pack (JPP)
Difficulty : 0
BPM : 190
Background Image : charts\Various Artists-Jumpstream Practice Pack (JPP)\Oracle.jpg
Audio : charts\Various Artists-Jumpstream Practice Pack (JPP)\Oracle.mp3

1 Column Hit Times:
2836,
3230,
3526,
4118,
4415,
4809,
5204,
5599,
5895,
6388,
6882,
7178,
7474,
7868,
8164,
8658,
9053,
9546,
9842,
10237,
10533,
10829,
11224,
11816,
12112,
12408,
12901,
13493,
13789,
14184,
14678,
14974,
18329,
19513,
19908,
21289,
21487,
23658,
24645,
25829,
26224,
28099,
30566,
30763,
30961,
32145,
32539,
33921,
34908,
35697,
36289,
37276,
38461,
38855,
41421,
42013,
42507,
42704,
43000,
43197,
43395,
43592,
43888,
44184,
44480,
44776,
45171,
45566,
45763,
46059,
46355,
46651,
46947,
47145,
47441,
47737,
47934,
48230,
48526,
48822,
49118,
49513,
49908,
50105,
50500,
50796,
51092,
51289,
51586,
51882,
52079,
52375,
52671,
52967,
53263,
53461,
53757,
54053,
54447,
54645,
54941,
55237,
55434,
55632,
55829,
56026,
56224,
56520,
56816,
57112,
57408,
57803,
58197,
58395,
58691,
58987,
59283,
59579,
59776,
60072,
60368,
60566,
60862,
61158,
61454,
61750,
62145,
62539,
62737,
63132,
63428,
63724,
63921,
64217,
64513,
64711,
65007,
65303,
65599,
65895,
66092,
66388,
66684,
67079,
67375,
67868,
68362,
68559,
68757,
69645,
71224,
72605,
73395,
74678,
75961,
77342,
78625,
81487,
81783,
82079,
82375,
82671,
82868,
83066,
83362,
83855,
84250,
84645,
85039,
85336,
85730,
86026,
86224,
86618,
86914,
87309,
87507,
87803,
88197,
88493,
88987,
89283,
89579,
89875,
90171,
90566,
90961,
91257,
91454,
91750,
92046,
92342,
92539,
92934,
93230,
93526,
93724,
93921,
94118,
97572,
97868,
98362,
98658,
99151,
99447,
99743,
99941,
100237,
100533,
100730,
101026,
101224,
101520,
101816,
102013,
102309,
102605,
102803,
103099,
103395,
103592,
103789,
103987,
104283,
104579,
104875,
105171,
105467,
105961,
106355,
106651,
106849,
107046,
107342,
107539,
107836,
108132,
108329,
108625,
108921,
109118,
109414,
109711,
109908,
110105,
110303,
110599,
110895,
111092,
111289,
111487,
111980,
112276,
112572,
112868,
113164,
113362,
113658,
113855,
114151,
114447,
114645,
114941,
115237,
115434,
115730,
116026,
116224,
116421,
116618,
116914,
117211,
117507,
117803,
118099,
118592,
118987,
119283,
119480,
119678,
119974,
120171,
120467,
120763,
120961,
121257,
121553,
121750,
122046,
122342,
122539,
122836,
123132,
123329,
123526,
123724,
124020,
124217,
124414,
124612,
124809,
125105,
125401,
125697,
128066,
129466,
130331,
131272,
133183,
134531,
135162,
136381,
138365,

1 Column Long Note Times:

1 Column Release Times:

2 Column Hit Times:
2638,
3132,
3625,
3921,
4217,
4711,
5105,
5401,
5796,
6092,
6684,
6980,
7572,
8263,
8559,
8954,
9349,
9645,
10039,
10434,
10928,
11322,
11618,
12013,
12507,
12803,
13197,
13691,
13987,
14480,
14875,
18921,
20500,
21092,
23066,
24053,
26816,
27605,
28395,
30171,
30961,
31750,
33132,
33724,
35993,
36487,
37079,
37572,
39447,
40039,
40730,
41224,
41914,
42309,
42901,
43197,
43395,
43592,
43987,
44283,
44579,
44875,
45072,
45368,
45566,
45862,
46158,
46454,
46750,
47145,
47342,
47638,
47934,
48132,
48428,
48724,
49020,
49316,
49612,
49908,
50204,
50401,
50697,
51092,
51388,
51684,
51882,
52178,
52474,
52770,
53066,
53362,
53559,
53855,
54151,
54349,
54645,
55039,
55336,
55632,
55829,
56026,
56224,
56618,
56914,
57211,
57507,
57704,
58000,
58197,
58493,
58789,
59086,
59382,
59776,
59974,
60270,
60566,
60763,
61059,
61355,
61651,
61947,
62243,
62539,
62836,
63033,
63329,
63724,
64020,
64316,
64513,
64809,
65105,
65401,
65697,
65993,
66191,
66487,
66783,
66980,
67276,
67671,
67967,
68263,
68559,
68757,
69941,
71026,
72309,
72803,
74382,
74974,
75171,
76553,
78132,
80500,
81487,
81684,
82178,
82474,
82671,
82967,
83263,
83658,
83954,
84250,
84546,
84842,
85138,
85434,
85730,
85928,
86224,
86520,
86816,
87211,
87605,
87803,
88099,
88395,
88789,
89086,
89382,
89678,
89974,
90171,
90467,
90763,
91059,
91355,
91553,
91849,
92145,
92342,
92638,
92836,
93132,
93428,
93724,
93921,
94118,
97474,
97967,
98263,
98757,
99053,
99546,
99842,
100237,
100434,
100730,
100928,
101224,
101421,
101717,
102013,
102309,
102507,
102803,
103197,
103395,
103592,
103888,
104184,
104480,
104776,
105171,
105566,
105862,
106158,
106454,
106750,
107046,
107243,
107539,
107737,
108033,
108329,
108625,
108822,
109118,
109513,
109711,
109908,
110204,
110500,
110796,
111092,
111289,
111487,
111783,
112178,
112474,
112671,
113066,
113362,
113559,
113855,
114053,
114349,
114645,
114941,
115138,
115434,
115829,
116026,
116224,
116520,
116816,
117112,
117408,
117803,
118197,
118493,
118789,
119086,
119283,
119678,
119875,
120171,
120368,
120664,
120961,
121257,
121454,
121750,
122145,
122342,
122539,
122836,
123033,
123329,
123724,
123921,
124217,
124414,
124612,
124809,
125007,
125303,
125500,
128362,
129159,
129887,
130922,
131503,
132823,
133683,
134688,
135328,
136109,
137311,

2 Column Long Note Times:

2 Column Release Times:

3 Column Hit Times:
2737,
3033,
3329,
3822,
4316,
4612,
4908,
5500,
5993,
6289,
6586,
7079,
7375,
7770,
8066,
8362,
8757,
9151,
9447,
9941,
10336,
10730,
11026,
11520,
11914,
12309,
12605,
13099,
13296,
13592,
14086,
14382,
14776,
18625,
19118,
20204,
20895,
22671,
23362,
23855,
24250,
24941,
25434,
26520,
27408,
27803,
28592,
29184,
29974,
31257,
32836,
33526,
34118,
35303,
36882,
38066,
39151,
40237,
41026,
41816,
42211,
42803,
43000,
43296,
43493,
43691,
43987,
44382,
44678,
44974,
45270,
45467,
45763,
45961,
46257,
46553,
46849,
47046,
47342,
47539,
47836,
48033,
48329,
48625,
48921,
49118,
49414,
49711,
50007,
50303,
50599,
50895,
51191,
51487,
51783,
52079,
52276,
52671,
53066,
53362,
53658,
53855,
54250,
54546,
54842,
55138,
55434,
55730,
55928,
56125,
56322,
56618,
57013,
57309,
57605,
57901,
58099,
58395,
58592,
58888,
59184,
59480,
59678,
59974,
60171,
60467,
60664,
60961,
61257,
61553,
61750,
62046,
62342,
62638,
62934,
63230,
63526,
63822,
64118,
64414,
64711,
64908,
65303,
65697,
65993,
66289,
66487,
66882,
67178,
67474,
67770,
68164,
68461,
68658,
68855,
70237,
70730,
71816,
73592,
74184,
76257,
76750,
77539,
79711,
80895,
81586,
81980,
82276,
82572,
82868,
83164,
83461,
83757,
84151,
84447,
84743,
85237,
85434,
85632,
86026,
86322,
86717,
87013,
87309,
87605,
87901,
88296,
88691,
89184,
89480,
89678,
90072,
90368,
90664,
90961,
91257,
91553,
91750,
92046,
92243,
92539,
92836,
93033,
93329,
93625,
93822,
94020,
97375,
97671,
98164,
98461,
98954,
99349,
99645,
100039,
100336,
100632,
100829,
101125,
101421,
101618,
101816,
102112,
102408,
102605,
102901,
103197,
103493,
103691,
103987,
104184,
104382,
104678,
104974,
105270,
105566,
105763,
106059,
106355,
106553,
106947,
107145,
107441,
107737,
107934,
108132,
108428,
108724,
108921,
109217,
109513,
109809,
110007,
110303,
110500,
110697,
110993,
111191,
111388,
111684,
112079,
112375,
112671,
112967,
113263,
113461,
113757,
114053,
114250,
114447,
114743,
115039,
115237,
115533,
115829,
116125,
116322,
116618,
116816,
117013,
117309,
117605,
117901,
118197,
118395,
118691,
118987,
119184,
119382,
119579,
119776,
120072,
120368,
120566,
120763,
121059,
121355,
121553,
121849,
122145,
122441,
122638,
122934,
123132,
123428,
123625,
123921,
124118,
124316,
124513,
124711,
124908,
125204,
125500,
125697,
128855,
129673,
130562,
131983,
132463,
133423,
134205,
134846,
135709,
136654,
137765,

3 Column Long Note Times:

3 Column Release Times:

4 Column Hit Times:
2540,
2934,
3428,
3724,
4020,
4513,
5007,
5303,
5697,
6191,
6487,
6783,
7276,
7671,
7967,
8461,
8855,
9250,
9743,
10138,
10632,
11125,
11421,
11717,
12211,
12704,
13000,
13395,
13888,
14283,
14579,
15072,
20697,
22276,
24447,
25237,
27013,
28888,
29382,
29678,
30664,
30862,
31553,
33329,
36684,
37868,
39645,
40434,
42013,
42605,
42803,
43099,
43296,
43493,
43789,
44086,
44382,
44776,
44974,
45171,
45467,
45664,
45961,
46355,
46750,
47046,
47243,
47539,
47836,
48132,
48329,
48724,
48921,
49217,
49513,
49809,
50303,
50697,
50993,
51289,
51487,
51783,
51980,
52276,
52572,
52868,
53164,
53461,
53658,
53954,
54250,
54447,
54743,
55039,
55237,
55533,
55730,
55928,
56125,
56421,
56717,
57013,
57408,
57605,
57803,
58099,
58296,
58592,
58987,
59382,
59678,
59875,
60171,
60467,
60763,
60961,
61355,
61553,
61849,
62145,
62441,
62934,
63329,
63625,
63921,
64118,
64414,
64612,
64908,
65204,
65500,
65796,
66092,
66289,
66586,
66882,
67276,
67572,
68066,
68461,
68658,
68855,
70434,
72013,
73099,
77046,
78329,
78921,
79118,
79908,
81289,
81882,
82474,
82770,
83066,
83559,
84053,
84349,
84645,
84941,
85237,
85533,
85829,
86125,
86421,
86816,
87112,
87408,
87704,
88000,
88592,
88888,
89184,
89382,
89776,
89974,
90270,
90566,
90862,
91158,
91355,
91651,
91947,
92145,
92441,
92737,
93132,
93526,
93822,
94020,
97276,
97770,
98066,
98559,
98855,
99250,
99645,
99941,
100138,
100434,
100829,
101026,
101322,
101618,
101914,
102211,
102408,
102704,
103000,
103296,
103493,
103789,
104086,
104382,
104776,
105072,
105368,
105664,
105961,
106257,
106553,
106750,
107145,
107342,
107638,
107934,
108230,
108526,
108724,
109020,
109316,
109612,
109809,
110105,
110401,
110697,
110895,
111191,
111388,
111586,
111882,
112474,
112770,
113066,
113461,
113658,
113954,
114250,
114546,
114842,
115039,
115336,
115632,
115928,
116125,
116421,
116717,
117013,
117408,
117704,
118000,
118296,
118592,
118888,
119184,
119382,
119776,
119974,
120270,
120566,
120862,
121158,
121355,
121651,
121947,
122243,
122441,
122737,
122934,
123230,
123526,
123822,
124118,
124316,
124513,
124711,
124908,
125105,
125303,
125599,
128658,
130101,
132223,
133944,
135004,
135495,
135909,
136954,

4 Column Long Note Times:

4 Column Release Times:

