Artist : Various Artists
Song Name : Jumpstream Practice Pack (JPP)
Difficulty : 0
BPM : 190
Background Image : charts\Various Artists-Jumpstream Practice Pack (JPP)\Spectral Stream.jpg
Audio : charts\Various Artists-Jumpstream Practice Pack (JPP)\Spectral Stream.mp3

1 Column Hit Times:
3188,
3575,
3962,
4349,
4736,
5027,
5317,
5704,
5994,
6381,
6672,
6962,
7349,
7639,
7833,
8123,
8607,
8994,
9285,
9575,
9865,
10156,
10543,
10930,
11220,
11510,
11898,
12188,
12478,
12769,
13059,
13252,
13639,
13930,
14220,
14414,
14704,
14994,
15188,
15381,
15575,
15962,
16349,
16639,
16930,
17220,
17510,
17801,
18091,
18381,
18672,
19059,
19349,
19639,
19833,
20220,
20510,
20801,
21188,
21381,
21672,
21962,
22252,
22543,
22833,
23123,
23414,
23801,
24188,
24478,
24672,
24962,
25252,
25543,
26027,
26317,
26801,
27091,
27381,
27672,
27962,
28349,
28543,
28833,
29027,
29317,
29510,
29704,
29994,
30285,
30478,
30672,
30962,
31156,
31446,
31639,
31930,
32123,
32414,
32607,
32801,
32994,
33188,
33478,
33672,
33962,
34156,
34349,
34639,
34930,
35220,
35510,
35704,
35898,
36188,
36478,
36672,
36962,
37252,
37446,
37639,
37833,
38123,
38414,
38607,
38801,
38994,
39188,
39381,
39575,
39769,
39962,
40156,
40349,
40543,
41704,
42091,
43252,
43639,
44801,
45188,
45575,
45962,
46349,
46543,
47027,
47317,
47801,
48091,
48381,
48672,
48962,
49639,
50027,
50317,
50704,
50994,
51188,
51478,
51769,
52059,
52252,
52543,
52736,
53123,
53639,
53898,
54672,
55188,
55446,
55704,
56027,
56317,
56510,
56704,
56898,
57188,
57381,
57962,
60672,
61059,
61446,
61736,
62027,
62220,
62414,
62801,
62994,
63188,
63478,
63769,
63962,
64252,
64543,
64736,
64930,
65220,
65510,
65898,
66188,
66381,
66672,
66962,
67156,
67349,
67639,
67833,
68027,
68317,
68607,
68801,
68994,
69381,
69575,
69865,
70156,
70543,
70930,
71220,
71510,
71704,
71898,
72188,
72381,
72575,
72865,
73059,
73252,
73736,
73930,
74123,
74317,
74607,
74801,
74994,
75285,
75478,
75769,
75962,
76156,
76446,
76639,
76930,
77123,
77317,
77607,
77898,
78091,
78285,
78478,
78672,
78962,
79252,
79543,
79930,
80123,
80317,
80510,
80801,
80994,
81381,
81769,
82059,
82349,
82543,
82930,
83317,
83607,
83898,
84188,
84672,
84865,
85059,
85349,
85833,
86317,
86801,
86994,
87285,
87575,
87865,
88156,
88349,
88639,
88930,
89317,
89510,
89898,
90091,
90285,
90478,
90672,
90865,
91059,
91349,
91639,
91930,
92220,
92414,
92704,
92994,
93285,
93575,
93769,
93962,
94156,
94349,
94639,
95027,
95317,
95510,
95801,
96091,
96381,
96672,
96865,
97059,
97252,
97543,
97736,
97930,
98220,
98414,
98607,
98801,
98994,
99188,
99478,
99962,
100156,
100349,
100543,
100833,
101123,
101317,
101510,
101704,
101898,
102188,
102478,
102769,
103059,
103252,
103446,
103736,
104027,
104317,
104607,
104801,
104994,
105285,
105575,
105769,
105962,
106252,
106543,
106736,
107027,
107317,
107510,
107704,
107994,
108285,
108478,
108769,
109252,
109639,
109930,
110220,
110414,
110704,
110898,
111091,
111285,
111575,
111769,
111962,
112156,
112446,
112736,
112930,
113220,
113510,
113704,
113898,
114188,
114478,
114672,
114962,
115156,
115349,
115543,
115833,
116027,
116220,
116510,
116704,
116994,
117188,
117381,
117672,
117962,
118252,
118446,
118639,
118930,
119123,
119414,
119607,
119898,
120091,
120285,
120478,
120769,
121059,
121349,
121543,
121736,
122027,
122220,
122510,
122801,
123091,
123381,
123672,
123962,
124156,
124349,
124543,
124833,
125027,
125317,
125510,
125801,
125994,
126188,
126381,
126575,
126769,
127059,
127349,
127543,
127736,
127930,
128123,
128414,
128607,
128898,
129188,
129381,
129575,
129769,
129962,
130156,
130446,
130639,
130833,
131027,
131220,
131510,
131704,
131994,
132188,
132381,
132575,
132865,
133059,
133349,
133639,
133833,
134123,
134414,
134607,
134801,
135091,
135381,
135575,
135769,
135962,
136156,
136349,

1 Column Long Note Times:
26607,

1 Column Release Times:
26656,

2 Column Hit Times:
2317,
3285,
3575,
3865,
4156,
4446,
4736,
5123,
5414,
5607,
5898,
6188,
6478,
6769,
7059,
7252,
7543,
7833,
8220,
8510,
8801,
9091,
9381,
9672,
9962,
10252,
10543,
10833,
11123,
11414,
11607,
11801,
12091,
12478,
12865,
13349,
13639,
13833,
14123,
14414,
14801,
14994,
15381,
15672,
15962,
16252,
16543,
16736,
17027,
17317,
17704,
17994,
18285,
18672,
18962,
19252,
19543,
19930,
20220,
20607,
20898,
21091,
21478,
21769,
22059,
22349,
22639,
22930,
23220,
23510,
23704,
24091,
24285,
24769,
25059,
25446,
25736,
26027,
26220,
26510,
26704,
26994,
27478,
27962,
28252,
28543,
28736,
29027,
29220,
29510,
29704,
29898,
30188,
30478,
30672,
30865,
31156,
31349,
31639,
31833,
32123,
32317,
32607,
32801,
33091,
33381,
33672,
33865,
34156,
34349,
34543,
34833,
35027,
35317,
35510,
35801,
36091,
36285,
36575,
36865,
37059,
37252,
37446,
37736,
37930,
38123,
38317,
38510,
38801,
38994,
39188,
39381,
39575,
39769,
39962,
40156,
40349,
40736,
41510,
42285,
43059,
43833,
44607,
45285,
45575,
45865,
46349,
46639,
46930,
47123,
47510,
47898,
48188,
48672,
49059,
49349,
49639,
49930,
50220,
50510,
50994,
51285,
51575,
51865,
52059,
52349,
52543,
52865,
53381,
53898,
54156,
54414,
54930,
55446,
55833,
56123,
56317,
56510,
56801,
56994,
57188,
57478,
58059,
59027,
59220,
59414,
59607,
59801,
59994,
60188,
60381,
60865,
61349,
61930,
62123,
62414,
62607,
62898,
63091,
63381,
63672,
63962,
64156,
64446,
64639,
64930,
65123,
65414,
65607,
65898,
66285,
66575,
66865,
67156,
67446,
67639,
67930,
68220,
68510,
68704,
69091,
69285,
69478,
69769,
70059,
70252,
70543,
70833,
71027,
71317,
71510,
71801,
71994,
72188,
72478,
72769,
73059,
73349,
73543,
73736,
73930,
74123,
74317,
74510,
74801,
75188,
75381,
75575,
75865,
76156,
76349,
76543,
76833,
77027,
77317,
77510,
77801,
77994,
78285,
78575,
78769,
79059,
79252,
79446,
79639,
79833,
80123,
80510,
80704,
80994,
81188,
81478,
81672,
81962,
82156,
82446,
82639,
82930,
83220,
83414,
83704,
83898,
84091,
84381,
84575,
84769,
85059,
85252,
85543,
85930,
86220,
86607,
86801,
87091,
87478,
87769,
87962,
88252,
88543,
88736,
88930,
89123,
89414,
89607,
89801,
90091,
90285,
90478,
90769,
91059,
91252,
91543,
91833,
92027,
92317,
92607,
92801,
93091,
93478,
93769,
93962,
94156,
94446,
94736,
94930,
95123,
95414,
95704,
95898,
96091,
96285,
96575,
96865,
97059,
97252,
97446,
97736,
97930,
98123,
98414,
98607,
98801,
99091,
99285,
99575,
99769,
99962,
100156,
100349,
100639,
100930,
101220,
101510,
101704,
101898,
102091,
102381,
102672,
102865,
103156,
103446,
103639,
103930,
104220,
104607,
104801,
105091,
105381,
105575,
105865,
106059,
106349,
106736,
106930,
107220,
107704,
107994,
108285,
108575,
108962,
109156,
109446,
109833,
110123,
110414,
110607,
110898,
111091,
111285,
111478,
111672,
111962,
112156,
112349,
112543,
112736,
113027,
113317,
113510,
113704,
113994,
114188,
114381,
114672,
114865,
115156,
115446,
115639,
115833,
116123,
116414,
116704,
116898,
117091,
117381,
117575,
117865,
118059,
118252,
118543,
118736,
118930,
119220,
119510,
119801,
119994,
120188,
120478,
120672,
120865,
121059,
121252,
121446,
121639,
121833,
122027,
122317,
122607,
122801,
122994,
123285,
123575,
123769,
123962,
124252,
124446,
124639,
124833,
125027,
125220,
125510,
125704,
125898,
126091,
126381,
126575,
126865,
127156,
127349,
127639,
127930,
128123,
128317,
128607,
128801,
129091,
129381,
129575,
129865,
130059,
130349,
130543,
130736,
131027,
131317,
131510,
131801,
131994,
132285,
132478,
132672,
132865,
133156,
133446,
133639,
133930,
134123,
134317,
134510,
134801,
134994,
135188,
135381,
135575,
135769,
135962,
136156,
136349,

2 Column Long Note Times:

2 Column Release Times:

3 Column Hit Times:
2123,
3188,
3478,
3769,
4059,
4349,
4639,
4833,
5123,
5510,
5801,
6091,
6285,
6575,
6865,
7156,
7446,
7930,
8220,
8414,
8704,
8994,
9188,
9478,
9769,
10059,
10349,
10639,
10930,
11317,
11704,
12091,
12285,
12575,
12865,
13156,
13543,
13833,
14027,
14317,
14510,
14801,
15091,
15285,
15575,
15769,
16059,
16349,
16736,
17123,
17414,
17607,
17898,
18285,
18575,
18769,
19059,
19446,
19736,
20123,
20414,
20704,
20994,
21285,
21575,
21769,
22156,
22446,
22736,
23027,
23317,
23704,
23994,
24381,
24575,
24865,
25156,
25349,
25639,
25833,
26123,
26414,
27285,
27865,
28156,
28446,
28639,
28930,
29123,
29317,
29607,
29801,
30091,
30381,
30575,
30865,
31059,
31252,
31543,
31736,
32027,
32220,
32414,
32704,
32898,
33188,
33381,
33575,
33769,
34059,
34252,
34543,
34736,
35123,
35317,
35607,
35801,
36091,
36381,
36672,
36865,
37156,
37349,
37543,
37736,
38027,
38220,
38414,
38607,
38898,
39091,
39285,
39478,
39672,
39865,
40059,
40252,
40930,
41317,
42478,
42865,
43446,
44027,
44414,
44994,
45285,
45865,
46156,
46736,
47123,
47414,
47704,
47994,
48285,
48575,
48865,
49156,
49446,
49736,
50123,
50414,
50898,
51091,
51381,
51672,
51962,
52156,
52349,
52639,
52994,
53252,
53510,
53769,
54285,
54543,
54801,
55059,
55317,
55930,
56220,
56414,
56607,
56801,
57091,
57285,
57478,
57769,
58930,
59123,
59317,
59510,
59704,
59898,
60091,
60285,
60575,
60962,
61156,
61639,
62027,
62220,
62510,
62801,
63091,
63285,
63575,
63769,
64059,
64349,
64639,
64833,
65123,
65317,
65607,
65801,
66091,
66285,
66478,
66769,
67059,
67252,
67543,
67736,
68027,
68220,
68414,
68607,
68898,
69188,
69381,
69672,
69962,
70156,
70349,
70639,
70833,
71123,
71317,
71607,
71801,
72091,
72285,
72478,
72672,
72962,
73252,
73446,
73639,
73833,
74027,
74220,
74414,
74704,
74898,
75091,
75575,
75769,
76059,
76252,
76446,
76736,
77027,
77220,
77414,
77704,
77994,
78188,
78381,
78672,
78865,
79156,
79446,
79736,
79930,
80220,
80414,
80607,
80898,
81091,
81381,
81672,
81865,
82156,
82349,
82639,
82833,
83027,
83220,
83510,
83704,
83994,
84188,
84478,
84769,
84962,
85156,
85446,
85736,
86123,
86414,
86704,
86898,
87188,
87381,
87575,
87769,
87962,
88156,
88446,
88736,
89027,
89220,
89414,
89704,
89994,
90575,
90769,
90962,
91252,
91446,
91639,
91833,
92123,
92414,
92607,
92898,
93188,
93381,
93575,
93865,
94059,
94252,
94543,
94736,
94930,
95220,
95510,
95704,
95994,
96285,
96478,
96769,
96962,
97156,
97349,
97639,
97833,
98027,
98317,
98510,
98704,
98898,
99091,
99381,
99672,
99865,
100059,
100252,
100446,
100736,
101027,
101317,
101607,
101801,
102091,
102285,
102575,
102865,
103059,
103349,
103543,
103833,
104123,
104414,
104704,
104898,
105188,
105381,
105672,
105865,
106156,
106446,
106639,
106930,
107123,
107414,
107607,
107801,
108091,
108381,
108672,
108865,
109059,
109252,
109543,
109736,
110027,
110317,
110607,
110801,
110994,
111188,
111381,
111575,
111865,
112059,
112252,
112446,
112639,
112833,
113123,
113317,
113607,
113898,
114091,
114285,
114575,
114865,
115059,
115252,
115446,
115736,
115930,
116220,
116414,
116607,
116801,
117091,
117285,
117575,
117769,
118059,
118349,
118543,
118833,
119027,
119317,
119510,
119704,
119898,
120188,
120381,
120575,
120865,
121156,
121446,
121736,
121930,
122220,
122414,
122704,
122994,
123188,
123478,
123769,
124059,
124252,
124446,
124736,
124930,
125123,
125317,
125607,
125801,
125994,
126285,
126478,
126672,
126962,
127252,
127446,
127639,
127833,
128027,
128220,
128510,
128704,
128994,
129188,
129478,
129672,
130059,
130252,
130446,
130736,
130930,
131123,
131317,
131704,
131898,
132091,
132285,
132575,
132769,
133059,
133252,
133543,
133736,
134027,
134317,
134607,
134898,
135188,
135478,
135672,
135865,
136059,
136252,

3 Column Long Note Times:

3 Column Release Times:

4 Column Hit Times:
1930,
3188,
3381,
3672,
3962,
4252,
4543,
4930,
5220,
5510,
5898,
6285,
6672,
7059,
7446,
7736,
8027,
8317,
8607,
8898,
9188,
9381,
9769,
10156,
10446,
10736,
11027,
11317,
11704,
11994,
12381,
12672,
12962,
13252,
13446,
13736,
14027,
14220,
14607,
14898,
15188,
15478,
15865,
16156,
16446,
16833,
17123,
17510,
17898,
18188,
18478,
18865,
19156,
19446,
19833,
20027,
20317,
20607,
20994,
21381,
21575,
21865,
22156,
22543,
22930,
23317,
23607,
23898,
24091,
24478,
24865,
25252,
25639,
25930,
26414,
26898,
27188,
27575,
27769,
28059,
28349,
28736,
28930,
29123,
29414,
29607,
29898,
30091,
30285,
30575,
30769,
31059,
31252,
31446,
31833,
32027,
32220,
32510,
32704,
32994,
33285,
33575,
33769,
33962,
34252,
34446,
34736,
34930,
35123,
35414,
35704,
35994,
36285,
36478,
36769,
37059,
37349,
37639,
37833,
38027,
38220,
38510,
38704,
38898,
39091,
39285,
39478,
39672,
39865,
40059,
40252,
41123,
42478,
42672,
43252,
43446,
44027,
44220,
44801,
44994,
45381,
45769,
46156,
46543,
46833,
47220,
47607,
48091,
48478,
48769,
49252,
49543,
49833,
50220,
50607,
50801,
51188,
51769,
51962,
52156,
52446,
52736,
53123,
53510,
54027,
54285,
54672,
55059,
55575,
55833,
56027,
56220,
56607,
56898,
57091,
57381,
57672,
60478,
60769,
61252,
61543,
61833,
62027,
62317,
62510,
62704,
63188,
63381,
63575,
63865,
64059,
64349,
64736,
65027,
65317,
65510,
65704,
65994,
66188,
66478,
66672,
66865,
67059,
67446,
67833,
68123,
68414,
68704,
68994,
69285,
69575,
69769,
69962,
70252,
70446,
70736,
70930,
71123,
71414,
71704,
72091,
72381,
72672,
72865,
73156,
73349,
73639,
73833,
74027,
74220,
74414,
74607,
74898,
75188,
75478,
75672,
75962,
76349,
76736,
77123,
77510,
77704,
77898,
78381,
78575,
78865,
79059,
79349,
79543,
79833,
80027,
80220,
80414,
80607,
80801,
81091,
81285,
81575,
81769,
81962,
82252,
82543,
82736,
83123,
83317,
83510,
83801,
84091,
84285,
84478,
84865,
85252,
85639,
86027,
86510,
86801,
86994,
87188,
87381,
87672,
88059,
88349,
88543,
88833,
89123,
89317,
89510,
89704,
89898,
90188,
90381,
90672,
90962,
91156,
91446,
91736,
92027,
92220,
92510,
92801,
92994,
93188,
93381,
93672,
93865,
94059,
94349,
94543,
94833,
95123,
95317,
95607,
95898,
96188,
96478,
96672,
96962,
97156,
97446,
97639,
97833,
98027,
98220,
98510,
98704,
98994,
99188,
99381,
99575,
99769,
100059,
100252,
100543,
100736,
100930,
101123,
101414,
101607,
101801,
101994,
102285,
102672,
102962,
103252,
103639,
103833,
104220,
104510,
104994,
105188,
105478,
105769,
105962,
106156,
106543,
106833,
107123,
107317,
107510,
107898,
108188,
108478,
108672,
108865,
109059,
109349,
109543,
109833,
110027,
110220,
110510,
110801,
110994,
111188,
111381,
111575,
111769,
112059,
112349,
112639,
112930,
113123,
113414,
113607,
113801,
113994,
114285,
114478,
114769,
115059,
115252,
115543,
115736,
116027,
116317,
116607,
116801,
116994,
117188,
117478,
117769,
117962,
118156,
118349,
118639,
118833,
119123,
119317,
119607,
119801,
120091,
120381,
120672,
120962,
121156,
121349,
121639,
121930,
122123,
122414,
122607,
122898,
123188,
123381,
123575,
123865,
124156,
124349,
124543,
124736,
124930,
125123,
125414,
125704,
125898,
126091,
126285,
126478,
126672,
126865,
127059,
127252,
127543,
127833,
128220,
128414,
128801,
128994,
129285,
129478,
129769,
129962,
130156,
130349,
130639,
130930,
131220,
131414,
131607,
131898,
132188,
132478,
132769,
132962,
133252,
133446,
133833,
134027,
134220,
134414,
134704,
134994,
135285,
135672,
135865,
136059,
136252,

4 Column Long Note Times:
26607,

4 Column Release Times:
26656,

