Artist : Various Artists
Song Name : Jumpstream Practice Pack (JPP)
Difficulty : 0
BPM : 190
Background Image : charts\Various Artists-Jumpstream Practice Pack (JPP)\Station to Station.png
Audio : charts\Various Artists-Jumpstream Practice Pack (JPP)\Station to Station.mp3

1 Column Hit Times:
1658,
3157,
3532,
4657,
5031,
6156,
6531,
7281,
7656,
8031,
8780,
9155,
9717,
10092,
10655,
11030,
11779,
12154,
12717,
13091,
13466,
13654,
14404,
14591,
15903,
16090,
17403,
17590,
18902,
19324,
19652,
19933,
20261,
20636,
21151,
21433,
21995,
22276,
25181,
25463,
25650,
25931,
26212,
26400,
26681,
26962,
27150,
27524,
27806,
27993,
28274,
28462,
28649,
28930,
29211,
29586,
29774,
30055,
30336,
30523,
30805,
30992,
31180,
31367,
31648,
31836,
32117,
32304,
32585,
32773,
33054,
33241,
33523,
33710,
34085,
34272,
34460,
34835,
35116,
35303,
35584,
35772,
35959,
36334,
36522,
36709,
36990,
37178,
37459,
37646,
38021,
38583,
39146,
39521,
40083,
40645,
41020,
41583,
42145,
42520,
43082,
43457,
43644,
44019,
44769,
45144,
45519,
46081,
46643,
47018,
47581,
47956,
48330,
48705,
48893,
49268,
49455,
49643,
50017,
51892,
52267,
52642,
53016,
53579,
54141,
54703,
55078,
55359,
55547,
55828,
56203,
57140,
57515,
58640,
59015,
59202,
59764,
60139,
60514,
60889,
61826,
62014,
62389,
63138,
63419,
63701,
63888,
64357,
64638,
65013,
65294,
65669,
65856,
66137,
66325,
66700,
66887,
67168,
67449,
67824,
68012,
68387,
69136,
69418,
69699,
69886,
70355,
70636,
71011,
71198,
71573,
71761,
72135,
72417,
72698,
72979,
73260,
73541,
73822,
74010,
74385,
75135,
75416,
75697,
75884,
76353,
76634,
77009,
77290,
77665,
77852,
78134,
78321,
78696,
78883,
79165,
79446,
79821,
80008,
80383,
81133,
81414,
81695,
81882,
82351,
82632,
83007,
83476,
83757,
83944,
84225,
85444,
85631,
85912,
86194,
86381,
86662,
86943,
87131,
87506,
87787,
87974,
88255,
88443,
88630,
88911,
89193,
89568,
89755,
90036,
90317,
90505,
90786,
90973,
91161,
91348,
91629,
91817,
92098,
92285,
92567,
92754,
93035,
93223,
93504,
93691,
94066,
94254,
94441,
94816,
95097,
95284,
95566,
95753,
95941,
96315,
96503,
96690,
96971,
97159,
97440,
97628,
98002,
98565,
99127,
99502,
100064,
100627,
101001,
101564,
102126,
102501,
103063,
103438,
103626,
104001,
104469,
104750,
105125,
105500,
106062,
106625,
107000,
107562,
107937,
108312,
108687,
108874,
109249,
109436,
109624,
109999,
111873,
112248,
112623,
112998,
113560,
114122,
114685,
115060,
115341,
115528,
115809,
116184,
117121,
117496,
118621,
118996,
119183,
119746,
120120,
120495,
120870,
121807,
121995,
122370,
123120,
123401,
123682,
123869,
124338,
124619,
124994,
125275,
125650,
125837,
126119,
126306,
126681,
126868,
127150,
127431,
127806,
127993,
128368,
129118,
129399,
129680,
129867,
130336,
130617,
130992,
131180,
131554,
131742,
132117,
132398,
132679,
132960,
133241,
133523,
133804,
133991,
134366,
135116,
135397,
135678,
135866,
136334,
136615,
136990,
137271,
137646,
137834,
138115,
138302,
138677,
138865,
139146,
139427,
139802,
139989,
140364,
141114,
141395,
141676,
141864,
142332,
142613,
142988,
143457,
143738,
143926,
144207,
145425,
145613,
146456,
146737,
147112,
147956,
148424,
148612,
149455,
149830,
150205,
150486,
150861,
151329,
151611,
152360,
152548,
152829,
153110,
153860,
154235,
154422,
154610,
155734,
156109,
156297,
156578,
156765,
156953,
157140,
157328,
157515,
157702,
157984,
158171,
158452,
158733,
158921,
159202,
159389,
159671,
159858,
160139,
160420,
160702,
160983,
161170,
161358,
161639,
161826,
162014,
162295,
162576,
162857,
163045,
163326,
163513,
163701,
163982,
164169,
164544,
164919,
165106,
165481,
165762,
165950,
166137,
166419,
166606,
166981,
167168,
167449,
167637,
167918,
168105,
168387,
168574,
168762,
169043,
169230,
169511,
169980,
170730,
171292,
172229,
173166,
173916,
174291,
174666,
175603,
175978,
176540,
177103,
177478,
178040,
178602,
178977,
181039,
181601,
181976,
182538,
183007,
183851,
184225,
184600,
184975,
185538,
186100,
186662,
187037,
187318,
187506,
187787,
188162,
189099,
189474,
190224,
190598,
190973,
191161,
191723,
192098,
192473,
192848,
193785,
193972,
194347,
195097,
195378,
195659,
195847,
196315,
196597,
196971,
197253,
197628,
197815,
198096,
198284,
198658,
198846,
199127,
199408,
199783,
199971,
200345,
201095,
201376,
201657,
201845,
202314,
202595,
202970,
203157,
203532,
203719,
204094,
204375,
204657,
204938,
205219,
205500,
205781,
205969,
206344,
207093,
207374,
207656,
207843,
208312,
208593,
208968,
209249,
209624,
209811,
210092,
210280,
210655,
210842,
211123,
211404,
211779,
211967,
212342,
213091,
213373,
213654,
213841,
214310,
214591,
214966,
215434,
215716,
215903,
216184,
217403,
217590,
217871,
218152,
218340,
218621,
218902,
219090,
219464,
219746,
219933,
220214,
220402,
220589,
220870,
221151,
221526,
221714,
221995,
222276,
222463,
222745,
222932,
223120,
223307,
223588,
223776,
224057,
224244,
224525,
224713,
224994,
225181,
225463,
225650,
226025,
226212,
226400,
226775,
227056,
227243,
227524,
227712,
227899,
228274,
228462,
228649,
228930,
229118,
229399,
229586,

1 Column Long Note Times:
2595,
3719,
5594,
50580,
50955,
57890,
58265,
84694,
110561,
110936,
117871,
118246,
144675,
155359,
180289,
180664,
189849,
193410,
216653,

1 Column Release Times:
2782,
3907,
5781,
50767,
51142,
57984,
58452,
84881,
110748,
111123,
117965,
118434,
144863,
155547,
180477,
180852,
189974,
193504,
216840,

2 Column Hit Times:
2032,
3157,
3438,
4657,
4938,
5781,
6156,
6437,
7656,
8218,
8593,
9155,
9530,
10280,
10655,
11217,
11592,
12154,
12529,
13279,
13654,
13841,
14685,
15153,
15341,
16184,
16653,
16840,
17684,
18152,
18340,
19090,
19699,
20167,
20589,
21011,
21714,
22557,
22745,
22932,
23120,
23307,
23494,
23682,
23869,
24057,
24244,
24432,
24619,
24807,
24994,
25228,
25650,
25837,
26119,
26306,
26587,
26868,
27150,
27337,
27618,
27806,
28087,
28368,
28649,
28837,
29118,
29305,
29586,
29774,
29961,
30242,
30523,
30711,
30992,
31180,
31461,
31648,
32023,
32304,
32492,
32773,
32960,
33241,
33429,
33710,
33897,
34272,
34553,
34741,
34928,
35210,
35397,
35584,
35866,
36053,
36334,
36522,
36896,
37178,
37365,
37646,
37927,
38209,
38771,
39146,
39427,
39708,
40270,
40645,
40926,
41208,
41770,
42145,
42707,
43176,
43363,
43644,
43926,
44207,
44582,
45144,
45425,
45706,
46269,
46643,
47206,
47581,
47768,
48330,
48518,
49268,
49455,
49643,
50017,
50392,
50767,
51329,
51704,
53016,
53391,
53954,
54516,
54891,
55172,
55359,
55547,
56390,
56765,
57140,
57515,
58265,
58640,
58921,
59202,
59764,
60139,
61264,
61826,
62201,
62389,
62951,
63326,
63701,
64075,
64263,
64450,
64732,
65013,
65388,
65575,
65950,
66137,
66419,
66606,
67075,
67356,
67543,
67824,
68199,
68387,
68949,
69324,
69699,
70074,
70261,
70449,
70730,
71011,
71479,
71948,
72135,
72510,
72885,
73166,
73448,
73822,
74197,
74385,
74947,
75322,
75697,
76072,
76259,
76447,
76728,
77009,
77384,
77571,
77946,
78134,
78415,
78602,
79071,
79352,
79539,
79821,
80195,
80383,
80945,
81320,
81695,
82070,
82257,
82445,
82726,
83007,
83288,
83569,
83757,
84132,
84507,
85631,
85819,
86100,
86287,
86568,
86850,
87131,
87318,
87599,
87787,
88068,
88349,
88630,
88818,
89099,
89286,
89568,
89755,
89942,
90224,
90505,
90692,
90973,
91161,
91442,
91629,
92004,
92285,
92473,
92754,
92941,
93223,
93410,
93691,
93879,
94254,
94535,
94722,
94910,
95191,
95378,
95566,
95847,
96034,
96315,
96503,
96878,
97159,
97346,
97628,
97909,
98190,
98752,
99127,
99408,
99689,
100252,
100627,
100908,
101189,
101751,
102126,
102688,
103157,
103344,
103626,
103907,
104188,
104563,
105125,
105406,
105687,
106250,
106625,
107187,
107562,
107749,
108312,
108499,
109249,
109436,
109624,
109999,
110374,
110748,
111311,
111686,
112998,
113373,
113935,
114497,
114872,
115153,
115341,
115528,
116372,
116747,
117121,
117496,
118246,
118621,
118902,
119183,
119746,
120120,
121245,
121807,
122182,
122370,
122932,
123307,
123682,
124057,
124244,
124432,
124713,
124994,
125369,
125556,
125931,
126119,
126400,
126587,
127056,
127337,
127524,
127806,
128180,
128368,
128930,
129305,
129680,
130055,
130242,
130430,
130711,
130992,
131461,
131929,
132117,
132492,
132866,
133148,
133429,
133804,
134179,
134366,
134928,
135303,
135678,
136053,
136240,
136428,
136709,
136990,
137365,
137553,
137927,
138115,
138396,
138583,
139052,
139333,
139521,
139802,
140177,
140364,
140926,
141301,
141676,
142051,
142239,
142426,
142707,
142988,
143269,
143551,
143738,
144113,
144488,
145613,
145894,
146175,
146550,
146831,
147112,
147393,
147674,
148049,
148330,
148612,
148893,
149174,
149736,
150017,
150299,
150767,
151048,
151611,
151892,
152173,
152454,
152735,
153110,
153391,
153672,
153954,
154235,
154610,
154891,
155172,
155547,
155828,
156109,
156390,
156578,
156765,
156953,
157140,
157328,
157515,
157702,
157984,
158265,
158546,
158733,
159015,
159202,
159483,
159671,
160046,
160233,
160514,
160702,
160983,
161264,
161451,
161639,
161920,
162107,
162389,
162576,
162857,
163045,
163232,
163419,
163701,
163888,
164169,
164357,
164638,
164825,
165106,
165294,
165575,
165762,
166044,
166325,
166512,
166700,
166981,
167262,
167449,
167637,
168012,
168199,
168387,
168574,
168855,
169043,
169418,
169980,
170542,
171292,
172417,
173541,
173916,
175603,
175884,
176165,
176728,
177103,
177665,
178227,
178602,
179165,
179539,
180477,
181601,
181976,
182351,
182726,
183288,
183663,
184132,
184413,
184975,
185350,
185912,
186475,
186850,
187131,
187318,
187506,
188349,
188724,
189099,
189474,
190880,
191161,
191723,
192098,
193223,
193785,
194160,
194347,
194910,
195284,
195659,
196034,
196222,
196409,
196690,
196971,
197346,
197534,
197909,
198096,
198377,
198565,
199033,
199314,
199502,
199783,
200158,
200345,
200908,
201283,
201657,
202032,
202220,
202407,
202688,
202970,
203438,
203907,
204094,
204469,
204844,
205125,
205406,
205781,
206156,
206344,
206906,
207281,
207656,
208031,
208218,
208405,
208687,
208968,
209343,
209530,
209905,
210092,
210374,
210561,
211030,
211311,
211498,
211779,
212154,
212342,
212904,
213279,
213654,
214029,
214216,
214404,
214685,
214966,
215247,
215528,
215716,
216090,
216465,
217215,
217590,
217777,
218059,
218246,
218527,
218808,
219090,
219277,
219558,
219746,
220027,
220308,
220589,
220777,
221058,
221245,
221526,
221714,
221901,
222182,
222463,
222651,
222932,
223120,
223401,
223588,
223963,
224244,
224432,
224713,
224900,
225181,
225369,
225650,
225837,
226212,
226493,
226681,
226868,
227150,
227337,
227524,
227806,
227993,
228274,
228462,
228837,
229118,
229305,
229586,

2 Column Long Note Times:
4094,
7093,
57984,
84694,
117965,
144675,
179914,
180852,
189974,
190473,
192660,
216653,

2 Column Release Times:
4282,
7281,
58077,
84881,
118059,
144863,
180289,
181039,
190099,
190598,
192754,
216840,

3 Column Hit Times:
1845,
2970,
3344,
3907,
4469,
4844,
5969,
6344,
6906,
7468,
7843,
8405,
8780,
9343,
9905,
10280,
10842,
11404,
11779,
12342,
12904,
13279,
13560,
14029,
14216,
14778,
15060,
15528,
15716,
16278,
16559,
17028,
17215,
17777,
18059,
18527,
18715,
19136,
19511,
19839,
20402,
20917,
22463,
22651,
22838,
23026,
23213,
23401,
23588,
23776,
23963,
24150,
24338,
24525,
24713,
24900,
25088,
25275,
25744,
26025,
26306,
26587,
26775,
27056,
27243,
27524,
27712,
28087,
28274,
28555,
28743,
29024,
29305,
29493,
29680,
29961,
30149,
30430,
30617,
30898,
31086,
31273,
31461,
31742,
31929,
32210,
32398,
32679,
32866,
33148,
33335,
33616,
33804,
34085,
34366,
34553,
34741,
35022,
35303,
35491,
35678,
36053,
36240,
36428,
36615,
36896,
37084,
37459,
37834,
38396,
38771,
39333,
39896,
40270,
40739,
41395,
41770,
42332,
42895,
43269,
43457,
43832,
44956,
45331,
45894,
46269,
46831,
47393,
47768,
48893,
49080,
49361,
49549,
50392,
50767,
51142,
51517,
52829,
53391,
53766,
54329,
54891,
55266,
55453,
55641,
56016,
56390,
56765,
57328,
58827,
59389,
59577,
60046,
60514,
61639,
61920,
62576,
62763,
63326,
63513,
63982,
64450,
64638,
64919,
65106,
65388,
65762,
66044,
66512,
66793,
66981,
67262,
67449,
67637,
67918,
68574,
68762,
69324,
69511,
69980,
70449,
70636,
70917,
71386,
71667,
71948,
72229,
72510,
72792,
73073,
73354,
73635,
73916,
74572,
74760,
75322,
75509,
75978,
76447,
76634,
76915,
77103,
77384,
77759,
78040,
78508,
78790,
78977,
79258,
79446,
79633,
79914,
80570,
80758,
81320,
81508,
81976,
82445,
82632,
82913,
83195,
83382,
83663,
84132,
84319,
85725,
86006,
86287,
86568,
86756,
87037,
87225,
87506,
87693,
88068,
88255,
88537,
88724,
89005,
89286,
89474,
89661,
89942,
90130,
90411,
90598,
90880,
91067,
91255,
91442,
91723,
91911,
92192,
92379,
92660,
92848,
93129,
93316,
93598,
93785,
94066,
94347,
94535,
94722,
95003,
95284,
95472,
95659,
96034,
96222,
96409,
96597,
96878,
97065,
97440,
97815,
98377,
98752,
99314,
99877,
100252,
100720,
101376,
101751,
102314,
102876,
103251,
103438,
103813,
104375,
104938,
105313,
105875,
106250,
106812,
107374,
107749,
108874,
109061,
109343,
109530,
110374,
110748,
111123,
111498,
112810,
113373,
113747,
114310,
114872,
115247,
115434,
115622,
115997,
116372,
116747,
117309,
118808,
119371,
119558,
120027,
120495,
121620,
121901,
122557,
122745,
123307,
123494,
123963,
124432,
124619,
124900,
125088,
125369,
125744,
126025,
126493,
126775,
126962,
127243,
127431,
127618,
127899,
128555,
128743,
129305,
129493,
129961,
130430,
130617,
130898,
131367,
131648,
131929,
132210,
132492,
132773,
133054,
133335,
133616,
133897,
134553,
134741,
135303,
135491,
135959,
136428,
136615,
136896,
137084,
137365,
137740,
138021,
138490,
138771,
138958,
139240,
139427,
139614,
139896,
140552,
140739,
141301,
141489,
141957,
142426,
142613,
142895,
143176,
143363,
143644,
144113,
144300,
145706,
145987,
146269,
146643,
146925,
147206,
147487,
147768,
148143,
148424,
148705,
148986,
149268,
149549,
149924,
150955,
151423,
151704,
151986,
152267,
152642,
152923,
153204,
153485,
153766,
154141,
154516,
154703,
154985,
155266,
155641,
155922,
156203,
156484,
156672,
156859,
157046,
157234,
157421,
157609,
157796,
158077,
158265,
158546,
158827,
159108,
159296,
159577,
159764,
160046,
160327,
160608,
160795,
161076,
161264,
161545,
161732,
161920,
162201,
162482,
162670,
162951,
163138,
163419,
163607,
163982,
164263,
164450,
164732,
164919,
165200,
165388,
165669,
165856,
166231,
166512,
166700,
166887,
167168,
167356,
167543,
167824,
168012,
168293,
168480,
168855,
169136,
169324,
169605,
170917,
172042,
173729,
174478,
174853,
175978,
176353,
176634,
176915,
177478,
177852,
178134,
178415,
178790,
179352,
179914,
180289,
180664,
182351,
182726,
183101,
183476,
184038,
184507,
184788,
185350,
185725,
186287,
186850,
187225,
187412,
187599,
187974,
188349,
188724,
189286,
190786,
191348,
191536,
192004,
192473,
193598,
193879,
194535,
194722,
195284,
195472,
195941,
196409,
196597,
196878,
197065,
197346,
197721,
198002,
198471,
198752,
198940,
199221,
199408,
199596,
199877,
200533,
200720,
201283,
201470,
201939,
202407,
202595,
202876,
203344,
203626,
203907,
204188,
204469,
204750,
205031,
205313,
205594,
205875,
206531,
206718,
207281,
207468,
207937,
208405,
208593,
208874,
209061,
209343,
209717,
209999,
210467,
210748,
210936,
211217,
211404,
211592,
211873,
212529,
212717,
213279,
213466,
213935,
214404,
214591,
214872,
215153,
215341,
215622,
216090,
216278,
217684,
217965,
218246,
218527,
218715,
218996,
219183,
219464,
219652,
220027,
220214,
220495,
220683,
220964,
221245,
221433,
221620,
221901,
222089,
222370,
222557,
222838,
223026,
223213,
223401,
223682,
223869,
224150,
224338,
224619,
224807,
225088,
225275,
225556,
225744,
226025,
226306,
226493,
226681,
226962,
227243,
227431,
227618,
227993,
228180,
228368,
228555,
228837,
229024,
229399,

3 Column Long Note Times:
5219,
44394,
52079,
52454,
57702,
58077,
85069,
112060,
112435,
117684,
118059,
145050,
150580,
181039,
189661,
190099,
190349,
193035,
217028,

3 Column Release Times:
5406,
44769,
52267,
52642,
57890,
58265,
85256,
112248,
112623,
117871,
118246,
145238,
150767,
181414,
189849,
190224,
190473,
193129,
217215,

4 Column Hit Times:
1658,
2970,
4282,
4469,
5406,
5969,
7468,
8031,
8405,
8968,
9530,
9905,
10467,
11030,
11404,
11967,
12529,
12904,
13185,
13466,
14966,
16465,
17965,
19558,
20074,
25322,
25556,
25744,
26025,
26212,
26493,
26775,
26962,
27243,
27431,
27712,
27899,
28180,
28462,
28743,
29024,
29211,
29399,
29680,
29867,
30055,
30336,
30617,
30898,
31086,
31367,
31554,
31742,
32023,
32210,
32585,
32960,
33148,
33523,
33804,
33991,
34179,
34460,
34647,
35022,
35210,
35491,
35678,
35959,
36147,
36428,
36615,
36803,
37084,
37271,
37553,
38021,
38396,
38677,
38958,
39521,
39896,
40177,
40458,
40833,
41020,
41395,
41957,
42520,
42895,
43269,
43551,
44019,
44394,
44769,
45519,
45894,
46175,
46456,
47018,
47393,
47674,
47956,
48518,
48705,
49080,
49361,
49549,
49830,
50205,
51142,
51517,
51892,
52267,
52642,
52923,
53204,
53766,
54141,
54516,
54985,
55266,
55453,
55641,
56016,
56578,
56953,
57890,
58827,
59015,
59389,
59952,
60889,
61264,
61639,
62014,
62201,
62576,
62763,
63138,
63513,
63888,
64075,
64263,
64544,
64825,
65200,
65481,
65762,
65950,
66231,
66512,
66887,
67262,
67637,
68012,
68199,
68574,
68762,
69136,
69511,
69886,
70074,
70261,
70542,
70823,
71198,
71386,
71761,
72042,
72323,
72604,
72885,
73260,
73635,
74010,
74197,
74572,
74760,
75135,
75509,
75884,
76072,
76259,
76540,
76822,
77196,
77478,
77759,
77946,
78227,
78508,
78883,
79258,
79633,
80008,
80195,
80570,
80758,
81133,
81508,
81882,
82070,
82257,
82538,
82820,
83101,
83382,
83569,
83944,
84319,
84507,
85444,
85725,
86006,
86194,
86475,
86756,
86943,
87225,
87412,
87693,
87881,
88162,
88443,
88724,
89005,
89193,
89380,
89661,
89849,
90036,
90317,
90598,
90880,
91067,
91348,
91536,
91723,
92004,
92192,
92567,
92941,
93129,
93504,
93785,
93972,
94160,
94441,
94628,
95003,
95191,
95472,
95659,
95941,
96128,
96409,
96597,
96784,
97065,
97253,
97534,
98002,
98377,
98658,
98940,
99502,
99877,
100158,
100439,
100814,
101001,
101376,
101939,
102501,
102876,
103251,
103532,
104001,
104375,
104750,
105031,
105500,
105875,
106156,
106437,
107000,
107374,
107656,
107937,
108499,
108687,
109061,
109343,
109530,
109811,
110186,
111123,
111498,
111873,
112248,
112623,
112904,
113185,
113747,
114122,
114497,
114966,
115247,
115434,
115622,
115997,
116559,
116934,
117871,
118808,
118996,
119371,
119933,
120870,
121245,
121620,
121995,
122182,
122557,
122745,
123120,
123494,
123869,
124057,
124244,
124525,
124807,
125181,
125463,
125744,
125931,
126212,
126493,
126868,
127243,
127618,
127993,
128180,
128555,
128743,
129118,
129493,
129867,
130055,
130242,
130523,
130805,
131180,
131367,
131742,
132023,
132304,
132585,
132866,
133241,
133616,
133991,
134179,
134553,
134741,
135116,
135491,
135866,
136053,
136240,
136522,
136803,
137178,
137459,
137740,
137927,
138209,
138490,
138865,
139240,
139614,
139989,
140177,
140552,
140739,
141114,
141489,
141864,
142051,
142239,
142520,
142801,
143082,
143363,
143551,
143926,
144300,
144488,
145425,
147018,
148237,
148518,
149268,
149643,
150017,
150392,
151517,
151986,
152360,
152735,
153016,
153485,
153860,
154047,
154329,
154985,
155734,
156297,
156484,
156672,
156859,
157046,
157234,
157421,
157609,
157890,
158171,
158359,
158640,
158921,
159108,
159483,
159764,
159952,
160233,
160420,
160608,
160889,
161170,
161545,
161732,
162014,
162295,
162482,
162763,
162951,
163138,
163326,
163607,
163794,
164075,
164263,
164544,
164732,
165013,
165200,
165481,
165669,
166044,
166231,
166419,
166793,
167075,
167262,
167543,
167731,
167918,
168293,
168480,
168668,
168949,
169136,
169418,
169605,
170355,
170917,
171667,
172604,
172979,
175041,
175791,
176353,
176728,
177290,
177852,
178227,
178508,
178977,
179727,
180102,
180852,
181789,
182164,
182632,
182913,
183101,
183476,
183851,
184225,
184600,
184881,
185163,
185725,
186100,
186475,
186943,
187225,
187412,
187599,
187974,
188537,
188911,
189849,
190598,
190786,
190973,
191348,
191911,
192848,
193223,
193598,
193972,
194160,
194535,
194722,
195097,
195472,
195847,
196034,
196222,
196503,
196784,
197159,
197440,
197721,
197909,
198190,
198471,
198846,
199221,
199596,
199971,
200158,
200533,
200720,
201095,
201470,
201845,
202032,
202220,
202501,
202782,
203157,
203344,
203719,
204001,
204282,
204563,
204844,
205219,
205594,
205969,
206156,
206531,
206718,
207093,
207468,
207843,
208031,
208218,
208499,
208780,
209155,
209436,
209717,
209905,
210186,
210467,
210842,
211217,
211592,
211967,
212154,
212529,
212717,
213091,
213466,
213841,
214029,
214216,
214497,
214778,
215060,
215341,
215528,
215903,
216278,
216465,
217403,
217684,
217965,
218152,
218434,
218715,
218902,
219183,
219371,
219652,
219839,
220120,
220402,
220683,
220964,
221151,
221339,
221620,
221807,
221995,
222276,
222557,
222838,
223026,
223307,
223494,
223682,
223963,
224150,
224525,
224900,
225088,
225463,
225744,
225931,
226119,
226400,
226587,
226962,
227150,
227431,
227618,
227899,
228087,
228368,
228555,
228743,
229024,
229211,
229493,

4 Column Long Note Times:
2220,
6718,
58452,
85069,
118434,
145050,
151142,
155359,
156016,
180477,
190224,
192285,
217028,

4 Column Release Times:
2407,
6906,
58640,
85256,
118621,
145238,
151329,
155547,
156203,
180664,
190349,
192379,
217215,

