Artist : Various Artists
Song Name : Jumpstream Complexes Vol. 2A
Difficulty : 0
BPM : 190
Background Image : charts\Various Artists-Jumpstream Complexes Vol. 2A\Baby Sweet Berry Love (Tsukiko chan Maji kawa-E Remix).jpg
Audio : charts\Various Artists-Jumpstream Complexes Vol. 2A\Baby Sweet Berry Love (Tsukiko chan Maji kawa-E Remix).mp3

1 Column Hit Times:
1596,
2110,
2453,
2796,
3310,
3653,
4167,
4338,
4853,
5196,
5367,
5710,
6053,
6224,
6567,
6910,
7081,
7767,
7938,
8281,
8624,
8967,
9310,
9653,
10167,
10338,
10681,
10938,
11196,
12567,
12910,
13253,
13596,
13938,
14453,
14624,
14796,
14967,
15310,
15481,
15996,
16338,
16681,
17024,
17196,
17367,
17710,
18053,
18396,
18567,
18738,
19081,
19253,
19424,
19596,
20110,
20281,
20453,
20624,
20881,
21053,
21224,
21396,
21567,
21738,
21910,
22081,
23024,
23538,
24567,
25081,
25424,
26110,
26624,
26967,
29367,
31681,
32110,
32281,
32796,
33138,
34510,
35110,
35538,
35710,
35967,
36224,
36481,
36738,
36910,
37081,
37424,
37681,
37853,
38110,
38281,
38624,
38796,
39053,
39310,
39481,
39653,
39824,
40081,
40253,
40596,
40853,
41024,
41281,
41453,
41710,
41967,
42224,
42396,
42567,
42910,
43081,
43338,
43596,
43767,
43938,
44110,
44281,
44538,
44796,
44967,
45138,
45310,
45481,
45738,
45910,
46081,
46253,
46510,
46681,
46853,
47024,
47538,
47881,
48053,
48224,
48396,
48567,
48824,
48996,
49338,
49596,
49767,
49938,
50196,
50538,
50710,
50967,
51138,
51310,
51567,
51738,
51910,
52081,
52338,
52510,
52681,
52853,
53024,
53196,
53367,
53624,
53796,
53967,
54138,
54310,
54481,
54653,
54824,
54996,
56453,
56710,
56881,
57138,
57310,
57567,
57824,
57996,
58253,
58510,
58767,
59024,
59281,
59538,
59710,
59881,
60053,
60224,
60481,
60653,
60910,
61167,
61338,
61596,
61853,
62110,
62281,
62538,
62710,
62967,
63138,
63310,
63738,
63996,
64338,
64510,
64767,
65024,
65196,
65367,
65624,
65967,
66167,
66338,
66624,
66853,
67081,
67253,
67424,
67596,
67938,
68110,
68367,
68624,
68796,
69053,
69224,
69481,
69738,
69996,
70167,
70338,
70510,
70681,
70853,
71110,
71453,
71624,
71881,
72053,
72310,
72567,
72910,
73081,
73253,
73424,
73596,
73853,
74024,
74281,
74453,
74624,
74796,
74967,
75138,
75310,
75567,
75738,
75910,
76081,
76253,
76424,
76596,
76767,
76938,
79081,
79338,
79681,
79938,
80110,
80281,
80538,
80796,
81053,
81310,
81481,
81653,
81910,
82167,
82510,
82938,
83196,
83453,
83967,
84224,
84567,
84738,
84910,
85253,
85424,
85596,
85767,
85938,
86281,
86453,
86624,
86796,
86967,
87310,
87481,
87653,
87996,
88167,
88510,
88681,
88853,
89196,
89367,
90053,
90738,
92110,
92367,
92538,
92710,
92967,
93310,
93567,
93824,
94081,
94253,
94424,
94681,
94853,
95024,
95196,
95453,
95710,
95881,
96053,
96224,
96396,
96653,
96910,
97167,
97424,
97596,
97767,
98024,
98196,
98538,
98796,
98967,
99138,
99396,
99567,
99738,
99996,
100167,
100338,
100510,
100767,
101024,
101196,
101624,
101881,
102138,
102396,
102653,
102910,
103081,
103510,
103681,
103853,
104110,
104281,
104453,
104624,
105053,
105224,
105481,
105653,
105824,
105996,
106253,
106424,
106596,
106938,
107196,
107367,
107624,
107796,
107967,
108396,
108567,
108738,
108910,
109081,
109253,
109510,
109681,
109853,
110024,
110281,
110453,
110624,
110796,
110967,
111224,
111396,
111567,
111738,
111910,
112081,
112253,
112424,
112596,
112853,
113196,
113538,
114053,
116453,
116624,
116796,
116967,
117396,
117653,
117824,
117996,
118338,
118681,
118853,
119538,
119710,
120138,
120310,
120481,
120653,
120910,
121081,
121338,
121596,
121767,
121938,
122196,
122453,
122624,
122967,
123138,
123310,
123481,
123653,
123910,
124253,
124424,
124681,
125024,
125281,
125453,
125624,
125881,
126224,
126481,
126738,
127081,
127253,
127424,
127767,
127938,
128110,
128367,
128538,
128796,
129138,
129310,
129567,
129738,
129996,
130167,
130424,
130681,
130853,
131110,
131367,
131538,
131710,
131967,
132138,
132396,
132738,
132910,
133081,
133253,
133424,
133596,
133767,
133938,
134110,
134538,
134796,
135053,
135224,
135481,
135653,
135824,
135996,
136424,
136596,
136767,
137024,
137196,
137367,
137538,
137967,
138138,
138396,
138567,
138738,
138910,
139167,
139338,
139510,
139853,
140110,
140281,
140538,
140710,
140881,
141310,
141481,
141653,
141824,
141996,
142167,
142424,
142596,
142767,
142938,
143196,
143367,
143538,
143710,
143881,
144138,
144310,
144481,
144653,
144824,
144996,
145167,
145338,
145510,
145767,
146281,

1 Column Long Note Times:
30224,
78396,
115253,
146624,

1 Column Release Times:
30910,
78910,
115596,
146967,

2 Column Hit Times:
1596,
2024,
2453,
2710,
2967,
3310,
3653,
3910,
4081,
4338,
4853,
5024,
5196,
5367,
5710,
6053,
6396,
6567,
6824,
7081,
7424,
7681,
7938,
8196,
8624,
8881,
9138,
9310,
9567,
9824,
10167,
10510,
10681,
10938,
11196,
12567,
12738,
13081,
13253,
13596,
13767,
13938,
14110,
14281,
14624,
14967,
15310,
15653,
15824,
15996,
16167,
16510,
16681,
17196,
17367,
17538,
17710,
17881,
18053,
18396,
18567,
18738,
19081,
19424,
19596,
19767,
19938,
20453,
20624,
20881,
21053,
21224,
21396,
21567,
21738,
21910,
22081,
23196,
24738,
25253,
27310,
27481,
28510,
29024,
30224,
30910,
31596,
31938,
32110,
32453,
32624,
32967,
33138,
34510,
34767,
34938,
35196,
35367,
35538,
35796,
36053,
36224,
36396,
36567,
36738,
36910,
37081,
37253,
37510,
37767,
37938,
38110,
38281,
38453,
38624,
38881,
39138,
39396,
39567,
39910,
40167,
40424,
40681,
41024,
41281,
41453,
41710,
41881,
42053,
42224,
42396,
42567,
42738,
42910,
43167,
43424,
43596,
43853,
44110,
44367,
44624,
44796,
45053,
45310,
45481,
45738,
45996,
46167,
46424,
46681,
46853,
47110,
47281,
47453,
47624,
47881,
48053,
48224,
48481,
48738,
48910,
49167,
49424,
49596,
49767,
49938,
50110,
50367,
50538,
50710,
50967,
51138,
51310,
51481,
51653,
51996,
52167,
52338,
52510,
52681,
52938,
53110,
53367,
53538,
53796,
53967,
54138,
54310,
54481,
54653,
54824,
54996,
56453,
56710,
56881,
57138,
57396,
57653,
57824,
58081,
58338,
58596,
58853,
59110,
59281,
59453,
59710,
59967,
60224,
60396,
60653,
60824,
61081,
61338,
61510,
61681,
61938,
62110,
62281,
62624,
62796,
62967,
63138,
63396,
63567,
63738,
63910,
64167,
64338,
64596,
64938,
65196,
65453,
65624,
65796,
66110,
66396,
66567,
66796,
67024,
67196,
67424,
67596,
67767,
67938,
68196,
68367,
68538,
68796,
69053,
69310,
69481,
69653,
69824,
69996,
70253,
70510,
70681,
70938,
71196,
71367,
71624,
71881,
72138,
72396,
72567,
72738,
72910,
73081,
73253,
73510,
73681,
73938,
74196,
74367,
74624,
74796,
74967,
75138,
75310,
75738,
75910,
76081,
76253,
76424,
76596,
76767,
76938,
78396,
78653,
79081,
79253,
80110,
80367,
80624,
80881,
81224,
81481,
82338,
82510,
82767,
83024,
83196,
83367,
83881,
84138,
84310,
84481,
84738,
84910,
85253,
85424,
85767,
86024,
86196,
86453,
86624,
86967,
87310,
87653,
87824,
87996,
88338,
88510,
88853,
89024,
89367,
89538,
89881,
90053,
90738,
91596,
92110,
92281,
92538,
92796,
92967,
93138,
93396,
93653,
93910,
94081,
94253,
94510,
94681,
94853,
95024,
95281,
95538,
95710,
95967,
96224,
96481,
96738,
96996,
97253,
97424,
97596,
97853,
98110,
98367,
98624,
98796,
98967,
99138,
99310,
99567,
99738,
99910,
100167,
100338,
100596,
100853,
101024,
101281,
101453,
101710,
101967,
102224,
102481,
102738,
102910,
103081,
103338,
103596,
103767,
104024,
104281,
104453,
104710,
104881,
105138,
105310,
105653,
105824,
106081,
106338,
106510,
106767,
107024,
107196,
107367,
107538,
107881,
108138,
108310,
108567,
108738,
108910,
109167,
109338,
109596,
109938,
110110,
110281,
110453,
110624,
110796,
110967,
111396,
111567,
111738,
111910,
112081,
112253,
112424,
112596,
113024,
113367,
113881,
115081,
116453,
116624,
116796,
117053,
117224,
117481,
117824,
117996,
118338,
118510,
118681,
118853,
119538,
119710,
119881,
120310,
120481,
120738,
120910,
121081,
121253,
121424,
121596,
121938,
122110,
122281,
122453,
122624,
122796,
122967,
123138,
123353,
123524,
123653,
123996,
124424,
124596,
124853,
125024,
125196,
125453,
125710,
125881,
126053,
126310,
126567,
126738,
126910,
127167,
127424,
127596,
127767,
127938,
128196,
128367,
128624,
128796,
128967,
129138,
129396,
129653,
129910,
130167,
130338,
130510,
130767,
130938,
131110,
131281,
131538,
131796,
132053,
132224,
132481,
132653,
132824,
133081,
133253,
133510,
133767,
133938,
134196,
134367,
134624,
134881,
135138,
135396,
135653,
135824,
135996,
136253,
136510,
136681,
136938,
137196,
137367,
137624,
137796,
138053,
138224,
138396,
138567,
138738,
138996,
139253,
139424,
139681,
139938,
140110,
140281,
140453,
140796,
141053,
141224,
141481,
141653,
141824,
142081,
142253,
142510,
142853,
143024,
143196,
143367,
143538,
143710,
143881,
144053,
144310,
144481,
144653,
144824,
144996,
145167,
145338,
145510,
145767,
145938,
146624,
146967,

2 Column Long Note Times:
23881,
26281,
29367,
79424,
81653,
113538,
114053,
115596,

2 Column Release Times:
24224,
26967,
29710,
79938,
82167,
113710,
114738,
115938,

3 Column Hit Times:
1938,
2281,
2624,
2967,
3138,
3481,
3824,
3996,
4510,
4767,
5024,
5367,
5538,
5967,
6224,
6738,
7338,
7596,
7767,
8110,
8453,
8796,
9138,
9481,
9824,
10081,
10338,
10510,
10853,
11024,
11196,
12567,
12738,
12910,
13081,
13253,
13424,
13767,
13938,
14281,
14453,
14624,
14796,
15138,
15310,
15481,
15653,
15996,
16167,
16338,
16510,
16681,
16853,
17024,
17367,
17538,
17881,
18053,
18224,
18396,
18738,
18910,
19081,
19253,
19767,
19938,
20110,
20281,
20453,
20624,
20796,
20967,
21138,
21310,
21481,
21653,
21824,
21996,
23367,
24224,
26281,
26796,
28681,
29710,
30053,
30567,
31767,
32453,
32967,
33138,
34681,
34853,
35024,
35281,
35453,
35624,
35881,
36138,
36396,
36653,
36996,
37253,
37424,
37596,
37767,
38024,
38196,
38453,
38710,
38967,
39224,
39481,
39738,
39996,
40167,
40338,
40510,
40767,
40938,
41196,
41367,
41538,
41796,
42053,
42310,
42738,
42996,
43253,
43510,
43767,
44024,
44196,
44453,
44624,
44881,
45138,
45396,
45653,
45824,
46167,
46338,
46596,
46853,
47024,
47196,
47367,
47538,
47796,
48224,
48396,
48653,
48910,
49081,
49253,
49424,
49596,
49853,
50024,
50281,
50453,
50624,
50796,
50967,
51310,
51481,
51653,
51824,
51996,
52167,
52338,
52681,
52853,
53024,
53196,
53367,
53538,
53710,
53881,
54053,
54224,
54396,
54567,
54738,
54910,
56624,
56796,
56967,
57224,
57481,
57738,
57996,
58167,
58338,
58510,
58681,
58938,
59196,
59367,
59624,
59881,
60053,
60310,
60567,
60738,
60910,
61081,
61253,
61424,
61596,
61767,
62024,
62196,
62453,
62624,
62881,
63053,
63310,
63481,
63653,
63824,
64081,
64253,
64424,
64681,
64853,
65110,
65367,
65538,
65710,
65881,
66053,
66281,
66510,
66681,
66967,
67138,
67310,
67510,
67767,
68110,
68281,
68453,
68710,
68967,
69138,
69396,
69653,
69910,
70167,
70424,
70596,
70767,
71024,
71281,
71538,
71710,
71967,
72224,
72396,
72653,
72910,
73167,
73338,
73596,
73767,
73938,
74110,
74281,
74538,
74710,
74881,
75053,
75310,
75481,
75653,
75824,
75996,
76167,
76338,
76510,
76681,
76853,
78481,
78738,
79596,
79767,
80024,
80281,
80453,
80710,
80967,
81138,
81396,
81824,
81996,
82853,
83110,
83367,
83538,
83881,
84053,
84396,
84653,
84824,
85253,
85510,
85681,
85853,
86110,
86281,
86624,
86796,
86967,
87138,
87310,
87481,
87653,
87824,
87996,
88167,
88338,
88681,
89024,
89196,
89367,
90053,
90224,
90567,
90738,
91767,
92281,
92453,
92624,
92881,
93138,
93310,
93481,
93738,
93996,
94167,
94338,
94510,
94938,
95110,
95367,
95624,
95881,
96053,
96310,
96567,
96738,
96910,
97081,
97253,
97510,
97681,
97938,
98110,
98281,
98453,
98710,
98881,
99053,
99310,
99481,
99653,
99824,
100081,
100253,
100510,
100681,
100853,
101196,
101367,
101538,
101710,
101881,
102053,
102224,
102396,
102567,
102738,
103081,
103253,
103424,
103596,
103767,
103938,
104196,
104453,
104624,
104796,
104967,
105138,
105396,
105567,
105738,
105996,
106167,
106510,
106681,
106853,
107024,
107281,
107538,
107710,
107881,
108053,
108224,
108396,
108567,
108824,
108996,
109253,
109424,
109596,
109767,
109938,
110110,
110281,
110538,
110710,
110967,
111138,
111310,
111481,
111653,
111824,
111996,
112167,
112338,
112510,
114396,
115596,
115938,
116538,
116710,
116881,
117138,
117310,
117481,
117996,
118510,
118853,
119538,
119881,
120053,
120224,
120567,
120738,
120910,
121253,
121424,
121681,
121853,
122281,
122624,
122796,
123053,
123224,
123396,
123567,
123738,
124081,
124338,
124510,
124681,
125024,
125196,
125367,
125538,
125796,
126053,
126224,
126396,
126653,
126910,
127081,
127338,
127596,
127853,
128024,
128281,
128453,
128624,
128967,
129224,
129481,
129653,
129824,
130081,
130338,
130596,
131024,
131196,
131453,
131624,
131881,
132053,
132310,
132567,
132996,
133167,
133424,
133681,
133853,
134110,
134281,
134453,
134624,
134796,
134967,
135138,
135310,
135567,
135910,
136167,
136338,
136510,
136681,
136853,
137110,
137367,
137538,
137710,
137881,
138053,
138310,
138481,
138738,
138910,
139081,
139253,
139424,
139596,
139767,
139938,
140196,
140453,
140624,
140796,
140967,
141138,
141310,
141481,
141738,
141910,
142167,
142338,
142510,
142681,
142853,
143024,
143196,
143453,
143624,
143881,
144053,
144224,
144396,
144567,
144738,
144910,
145081,
145253,
145424,
145596,
145938,
146110,
146624,
146967,

3 Column Long Note Times:
22167,
23538,
24738,
27481,
29024,
30910,
55081,
77024,
78910,
82167,
112681,
113710,
114738,

3 Column Release Times:
22853,
23881,
25424,
28338,
29367,
31596,
55767,
77710,
79424,
82681,
113367,
113881,
115253,

4 Column Hit Times:
1596,
1938,
2281,
2624,
2967,
3138,
3481,
3653,
3824,
4338,
4510,
4681,
5024,
5538,
5710,
5881,
6224,
6396,
6738,
7081,
7253,
7596,
7767,
8110,
8453,
8796,
9138,
9481,
9824,
9996,
10510,
10853,
11024,
11196,
12567,
12910,
13253,
13424,
13596,
13938,
14110,
14281,
14624,
14967,
15138,
15310,
15653,
15824,
15996,
16338,
16681,
16853,
17024,
17367,
17710,
18053,
18224,
18396,
18738,
18910,
19081,
19424,
19596,
20110,
20281,
20796,
20967,
21138,
21310,
21481,
21653,
21824,
21996,
26453,
28853,
30738,
31767,
31938,
32281,
32453,
32796,
33138,
34596,
34853,
35024,
35196,
35453,
35624,
35881,
36053,
36310,
36567,
36824,
37167,
37338,
37596,
37938,
38196,
38367,
38538,
38710,
38967,
39138,
39310,
39653,
39824,
39996,
40338,
40596,
40853,
41110,
41367,
41624,
41796,
42138,
42481,
42653,
42824,
43081,
43253,
43424,
43681,
44024,
44196,
44453,
44710,
44881,
45138,
45396,
45567,
45824,
45996,
46167,
46338,
46510,
46767,
46938,
47196,
47367,
47538,
47710,
47967,
48138,
48310,
48567,
48738,
48910,
49081,
49253,
49510,
49681,
49938,
50110,
50281,
50624,
50881,
51053,
51224,
51396,
51653,
51824,
51996,
52253,
52424,
52596,
52767,
53024,
53281,
53453,
53710,
53881,
54053,
54224,
54396,
54567,
54738,
54910,
56538,
56796,
57053,
57310,
57481,
57738,
57910,
58167,
58424,
58681,
59024,
59196,
59367,
59538,
59796,
60138,
60310,
60567,
60738,
60996,
61253,
61424,
61767,
61938,
62196,
62367,
62538,
62796,
63053,
63224,
63481,
63653,
63824,
63996,
64253,
64510,
64681,
65024,
65281,
65538,
65710,
66053,
66224,
66453,
66738,
66910,
67081,
67367,
67681,
67853,
68024,
68281,
68453,
68624,
68881,
69138,
69310,
69567,
69824,
70081,
70338,
70596,
70853,
71024,
71196,
71538,
71796,
71967,
72224,
72481,
72824,
72996,
73253,
73596,
73938,
74110,
74281,
74453,
74624,
74967,
75224,
75396,
75653,
75824,
75996,
76167,
76338,
76510,
76681,
76853,
78567,
78738,
78910,
79167,
79424,
79767,
80196,
80453,
80624,
80796,
81824,
82081,
82424,
82681,
82853,
83024,
83281,
83538,
83881,
84053,
84224,
84396,
84567,
84910,
85338,
85596,
85938,
86110,
86281,
86624,
86967,
87138,
87310,
87653,
87996,
88338,
88510,
88681,
88853,
89024,
89196,
89367,
90053,
90738,
91938,
92196,
92453,
92624,
92796,
93053,
93224,
93481,
93653,
93824,
93996,
94167,
94338,
94596,
94767,
95196,
95367,
95538,
95796,
96138,
96396,
96567,
96824,
97167,
97338,
97767,
97938,
98281,
98453,
98624,
98881,
99053,
99224,
99481,
99653,
99824,
99996,
100253,
100424,
100681,
100938,
101110,
101367,
101538,
101796,
102053,
102310,
102653,
102824,
102996,
103167,
103424,
103767,
103938,
104110,
104367,
104538,
104796,
104967,
105138,
105481,
105738,
105910,
106167,
106338,
106510,
106681,
106853,
107110,
107453,
107710,
107881,
108053,
108224,
108481,
108653,
108910,
109081,
109253,
109424,
109596,
109767,
109938,
110196,
110367,
110624,
110881,
111053,
111310,
111481,
111653,
111824,
111996,
112167,
112338,
112510,
113710,
114396,
114738,
115767,
116538,
116710,
116967,
117138,
118338,
118510,
118681,
118853,
119624,
119796,
119967,
120224,
120396,
120567,
120824,
120996,
121167,
121510,
121681,
121853,
122024,
122281,
122453,
122796,
123053,
123224,
123438,
123610,
123824,
124167,
124338,
124681,
124938,
125110,
125367,
125538,
125710,
125967,
126138,
126396,
126567,
126824,
126996,
127253,
127510,
127681,
128110,
128281,
128453,
128710,
128881,
129053,
129310,
129481,
129824,
129996,
130253,
130510,
130681,
130853,
131024,
131196,
131367,
131710,
131881,
132224,
132396,
132567,
132738,
132910,
133338,
133596,
133853,
134024,
134281,
134453,
134710,
134967,
135310,
135481,
135910,
136081,
136338,
136681,
136853,
137024,
137281,
137453,
137710,
137881,
138053,
138224,
138653,
138824,
139081,
139424,
139596,
139767,
140024,
140367,
140624,
140796,
140967,
141138,
141396,
141567,
141824,
141996,
142167,
142338,
142510,
142681,
142853,
143110,
143281,
143538,
143796,
143967,
144224,
144396,
144567,
144738,
144910,
145081,
145253,
145424,
145596,
146110,

4 Column Long Note Times:
22167,
24224,
25424,
26967,
29710,
55081,
77024,
81138,
112681,
113881,
115938,
117481,
146281,

4 Column Release Times:
22853,
24738,
26281,
27481,
30224,
55767,
77710,
81653,
113367,
114053,
116453,
117996,
146967,

