Artist : Various Artists
Song Name : Jumpstream Complexes Vol. 2A
Difficulty : 0
BPM : 190
Background Image : charts\Various Artists-Jumpstream Complexes Vol. 2A\Maware Setsugekka.jpg
Audio : charts\Various Artists-Jumpstream Complexes Vol. 2A\Maware Setsugekka.mp3

1 Column Hit Times:
836,
929,
1398,
1617,
1961,
2101,
2336,
2523,
2757,
2898,
3023,
3179,
3336,
3507,
3648,
3929,
4023,
4351,
4523,
4726,
4836,
5007,
5148,
5336,
5523,
5757,
5898,
6023,
6226,
6461,
6586,
6794,
6929,
7023,
7211,
7586,
7961,
8148,
8461,
8570,
8711,
8898,
9086,
9211,
9320,
9461,
9648,
9961,
10070,
10211,
10398,
10523,
10648,
10773,
10961,
11086,
11195,
11336,
11461,
11570,
11711,
11898,
12039,
12211,
12320,
12461,
12586,
12742,
13023,
13211,
13398,
13586,
13773,
14086,
14289,
14429,
14570,
14757,
14898,
15086,
15273,
15367,
15461,
15601,
15789,
15929,
16070,
16164,
16304,
16398,
16726,
16961,
17101,
17242,
17336,
17523,
17664,
17851,
18039,
18179,
18273,
18461,
18648,
18742,
18882,
19023,
19164,
19492,
19773,
19961,
20242,
20523,
20711,
20898,
21086,
21273,
21461,
21554,
21742,
21929,
22117,
22211,
22492,
22586,
22773,
22961,
23242,
23523,
23711,
23992,
24179,
24367,
24461,
24695,
24836,
25070,
25211,
25398,
25492,
25679,
25773,
26242,
26523,
27086,
27273,
27414,
27648,
27836,
28023,
28211,
28398,
28586,
28773,
28961,
29148,
29336,
29523,
29664,
29898,
29992,
30086,
30273,
30461,
30648,
31023,
31117,
31398,
31492,
31773,
31961,
32148,
32336,
32523,
32711,
33086,
33648,
33882,
34023,
34164,
34351,
34539,
34773,
34867,
34961,
35101,
35195,
35336,
35523,
35711,
35898,
36023,
36132,
36273,
36414,
36648,
36789,
36929,
37117,
37257,
37492,
37586,
37679,
37914,
38148,
38382,
38523,
38711,
38992,
39273,
39461,
39742,
40023,
40117,
40211,
40398,
40586,
40773,
40961,
41054,
41336,
41523,
41711,
41992,
42086,
42273,
42461,
42554,
42742,
43023,
43211,
43492,
43679,
43867,
43961,
44336,
44570,
44711,
44898,
44992,
45179,
45273,
45742,
46023,
46586,
46773,
46914,
47036,
47186,
47336,
47486,
47711,
47992,
48179,
48461,
48742,
48929,
49211,
49492,
49679,
49961,
50336,
50617,
50804,
51086,
51273,
51554,
51836,
52117,
52336,
52586,
52773,
52961,
53086,
53242,
53711,
54086,
54461,
54836,
55586,
55773,
55961,
56336,
56711,
56898,
57179,
57461,
57836,
57929,
58961,
59148,
59242,
59476,
59711,
59851,
59992,
60086,
60273,
60414,
60648,
60789,
60882,
61023,
61117,
61211,
61492,
61586,
61726,
61898,
62148,
62336,
62523,
62617,
63086,
63320,
63461,
63648,
63836,
64023,
64211,
64492,
64648,
64773,
64961,
65148,
65242,
65429,
65570,
65711,
65851,
66039,
66273,
66367,
66554,
66648,
66789,
66929,
67164,
67273,
67492,
67773,
67961,
68148,
68336,
68570,
68711,
69039,
69226,
69461,
69554,
69976,
70211,
70336,
70461,
70961,
71054,
71523,
72086,
72461,
72648,
72836,
73398,
73586,
73773,
74148,
74336,
74992,
75273,
75586,
75742,
75898,
76211,
76492,
76773,
76867,
77336,
77523,
77617,
77711,
78086,
78367,
78492,
78648,
78929,
79117,
79398,
79554,
79773,
79867,
80148,
80242,
80336,
80992,
81273,
81461,
81586,
81711,
82367,
82961,
83101,
83336,
83523,
83757,
83898,
84023,
84179,
84336,
84507,
84648,
84929,
85023,
85351,
85523,
85726,
85836,
86007,
86148,
86336,
86523,
86757,
86898,
87023,
87226,
87461,
87586,
87794,
87929,
88023,
88211,
88586,
88961,
89148,
89461,
89570,
89711,
89898,
90086,
90211,
90320,
90461,
90648,
90961,
91070,
91211,
91398,
91523,
91648,
91773,
91961,
92086,
92195,
92336,
92461,
92570,
92711,
92898,
93039,
93211,
93320,
93461,
93586,
93742,
94023,
94211,
94398,
94586,
94773,
95148,
95523,
95711,
96179,
96414,
96742,
97023,
97211,
97398,
97586,
97711,
98242,
98570,
98711,
98898,
99461,
99648,
99836,
99929,
100023,
100586,
100773,
100961,
101242,
101523,
101711,
101898,
102086,
102273,
102461,
102554,
102742,
102929,
103117,
103211,
103492,
103586,
103773,
103961,
104242,
104523,
104711,
104992,
105179,
105367,
105461,
105695,
105836,
106070,
106211,
106398,
106492,
106679,
106773,
107242,
107523,
108086,
108273,
108414,
108536,
108686,
108836,
108986,
109211,
109492,
109679,
109961,
110242,
110429,
110711,
110992,
111179,
111461,
111836,
112117,
112304,
112586,
112773,
113054,
113336,
113617,
113836,
114086,
114273,
114461,
114586,
114742,
115023,
115211,
115398,
115586,
115773,
115961,
116336,
117086,
117273,
117461,
117836,
118211,
118398,
118586,
118961,
119336,
119429,
120461,
120648,
120742,
120976,
121211,
121351,
121492,
121586,
121773,
121914,
122148,
122289,
122382,
122523,
122617,
122711,
122992,
123086,
123226,
123398,
123648,
123836,
124023,
124117,
124586,
124820,
124961,
125148,
125336,
125523,
125711,
125992,
126148,
126273,
126461,
126648,
126742,
126929,
127070,
127211,
127351,
127539,
127773,
127867,
128054,
128148,
128289,
128429,
128664,
128773,
128992,
129273,
129461,
129648,
129836,
130070,
130211,
130539,
130726,
130961,
131054,
131476,
131711,
131836,
131961,
132461,
132554,
133023,
133586,
133961,
134148,
134336,
134898,
135086,
135273,
135648,
135836,
136492,
136773,
136961,
137148,
137336,
137429,
137711,
137992,
138273,
138367,
138836,
139023,
139117,
139211,
139586,
139867,
139992,
140148,
140429,
140617,
140898,
141054,
141273,
141367,
141648,
141742,
141836,
142492,
142773,
142961,
143086,
143211,
143867,
144461,
145023,
145586,
146523,
147086,
147461,
148211,
148586,
148961,
149523,
150461,
150836,
151492,
151961,
152523,
153086,
153461,
153836,
154211,
154586,
155336,
155711,
156179,
156461,
156695,
156836,
157070,
157211,
157445,
157586,
157773,
157961,
158195,
158336,
158523,
158711,
158898,
158992,
159086,
159320,
159461,
159695,
159836,
160023,
160211,
160398,
160492,
160773,
161148,
161336,
161523,
161711,
161945,
162086,
162179,
162320,
162461,
162648,
162836,
163070,
163211,
163398,
163820,
163961,
164195,
164336,
164523,
164711,
164898,
165132,
165320,
165461,
165695,
165836,
166023,
166211,
166398,
166586,
166820,
166961,
167148,
167711,
167898,
168023,
168461,
169023,
169586,
170336,
170711,
171179,
171367,
172398,
172867,
173336,
173711,
174086,
175773,
176242,
176898,
177648,
178211,
178586,
178867,
180086,
180367,
180648,
181398,
181679,
181961,
182242,
182898,
183086,
183367,
184211,
184961,
185336,
185992,
186086,
187211,
187586,
187773,
187961,
188336,
188711,
188992,
189086,
189461,
189742,
190211,
190586,
191711,
192086,
192179,
192367,
195461,
195648,
195742,
195976,
196211,
196351,
196492,
196586,
196773,
196914,
197148,
197289,
197382,
197523,
197617,
197711,
197992,
198086,
198226,
198398,
198648,
198836,
199023,
199117,
199586,
199820,
199961,
200148,
200336,
200523,
200711,
200992,
201148,
201273,
201461,
201648,
201742,
201929,
202070,
202211,
202351,
202539,
202773,
202867,
203054,
203148,
203289,
203429,
203664,
203773,
203992,
204273,
204461,
204648,
204836,
205070,
205211,
205539,
205726,
205961,
206054,
206476,
206711,
206836,
206961,
207461,
207554,
208023,
208586,
208961,
209148,
209336,
209898,
210086,
210273,
210648,
210836,
211492,
211773,
212086,
212242,
212398,
212711,
212992,
213273,
213367,
213836,
214023,
214117,
214211,
214586,
214867,
214992,
215148,
215429,
215617,
215898,
216054,
216273,
216367,
216648,
216742,
216836,
217492,
217773,
217961,
218086,
218211,
218867,
219461,
220586,
220679,
220961,
222086,
223211,
223398,
223586,
223961,
224148,
224461,
224570,
224711,
224898,
225086,
225211,
225320,
225461,
225648,
225961,
226070,
226211,
226398,
226523,
226648,
226773,
226961,
227148,
227336,
227523,
227711,
227898,
228086,
228461,
228586,
228794,
228929,
229023,
229211,
229586,

1 Column Long Note Times:

1 Column Release Times:

2 Column Hit Times:
648,
1117,
1586,
1961,
2054,
2211,
2382,
2523,
2648,
2804,
2961,
3132,
3273,
3398,
3601,
3773,
3882,
4086,
4211,
4304,
4461,
4632,
4773,
4898,
5054,
5148,
5273,
5429,
5586,
5711,
5851,
6086,
6273,
6544,
6648,
6752,
6877,
7002,
7127,
7398,
7586,
8086,
8195,
8336,
8523,
8664,
8773,
8898,
8992,
9148,
9273,
9414,
9648,
9742,
9836,
10023,
10164,
10336,
10461,
10586,
10711,
10867,
11148,
11289,
11523,
11664,
11836,
11945,
12086,
12273,
12461,
12648,
12836,
12961,
13070,
13211,
13398,
13586,
13773,
14023,
14195,
14336,
14429,
14523,
14664,
14851,
14992,
15086,
15179,
15320,
15461,
15554,
15695,
15836,
15976,
16117,
16257,
16445,
16586,
16679,
16773,
17054,
17195,
17336,
17429,
17570,
17711,
17804,
17945,
18132,
18273,
18367,
18507,
18601,
18742,
18836,
18976,
19117,
19773,
20054,
20429,
20570,
20711,
20804,
21086,
21226,
21367,
21554,
21648,
21836,
22117,
22257,
22398,
22492,
22632,
22773,
22914,
23289,
23429,
23617,
23804,
23945,
24086,
24273,
24367,
24554,
24789,
24882,
25023,
25164,
25257,
25398,
25726,
25867,
26148,
26336,
26523,
26711,
26961,
27132,
27273,
27461,
27648,
27742,
27961,
28070,
28211,
28398,
28492,
28711,
28820,
28961,
29086,
29195,
29336,
29523,
29617,
29773,
29898,
30086,
30179,
30273,
30461,
30554,
30695,
30836,
31023,
31211,
31304,
31492,
31586,
31773,
31867,
32054,
32195,
32336,
32523,
32711,
33086,
33461,
33586,
33742,
33836,
33929,
34070,
34257,
34398,
34492,
34632,
34773,
35007,
35148,
35289,
35429,
35523,
35664,
35773,
35898,
36086,
36273,
36367,
36507,
36648,
36836,
36976,
37070,
37211,
37351,
37445,
37586,
37679,
37773,
37961,
38054,
38148,
38289,
38476,
38570,
38734,
39273,
39507,
39648,
39929,
40117,
40257,
40398,
40586,
40726,
40867,
41148,
41242,
41429,
41617,
41757,
41898,
42086,
42179,
42367,
42461,
42648,
42929,
43117,
43257,
43398,
43586,
43773,
43867,
44054,
44242,
44382,
44523,
44664,
44757,
44898,
45226,
45367,
45648,
45836,
46023,
46211,
46461,
46632,
46773,
46961,
47336,
47636,
47804,
48086,
48273,
48461,
48648,
48836,
49023,
49211,
49586,
49773,
49961,
50242,
50429,
50711,
50898,
51086,
51367,
51461,
51836,
52023,
52211,
52304,
52586,
52648,
52961,
53054,
53336,
54086,
54461,
54836,
55023,
55164,
55398,
55679,
55961,
56242,
56523,
56804,
57086,
57367,
57648,
57929,
58023,
58211,
59007,
59148,
59242,
59382,
59523,
59617,
59757,
59898,
59992,
60086,
60226,
60320,
60461,
60554,
60648,
60929,
61117,
61211,
61304,
61492,
61773,
61867,
62054,
62242,
62336,
62476,
62664,
62757,
62945,
63086,
63226,
63367,
63461,
63601,
63742,
64023,
64257,
64351,
64539,
64836,
65007,
65148,
65242,
65382,
65476,
65617,
65804,
65945,
66086,
66179,
66273,
66414,
66554,
66695,
66836,
66929,
67070,
67242,
67398,
67586,
67804,
68054,
68242,
68336,
68476,
68664,
68804,
68945,
69086,
69179,
69320,
69461,
69601,
69742,
69836,
69929,
70070,
70211,
70648,
70773,
71023,
71148,
71523,
71617,
71898,
72367,
72461,
72882,
73023,
73117,
73586,
73961,
74148,
74523,
74898,
74992,
75461,
75554,
75648,
75867,
75961,
76117,
76398,
76586,
76867,
76961,
77148,
77336,
77617,
77898,
78086,
78367,
78507,
78648,
78742,
79023,
79117,
79273,
79523,
79679,
79836,
80148,
80523,
80617,
80711,
81039,
81226,
81461,
81898,
82023,
82242,
82336,
82586,
82961,
83054,
83211,
83382,
83523,
83648,
83804,
83961,
84132,
84273,
84398,
84601,
84773,
84882,
85086,
85211,
85304,
85461,
85632,
85773,
85898,
86054,
86148,
86273,
86429,
86586,
86711,
86851,
87086,
87273,
87544,
87648,
87752,
87877,
88002,
88127,
88398,
88586,
89086,
89195,
89336,
89523,
89664,
89773,
89898,
89992,
90148,
90273,
90414,
90648,
90742,
90836,
91023,
91164,
91336,
91461,
91586,
91711,
91867,
92148,
92289,
92523,
92664,
92836,
92945,
93086,
93273,
93461,
93648,
93836,
93961,
94070,
94211,
94398,
94586,
94773,
95242,
95429,
95711,
96086,
96211,
96367,
96836,
97211,
97398,
97586,
97679,
97867,
98148,
98429,
98617,
98711,
99179,
100211,
100492,
100586,
100773,
101054,
101429,
101570,
101711,
101804,
102086,
102226,
102367,
102554,
102648,
102836,
103117,
103257,
103398,
103492,
103632,
103773,
103914,
104289,
104429,
104617,
104804,
104945,
105086,
105273,
105367,
105554,
105789,
105882,
106023,
106164,
106257,
106398,
106726,
106867,
107148,
107336,
107523,
107711,
107961,
108132,
108273,
108461,
108836,
109136,
109304,
109586,
109773,
109961,
110148,
110336,
110523,
110711,
111086,
111273,
111461,
111742,
111929,
112211,
112398,
112586,
112867,
112961,
113336,
113523,
113711,
113804,
114086,
114148,
114461,
114554,
114836,
115398,
115586,
115961,
116336,
116523,
116664,
116898,
117179,
117461,
117742,
118023,
118211,
118492,
118679,
118867,
119054,
119429,
119523,
119711,
120507,
120648,
120742,
120882,
121023,
121117,
121257,
121398,
121492,
121586,
121726,
121820,
121961,
122054,
122148,
122429,
122617,
122711,
122804,
122992,
123273,
123367,
123554,
123742,
123836,
123976,
124164,
124257,
124445,
124586,
124726,
124867,
124961,
125101,
125242,
125523,
125757,
125851,
126039,
126336,
126507,
126648,
126742,
126882,
126976,
127117,
127304,
127445,
127586,
127679,
127773,
127914,
128054,
128195,
128336,
128429,
128570,
128742,
128898,
129086,
129304,
129554,
129742,
129836,
129976,
130164,
130304,
130445,
130586,
130679,
130820,
130961,
131101,
131242,
131336,
131429,
131570,
131711,
132148,
132273,
132523,
132648,
133023,
133117,
133398,
133867,
133961,
134382,
134523,
134617,
135086,
135461,
135648,
136023,
136398,
136492,
136961,
137054,
137211,
137398,
137523,
137898,
138086,
138367,
138461,
138648,
138836,
139117,
139398,
139586,
139867,
140007,
140148,
140242,
140523,
140617,
140773,
141023,
141179,
141336,
141648,
142023,
142117,
142211,
142539,
142726,
142961,
143398,
143523,
143742,
143836,
144086,
144742,
145211,
145773,
146242,
146711,
146992,
147836,
148211,
148586,
149242,
149711,
149992,
150273,
150836,
151211,
151773,
152336,
152992,
153461,
154023,
154211,
154773,
155242,
155711,
156086,
156273,
156461,
156648,
157023,
157117,
157398,
157773,
157867,
158148,
158523,
158617,
158898,
159086,
159179,
159273,
159648,
160023,
160117,
160398,
160586,
160773,
160961,
161195,
161523,
161617,
161898,
162086,
162273,
162648,
162742,
163023,
163398,
163586,
163773,
164148,
164523,
164617,
164898,
164992,
165086,
165273,
165367,
165648,
165742,
166023,
166445,
166773,
167195,
167336,
167523,
167773,
167898,
167992,
168086,
168273,
168461,
169211,
169773,
170523,
170898,
171086,
171461,
171836,
172586,
172773,
173711,
173992,
174273,
175023,
175398,
175679,
175961,
176523,
177179,
177461,
178023,
178586,
178961,
179711,
179992,
180179,
180273,
180461,
181023,
181773,
182148,
182523,
182898,
183273,
183648,
184023,
184398,
184961,
185523,
185898,
185992,
186273,
186742,
187023,
187398,
187773,
188242,
188898,
188992,
189273,
189461,
189836,
190023,
190211,
190961,
191336,
191523,
191898,
192367,
193211,
195507,
195648,
195742,
195882,
196023,
196117,
196257,
196398,
196492,
196586,
196726,
196820,
196961,
197054,
197148,
197429,
197617,
197711,
197804,
197992,
198273,
198367,
198554,
198742,
198836,
198976,
199164,
199257,
199445,
199586,
199726,
199867,
199961,
200101,
200242,
200523,
200757,
200851,
201039,
201336,
201507,
201648,
201742,
201882,
201976,
202117,
202304,
202445,
202586,
202679,
202773,
202914,
203054,
203195,
203336,
203429,
203570,
203742,
203898,
204086,
204304,
204554,
204742,
204836,
204976,
205164,
205304,
205445,
205586,
205679,
205820,
205961,
206101,
206242,
206336,
206429,
206570,
206711,
207148,
207273,
207523,
207648,
208023,
208117,
208398,
208867,
208961,
209382,
209523,
209617,
210086,
210461,
210648,
211023,
211398,
211492,
211961,
212054,
212148,
212367,
212461,
212617,
212898,
213086,
213367,
213461,
213648,
213836,
214117,
214398,
214586,
214867,
215007,
215148,
215242,
215523,
215617,
215773,
216023,
216179,
216336,
216648,
217023,
217117,
217211,
217539,
217961,
218398,
218523,
218742,
218836,
219086,
219273,
220679,
220867,
221711,
223304,
223492,
224086,
224195,
224336,
224523,
224664,
224773,
224898,
224992,
225148,
225273,
225414,
225648,
225742,
225836,
226023,
226164,
226336,
226461,
226586,
226711,
226867,
227148,
227336,
227617,
227804,
227898,
228273,
228544,
228648,
228752,
228877,
229002,
229127,
229586,

2 Column Long Note Times:

2 Column Release Times:

3 Column Hit Times:
461,
554,
1211,
1773,
2007,
2148,
2336,
2429,
2586,
2711,
2898,
3086,
3226,
3461,
3554,
3711,
3836,
4023,
4148,
4257,
4398,
4586,
4679,
4773,
4961,
5101,
5382,
5523,
5711,
5804,
5961,
6132,
6273,
6502,
6617,
6711,
6836,
7023,
7169,
7398,
7492,
8023,
8148,
8242,
8398,
8523,
8617,
8836,
8945,
9086,
9273,
9367,
9523,
9648,
9789,
9898,
10023,
10117,
10273,
10398,
10492,
10586,
10773,
10961,
11148,
11242,
11398,
11523,
11711,
11898,
11992,
12148,
12273,
12367,
12523,
12648,
12742,
12898,
13023,
13117,
13398,
13586,
13773,
13961,
14148,
14336,
14476,
14617,
14711,
14804,
14945,
15132,
15273,
15367,
15507,
15648,
15836,
16023,
16117,
16211,
16351,
16492,
16586,
16867,
17007,
17148,
17242,
17382,
17476,
17617,
17757,
17898,
17992,
18086,
18226,
18414,
18554,
18695,
18836,
18929,
19070,
19211,
20054,
20242,
20336,
20523,
20617,
20804,
20898,
21086,
21179,
21320,
21461,
21742,
21836,
22023,
22211,
22304,
22586,
22679,
22820,
22961,
23242,
23336,
23617,
23711,
23898,
24086,
24320,
24461,
24648,
24742,
24929,
25023,
25117,
25304,
25586,
25679,
25961,
26289,
26461,
26898,
27086,
27179,
27320,
27461,
27648,
27789,
27898,
28023,
28117,
28273,
28398,
28539,
28648,
28773,
28914,
29023,
29148,
29242,
29461,
29570,
29711,
29836,
29961,
30086,
30211,
30367,
30507,
30648,
30742,
30929,
31070,
31304,
31398,
31586,
31679,
31961,
32101,
32242,
32398,
32586,
33086,
33523,
33695,
33836,
33976,
34117,
34211,
34304,
34445,
34586,
34679,
34914,
35054,
35148,
35242,
35382,
35570,
35711,
35836,
35961,
36086,
36179,
36320,
36461,
36601,
36742,
36836,
37023,
37117,
37211,
37398,
37539,
37726,
37867,
37961,
38101,
38195,
38336,
38523,
38617,
38757,
38992,
39461,
39554,
39836,
40023,
40211,
40304,
40586,
40679,
40820,
40961,
41148,
41336,
41523,
41711,
41804,
41992,
42132,
42320,
42461,
42554,
42742,
42836,
43117,
43211,
43304,
43445,
43586,
43820,
43961,
44148,
44242,
44429,
44523,
44711,
44804,
45086,
45179,
45461,
45789,
45961,
46398,
46586,
46679,
46820,
46961,
47336,
47561,
47711,
47898,
48086,
48367,
48554,
48836,
49211,
49398,
49586,
49961,
50148,
50336,
50523,
50711,
50992,
51179,
51367,
51461,
51742,
51929,
52211,
52273,
52492,
52679,
52961,
53023,
53711,
54086,
54976,
55211,
55398,
55648,
56148,
56429,
56711,
56992,
57273,
57461,
57742,
58023,
58117,
58961,
59054,
59195,
59336,
59429,
59523,
59711,
59804,
59945,
60132,
60273,
60367,
60554,
60695,
60836,
60929,
61070,
61242,
61398,
61539,
61679,
61836,
61961,
62195,
62382,
62570,
62711,
62804,
62898,
63039,
63179,
63507,
63695,
63882,
63976,
64211,
64398,
64586,
64711,
64961,
65101,
65289,
65429,
65523,
65711,
65804,
65992,
66086,
66226,
66367,
66507,
66648,
66836,
66976,
67117,
67211,
67304,
67539,
67679,
67836,
67961,
68195,
68382,
68523,
68617,
68711,
68851,
68992,
69132,
69273,
69414,
69507,
69648,
69789,
69882,
70023,
70164,
70273,
70398,
70586,
70992,
71086,
71617,
71711,
71992,
72273,
72367,
72836,
72929,
73211,
73492,
73867,
73961,
74336,
74711,
75086,
75273,
75492,
75617,
75836,
75929,
76023,
76304,
76679,
76773,
77054,
77242,
77523,
77711,
77992,
78273,
78461,
78601,
78836,
78929,
79242,
79336,
79492,
79586,
79804,
79961,
80711,
80898,
80992,
81086,
81523,
81648,
81836,
82211,
82304,
82398,
83007,
83148,
83336,
83429,
83586,
83711,
83898,
84086,
84226,
84461,
84554,
84711,
84836,
85023,
85148,
85257,
85398,
85586,
85679,
85773,
85961,
86101,
86382,
86523,
86711,
86804,
86961,
87132,
87273,
87502,
87617,
87711,
87836,
88023,
88169,
88398,
88492,
89023,
89148,
89242,
89398,
89523,
89617,
89836,
89945,
90086,
90273,
90367,
90523,
90648,
90789,
90898,
91023,
91117,
91273,
91398,
91492,
91586,
91773,
91961,
92148,
92242,
92398,
92523,
92711,
92898,
92992,
93148,
93273,
93367,
93523,
93648,
93742,
93898,
94023,
94117,
94398,
94586,
94773,
94961,
95336,
95711,
95992,
96242,
96648,
97117,
97492,
97648,
97742,
98336,
98476,
98664,
99086,
99273,
100211,
100492,
100773,
101054,
101242,
101336,
101523,
101617,
101804,
101898,
102086,
102179,
102320,
102461,
102742,
102836,
103023,
103211,
103304,
103586,
103679,
103820,
103961,
104242,
104336,
104617,
104711,
104898,
105086,
105320,
105461,
105648,
105742,
105929,
106023,
106117,
106304,
106586,
106679,
106961,
107289,
107461,
107898,
108086,
108179,
108320,
108461,
108836,
109061,
109211,
109398,
109586,
109867,
110054,
110336,
110711,
110898,
111086,
111461,
111648,
111836,
112023,
112211,
112492,
112679,
112867,
112961,
113242,
113429,
113711,
113773,
113992,
114179,
114461,
114523,
115023,
115211,
115586,
116476,
116711,
116898,
117148,
117648,
117789,
117929,
118164,
118539,
118773,
118914,
119242,
119523,
119617,
120461,
120554,
120695,
120836,
120929,
121023,
121211,
121304,
121445,
121632,
121773,
121867,
122054,
122195,
122336,
122429,
122570,
122742,
122898,
123039,
123179,
123336,
123461,
123695,
123882,
124070,
124211,
124304,
124398,
124539,
124679,
125007,
125195,
125382,
125476,
125711,
125898,
126086,
126211,
126461,
126601,
126789,
126929,
127023,
127211,
127304,
127492,
127586,
127726,
127867,
128007,
128148,
128336,
128476,
128617,
128711,
128804,
129039,
129179,
129336,
129461,
129695,
129882,
130023,
130117,
130211,
130351,
130492,
130632,
130773,
130914,
131007,
131148,
131289,
131382,
131523,
131664,
131773,
131898,
132086,
132492,
132586,
133117,
133211,
133492,
133773,
133867,
134336,
134429,
134711,
134992,
135367,
135461,
135836,
136211,
136586,
136773,
137023,
137179,
137367,
137476,
137804,
138179,
138273,
138554,
138742,
139023,
139211,
139492,
139773,
139961,
140101,
140336,
140429,
140742,
140836,
140992,
141086,
141304,
141461,
142211,
142398,
142492,
142586,
143023,
143148,
143336,
143711,
143804,
143898,
144461,
144836,
145492,
145961,
146336,
146711,
147273,
147836,
148492,
148773,
149336,
150086,
150461,
151023,
151586,
151961,
152242,
152711,
153273,
153461,
153836,
154492,
154961,
155523,
156086,
156226,
156367,
156648,
156742,
157023,
157211,
157398,
157586,
157773,
158148,
158336,
158523,
158945,
159132,
159273,
159367,
159648,
159742,
160023,
160398,
160773,
160867,
161148,
161336,
161523,
161898,
162086,
162273,
162367,
162648,
163023,
163117,
163398,
163492,
163773,
163867,
164148,
164242,
164523,
164898,
165086,
165179,
165273,
165648,
166023,
166117,
166398,
166492,
166773,
166961,
167148,
167242,
167523,
167711,
167804,
167961,
168179,
168320,
168836,
169211,
169586,
169867,
170242,
171273,
171742,
172211,
172961,
173523,
173898,
174179,
174742,
175211,
175586,
175867,
176148,
176711,
177273,
177836,
178398,
178679,
179242,
179523,
179898,
180179,
180367,
180461,
180836,
181211,
181586,
181961,
182336,
182711,
183086,
183461,
183836,
184211,
184586,
185148,
185711,
186086,
186367,
187211,
187398,
187586,
187867,
188148,
188523,
188898,
189086,
189367,
189648,
189836,
190211,
190398,
190586,
191148,
191898,
191992,
192179,
192273,
193961,
195461,
195554,
195695,
195836,
195929,
196023,
196211,
196304,
196445,
196632,
196773,
196867,
197054,
197195,
197336,
197429,
197570,
197742,
197898,
198039,
198179,
198336,
198461,
198695,
198882,
199070,
199211,
199304,
199398,
199539,
199679,
200007,
200195,
200382,
200476,
200711,
200898,
201086,
201211,
201461,
201601,
201789,
201929,
202023,
202211,
202304,
202492,
202586,
202726,
202867,
203007,
203148,
203336,
203476,
203617,
203711,
203804,
204039,
204179,
204336,
204461,
204695,
204882,
205023,
205117,
205211,
205351,
205492,
205632,
205773,
205914,
206007,
206148,
206289,
206382,
206523,
206664,
206773,
206898,
207086,
207492,
207586,
208117,
208211,
208492,
208773,
208867,
209336,
209429,
209711,
209992,
210367,
210461,
210836,
211211,
211586,
211773,
211992,
212117,
212336,
212429,
212523,
212804,
213179,
213273,
213554,
213742,
214023,
214211,
214492,
214773,
214961,
215101,
215336,
215429,
215742,
215836,
215992,
216086,
216304,
216461,
217211,
217398,
217492,
217586,
218023,
218148,
218336,
218711,
218804,
218898,
219273,
220211,
220586,
220773,
220867,
221336,
221523,
222461,
223304,
223492,
224023,
224148,
224242,
224398,
224523,
224617,
224836,
224945,
225086,
225273,
225367,
225523,
225648,
225789,
225898,
226023,
226117,
226273,
226398,
226492,
226586,
226773,
226961,
227242,
227523,
227711,
227804,
227992,
228086,
228273,
228502,
228617,
228711,
228836,
229023,
229169,
229586,

3 Column Long Note Times:

3 Column Release Times:

4 Column Hit Times:
742,
1023,
1242,
1742,
1961,
2148,
2273,
2476,
2711,
2851,
3086,
3273,
3461,
3648,
3836,
3976,
4211,
4398,
4586,
4773,
4961,
5211,
5336,
5476,
5648,
5898,
6086,
6179,
6461,
6648,
6836,
6961,
7086,
7211,
7492,
7586,
7961,
8148,
8289,
8523,
8711,
8898,
9039,
9273,
9461,
9586,
9695,
9836,
10023,
10211,
10398,
10586,
10679,
10773,
11023,
11148,
11336,
11523,
11617,
11773,
11898,
12086,
12273,
12414,
12648,
12836,
13023,
13164,
13398,
13586,
13773,
13961,
14148,
14242,
14382,
14523,
14711,
14898,
15039,
15226,
15414,
15648,
15742,
15882,
16023,
16211,
16398,
16539,
16632,
16773,
16961,
17148,
17289,
17523,
17617,
17711,
17898,
18086,
18179,
18320,
18461,
18648,
18789,
19023,
19211,
19492,
19961,
20148,
20336,
20523,
20617,
20711,
20992,
21273,
21461,
21648,
21836,
22023,
22211,
22398,
22586,
22867,
22961,
23242,
23336,
23523,
23898,
24039,
24273,
24414,
24648,
24836,
24976,
25211,
25351,
25492,
25586,
25867,
25961,
26242,
26398,
26711,
26898,
27023,
27226,
27367,
27461,
27695,
27836,
28023,
28164,
28336,
28445,
28586,
28773,
28867,
29148,
29289,
29398,
29523,
29711,
29898,
30023,
30148,
30273,
30461,
30648,
30789,
31023,
31211,
31398,
31586,
31773,
32007,
32148,
32289,
32461,
32648,
33086,
33461,
33648,
33789,
34023,
34211,
34398,
34586,
34726,
34820,
34961,
35101,
35336,
35476,
35617,
35711,
35898,
36086,
36273,
36461,
36554,
36695,
36882,
37023,
37164,
37304,
37398,
37632,
37820,
38007,
38242,
38336,
38429,
38711,
38804,
39461,
39554,
39742,
39836,
40023,
40211,
40304,
40492,
40773,
40961,
41054,
41242,
41336,
41617,
41711,
41898,
42086,
42273,
42414,
42836,
43023,
43211,
43398,
43539,
43773,
43914,
44148,
44336,
44476,
44617,
44851,
44992,
45086,
45367,
45461,
45742,
45898,
46211,
46398,
46523,
46726,
46867,
46961,
47111,
47261,
47411,
47711,
47898,
48086,
48273,
48461,
48836,
49117,
49304,
49586,
49867,
50054,
50336,
50711,
51086,
51273,
51461,
51648,
51836,
52211,
52398,
52586,
52711,
52867,
53148,
53336,
53711,
54461,
55023,
55211,
55617,
55773,
56054,
56336,
56617,
57086,
57554,
57836,
58117,
58961,
59101,
59289,
59429,
59570,
59664,
59804,
60039,
60179,
60367,
60507,
60601,
60742,
60836,
60976,
61164,
61273,
61632,
61804,
61961,
62148,
62289,
62429,
62711,
62992,
63132,
63273,
63414,
63554,
63836,
64070,
64164,
64445,
64586,
64898,
65054,
65195,
65336,
65523,
65664,
65757,
65898,
65992,
66132,
66320,
66461,
66601,
66742,
66882,
67023,
67117,
67211,
67492,
67632,
67867,
68148,
68289,
68429,
68757,
68898,
69086,
69367,
69695,
69836,
70117,
70586,
70711,
70836,
71117,
71711,
72273,
72648,
72742,
73023,
73211,
73398,
73773,
73961,
74523,
74711,
74898,
75086,
75523,
75992,
76211,
76586,
76679,
76961,
77054,
77148,
77242,
77898,
77992,
78273,
78554,
78836,
79023,
79211,
79304,
79617,
79961,
80336,
80523,
81273,
81367,
81836,
81961,
82086,
82273,
82586,
82961,
83148,
83273,
83476,
83711,
83851,
84086,
84273,
84461,
84648,
84836,
84976,
85211,
85398,
85586,
85773,
85961,
86211,
86336,
86476,
86648,
86898,
87086,
87179,
87461,
87648,
87836,
87961,
88086,
88211,
88492,
88586,
88961,
89148,
89289,
89523,
89711,
89898,
90039,
90273,
90461,
90586,
90695,
90836,
91023,
91211,
91398,
91586,
91679,
91773,
92023,
92148,
92336,
92523,
92617,
92773,
92898,
93086,
93273,
93414,
93648,
93836,
94023,
94164,
94398,
94586,
94773,
94961,
95617,
95898,
96273,
96929,
97304,
97617,
97773,
98382,
98523,
98711,
98992,
99461,
99648,
99836,
99929,
100023,
100211,
100586,
100773,
100961,
101148,
101336,
101523,
101617,
101711,
101992,
102273,
102461,
102648,
102836,
103023,
103211,
103398,
103586,
103867,
103961,
104242,
104336,
104523,
104898,
105039,
105273,
105414,
105648,
105836,
105976,
106211,
106351,
106492,
106586,
106867,
106961,
107242,
107398,
107711,
107898,
108023,
108226,
108367,
108461,
108611,
108761,
108911,
109211,
109398,
109586,
109773,
109961,
110336,
110617,
110804,
111086,
111367,
111554,
111836,
112211,
112586,
112773,
112961,
113148,
113336,
113711,
113898,
114086,
114211,
114367,
114648,
114836,
115211,
115773,
115961,
116523,
116711,
117117,
117273,
117554,
117836,
118117,
118304,
118586,
118961,
119148,
119336,
119617,
120461,
120601,
120789,
120929,
121070,
121164,
121304,
121539,
121679,
121867,
122007,
122101,
122242,
122336,
122476,
122664,
122773,
123132,
123304,
123461,
123648,
123789,
123929,
124211,
124492,
124632,
124773,
124914,
125054,
125336,
125570,
125664,
125945,
126086,
126398,
126554,
126695,
126836,
127023,
127164,
127257,
127398,
127492,
127632,
127820,
127961,
128101,
128242,
128382,
128523,
128617,
128711,
128992,
129132,
129367,
129648,
129789,
129929,
130257,
130398,
130586,
130867,
131195,
131336,
131617,
132086,
132211,
132336,
132617,
133211,
133773,
134148,
134242,
134523,
134711,
134898,
135273,
135461,
136023,
136211,
136398,
136586,
136992,
137148,
137336,
137711,
138086,
138179,
138461,
138554,
138648,
138742,
139398,
139492,
139773,
140054,
140336,
140523,
140711,
140804,
141117,
141461,
141836,
142023,
142773,
142867,
143336,
143461,
143586,
143773,
144086,
144461,
144836,
145211,
145586,
145961,
146336,
147086,
147461,
147742,
148023,
148961,
149336,
149711,
150086,
150742,
151211,
151586,
152336,
152711,
153086,
153742,
154586,
154961,
155336,
155898,
156320,
156461,
156648,
156836,
157023,
157398,
157492,
157820,
157961,
158148,
158242,
158570,
158711,
158898,
159086,
159273,
159461,
159648,
159836,
160070,
160211,
160445,
160586,
160820,
160961,
161148,
161242,
161570,
161711,
161898,
161992,
162132,
162273,
162461,
162695,
162836,
163023,
163211,
163445,
163586,
163773,
163961,
164148,
164336,
164570,
164711,
164945,
165086,
165273,
165461,
165648,
165836,
166070,
166211,
166398,
166586,
166773,
166867,
167148,
167336,
167523,
167742,
167836,
167929,
168086,
168226,
168367,
169211,
169679,
169961,
170711,
170898,
171086,
171648,
172023,
172679,
173148,
174461,
175211,
175398,
175586,
175773,
176054,
176336,
176711,
177086,
177367,
177836,
178211,
178773,
179336,
179711,
180086,
180273,
180461,
180742,
181211,
181586,
181867,
182336,
182711,
183273,
183461,
183742,
184773,
185242,
185711,
185898,
186179,
186461,
186836,
187679,
187961,
188711,
189273,
189461,
189836,
190586,
191711,
192086,
192273,
194711,
195461,
195601,
195789,
195929,
196070,
196164,
196304,
196539,
196679,
196867,
197007,
197101,
197242,
197336,
197476,
197664,
197773,
198132,
198304,
198461,
198648,
198789,
198929,
199211,
199492,
199632,
199773,
199914,
200054,
200336,
200570,
200664,
200945,
201086,
201398,
201554,
201695,
201836,
202023,
202164,
202257,
202398,
202492,
202632,
202820,
202961,
203101,
203242,
203382,
203523,
203617,
203711,
203992,
204132,
204367,
204648,
204789,
204929,
205257,
205398,
205586,
205867,
206195,
206336,
206617,
207086,
207211,
207336,
207617,
208211,
208773,
209148,
209242,
209523,
209711,
209898,
210273,
210461,
211023,
211211,
211398,
211586,
212023,
212492,
212711,
213086,
213179,
213461,
213554,
213648,
213742,
214398,
214492,
214773,
215054,
215336,
215523,
215711,
215804,
216117,
216461,
216836,
217023,
217773,
218336,
218461,
218586,
218773,
219086,
219836,
220023,
220773,
222086,
222461,
223211,
223398,
223586,
223961,
224148,
224289,
224523,
224711,
224898,
225039,
225273,
225461,
225586,
225695,
225836,
226023,
226211,
226398,
226586,
226679,
226773,
226961,
227148,
227523,
227898,
227992,
228273,
228461,
228648,
228836,
228961,
229086,
229211,
229586,

4 Column Long Note Times:

4 Column Release Times:

