Artist : Various Artists
Song Name : Jumpstream Complexes Vol. 2A
Difficulty : 0
BPM : 190
Background Image : charts\Various Artists-Jumpstream Complexes Vol. 2A\Nyan-Nyan Naughty Night.png
Audio : charts\Various Artists-Jumpstream Complexes Vol. 2A\Nyan-Nyan Naughty Night.mp3

1 Column Hit Times:
110,
357,
667,
853,
1225,
1349,
1473,
1845,
2093,
2279,
2403,
2589,
2775,
2961,
3085,
3209,
3333,
3519,
3643,
3829,
3952,
4076,
4262,
4448,
4572,
4882,
5068,
5192,
5316,
5502,
5626,
5812,
5998,
6122,
6308,
6432,
6618,
6804,
6928,
7052,
7238,
7424,
7548,
7733,
7857,
8043,
8167,
8291,
8477,
8663,
8787,
8911,
9097,
9283,
9407,
9531,
9779,
9903,
10027,
10275,
10399,
10523,
10709,
10895,
11019,
11205,
11452,
11700,
11824,
12010,
12258,
12382,
12506,
12692,
12940,
13126,
13250,
13374,
13560,
13746,
13932,
14118,
14366,
14552,
14738,
14862,
15048,
15233,
15481,
15729,
15977,
16225,
16349,
16473,
16659,
16845,
16969,
17093,
17217,
17465,
17651,
17775,
17961,
18085,
18271,
18457,
18581,
18705,
18890,
19076,
19200,
19448,
19572,
19696,
19944,
20068,
20192,
20440,
20564,
20812,
20936,
21308,
21432,
21618,
21742,
21928,
22052,
22238,
22424,
22548,
22671,
22919,
23043,
23229,
23415,
23539,
23663,
23911,
24035,
24159,
24407,
24593,
24779,
24903,
25151,
25275,
25399,
25585,
25709,
25895,
26019,
26267,
26390,
26514,
26638,
26886,
27010,
27258,
27506,
27630,
27878,
28002,
28126,
28374,
28498,
28622,
28746,
28994,
29118,
29242,
29428,
29614,
29738,
29986,
30110,
30357,
30481,
30729,
30853,
31101,
31225,
31473,
31597,
31721,
31969,
32093,
32341,
32465,
32713,
32837,
33085,
33333,
33581,
33705,
33829,
34076,
34200,
34324,
34510,
34634,
34820,
35068,
35192,
35316,
35564,
35688,
35812,
35998,
36122,
36308,
36556,
36680,
36804,
36990,
37114,
37300,
37424,
37733,
37919,
38043,
38167,
38353,
38477,
38663,
38787,
38973,
39097,
39283,
39407,
39593,
39779,
39903,
40089,
40275,
40399,
40647,
40771,
40957,
41081,
41267,
41390,
41762,
42010,
42134,
42258,
42506,
42692,
42940,
43126,
43250,
43436,
43622,
43746,
43870,
43994,
44180,
44366,
44490,
44614,
44738,
44986,
45110,
45233,
45419,
45543,
45729,
46101,
46225,
46721,
46969,
47093,
47341,
47465,
47589,
47713,
47899,
48085,
48209,
48333,
48519,
48705,
48829,
48952,
49200,
49448,
49572,
49696,
49944,
50068,
50192,
50440,
50564,
50812,
50936,
51060,
51246,
51370,
51556,
51680,
51866,
51990,
52176,
52300,
52424,
52610,
52733,
52919,
53043,
53167,
53663,
54407,
54903,
55399,
55523,
55895,
57258,
57382,
57506,
57630,
57754,
58064,
58312,
58498,
58622,
58870,
59118,
59242,
59366,
59676,
59862,
59986,
60110,
60295,
60605,
60729,
60853,
61039,
61163,
61349,
61473,
61845,
61969,
62093,
62341,
62465,
62589,
62837,
62961,
63147,
63333,
63457,
63581,
63829,
63952,
64076,
64386,
64572,
64696,
64820,
64944,
65254,
65378,
65564,
65688,
65812,
65998,
66184,
66308,
66556,
66680,
66804,
66990,
67114,
67238,
67362,
67548,
67671,
67795,
68105,
68353,
68477,
68663,
68787,
68911,
69035,
69221,
69345,
69531,
69779,
70027,
70151,
70399,
70523,
70647,
70771,
70957,
71205,
71329,
71514,
71762,
72010,
72134,
72258,
72444,
72754,
72878,
73002,
73250,
73374,
73498,
73684,
73808,
73932,
74118,
74366,
74490,
74738,
74862,
74986,
75171,
75357,
75481,
75729,
75977,
76101,
76225,
76411,
76535,
76783,
76907,
77155,
77465,
77651,
77775,
77899,
78085,
78271,
78457,
78581,
78705,
78952,
79138,
79262,
79448,
79696,
79820,
80006,
80316,
80440,
80564,
80812,
80936,
81060,
81184,
81432,
81556,
81866,
82052,
82176,
82300,
82548,
82671,
82919,
83043,
83167,
83291,
83539,
83663,
83787,
83973,
84159,
84283,
84407,
84655,
84779,
84903,
85213,
85399,
85585,
85833,
86019,
86143,
86267,
86452,
86576,
86824,
87010,
87134,
87258,
87382,
87568,
87754,
87878,
88064,
88250,
88498,
88622,
89118,
89242,
89366,
89614,
89800,
89986,
90110,
90233,
90419,
90605,
90791,
90915,
91101,
91349,
91473,
91597,
91783,
92031,
92217,
92341,
92527,
92713,
92961,
93085,
93209,
93395,
93519,
93705,
93829,
94014,
94138,
94324,
94510,
94634,
94820,
94944,
95068,
95254,
95440,
95564,
95688,
95874,
96060,
96308,
96432,
96618,
96804,
96928,
97052,
97176,
97300,
97548,
97671,
97857,
97981,
98167,
98353,
98539,
98663,
98849,
99035,
99159,
99283,
99407,
99593,
99779,
99903,
100089,
100213,
100461,
100585,
100771,
100895,
101019,
101267,
101452,
101576,
101824,
101948,
102134,
102382,
102506,
102692,
102940,
103126,
103250,
103374,
103622,
103746,
103870,
104118,
104428,
104614,
104738,
104862,
105048,
105233,
105419,
105605,
105729,
105915,
106101,
106287,
106473,
106721,
106969,
107217,
107341,
107589,
107713,
107837,
108085,
108209,
108395,
108705,
108829,
109014,
109200,
109324,
109448,
109634,
109820,
109944,
110130,
110378,
110688,
110998,
111122,
111370,
111680,
111928,
112052,
112176,
112362,
112610,
112795,
112919,
113167,
113291,
113415,
113539,
113725,
114035,
114159,
114531,
114655,
114841,
114965,
115151,
115275,
115523,
115647,
115895,
116019,
116267,
116390,
116576,
116700,
116948,
117134,
117258,
117506,
117630,
117878,
118002,
118126,
118312,
118436,
118622,
118870,
118994,
119180,
119366,
119490,
119614,
119862,
119986,
120233,
120357,
120481,
120605,
120853,
121101,
121287,
121411,
121597,
121783,
121907,
122093,
122279,
122403,
122651,
122837,
122961,
123209,
123333,
123581,
123829,
124076,
124262,
124572,
124820,
124944,
125068,
125254,
125378,
125626,
125812,
126060,
126184,
126432,
126556,
126742,
126928,
127052,
127300,
127548,
127733,
127919,
128043,
128167,
128415,
128539,
128787,
128911,
129035,
129221,
129345,
129531,
129779,
129903,
130027,
130213,
130337,
130523,
130771,
130957,
131081,
131267,
131390,
131514,
131762,
131886,
132010,
132196,
132320,
132506,
132630,
132754,
133002,
133250,
133498,
133808,
133994,
134180,
134490,
134676,
134986,
135110,
135233,
135481,
135605,
135729,
135977,
136349,
136473,
136597,
136721,
136969,
137217,
137589,
137837,
137961,
138209,
138333,
138581,
138705,
139076,
139200,
139572,
139696,
139944,
140316,
140440,

1 Column Long Note Times:
977,
53415,
56143,
56886,
88870,

1 Column Release Times:
1163,
53601,
56390,
57134,
88994,

2 Column Hit Times:
357,
667,
853,
1225,
1349,
1597,
1845,
2093,
2217,
2465,
2651,
2899,
3085,
3333,
3457,
3643,
3767,
3952,
4076,
4200,
4386,
4634,
4758,
4944,
5068,
5316,
5440,
5626,
5750,
5874,
6060,
6246,
6432,
6556,
6742,
6866,
7052,
7238,
7424,
7610,
7733,
7981,
8167,
8353,
8539,
8663,
8787,
8973,
9097,
9221,
9407,
9531,
9717,
9841,
10027,
10213,
10461,
10647,
10833,
11019,
11329,
11514,
11638,
11886,
12134,
12320,
12506,
12754,
12878,
13064,
13312,
13498,
13684,
13808,
14056,
14242,
14366,
14490,
14676,
14862,
14986,
15171,
15419,
15543,
15729,
15915,
16101,
16287,
16473,
16597,
16783,
16969,
17155,
17279,
17465,
17589,
17713,
17961,
18147,
18333,
18457,
18643,
18829,
19014,
19262,
19386,
19510,
19696,
19882,
20068,
20254,
20378,
20564,
20688,
20812,
20998,
21122,
21246,
21432,
21556,
21680,
21866,
22052,
22176,
22300,
22486,
22671,
22795,
22981,
23105,
23353,
23477,
23663,
23849,
24035,
24221,
24345,
24469,
24655,
24779,
24903,
25089,
25213,
25399,
25647,
25771,
25895,
26143,
26267,
26514,
26638,
26762,
27010,
27134,
27382,
27506,
27630,
28002,
28250,
28498,
28622,
28870,
28994,
29118,
29366,
29490,
29614,
29862,
29986,
30233,
30481,
30605,
30853,
30977,
31101,
31349,
31473,
31597,
31845,
31969,
32217,
32341,
32589,
32713,
32837,
33085,
33333,
33457,
33581,
33705,
33829,
34014,
34138,
34324,
34572,
34696,
34820,
35006,
35130,
35316,
35502,
35626,
35812,
36060,
36184,
36308,
36494,
36618,
36804,
37052,
37176,
37362,
37486,
37610,
37795,
37919,
38167,
38291,
38477,
38601,
38787,
38911,
39097,
39221,
39407,
39531,
39717,
39903,
40027,
40213,
40337,
40523,
40647,
40771,
41019,
41143,
41267,
41452,
41576,
41700,
41886,
42010,
42134,
42320,
42444,
42630,
42754,
42878,
43064,
43250,
43374,
43560,
43746,
43932,
44056,
44304,
44552,
44800,
44924,
45110,
45233,
45357,
45543,
45667,
45853,
46101,
46349,
46721,
46845,
47093,
47217,
47403,
47589,
47713,
47837,
48023,
48209,
48333,
48457,
48643,
48767,
48952,
49138,
49262,
49386,
49572,
49696,
49944,
50068,
50254,
50378,
50564,
50688,
50812,
50998,
51184,
51370,
51494,
51618,
51804,
52052,
52176,
52362,
52548,
52671,
52857,
52981,
53167,
53663,
53911,
54655,
54903,
55399,
55647,
55895,
57134,
57382,
57506,
57630,
57816,
57940,
58126,
58250,
58436,
58560,
58746,
58932,
59118,
59242,
59428,
59552,
59738,
59862,
59986,
60233,
60419,
60543,
60667,
60853,
61101,
61225,
61349,
61535,
61659,
61783,
61969,
62093,
62279,
62403,
62589,
62899,
63023,
63271,
63457,
63643,
63767,
64138,
64262,
64510,
64696,
64820,
65006,
65130,
65316,
65440,
65564,
65688,
65874,
66122,
66432,
66556,
66742,
66928,
67176,
67424,
67548,
67671,
67857,
67981,
68167,
68291,
68539,
68663,
68787,
68973,
69097,
69283,
69469,
69655,
69841,
70027,
70151,
70337,
70523,
70709,
70833,
71019,
71143,
71452,
71638,
71824,
71948,
72134,
72258,
72382,
72568,
72692,
72878,
73064,
73188,
73312,
73498,
73684,
73870,
73994,
74180,
74304,
74490,
74676,
74924,
75048,
75233,
75357,
75543,
75667,
75853,
75977,
76163,
76349,
76597,
76721,
76969,
77093,
77279,
77403,
77589,
77837,
77961,
78147,
78333,
78457,
78643,
78829,
79076,
79324,
79448,
79634,
79758,
79944,
80130,
80254,
80440,
80626,
80750,
80874,
81060,
81246,
81370,
81494,
81680,
81804,
81990,
82176,
82362,
82486,
82733,
82857,
83043,
83167,
83353,
83477,
83725,
83911,
84097,
84283,
84469,
84593,
84779,
84965,
85089,
85275,
85399,
85647,
85771,
85957,
86143,
86267,
86390,
86638,
86762,
86948,
87134,
87258,
87444,
87692,
87816,
88002,
88126,
88250,
88498,
88746,
88994,
89118,
89242,
89366,
89552,
89738,
89862,
90048,
90233,
90357,
90543,
90667,
90791,
90977,
91225,
91411,
91597,
91721,
91845,
92031,
92155,
92341,
92465,
92589,
92775,
92899,
93085,
93209,
93333,
93581,
93705,
93890,
94076,
94200,
94386,
94510,
94696,
94820,
95006,
95130,
95316,
95502,
95688,
95812,
95998,
96122,
96308,
96556,
96742,
96928,
97052,
97238,
97362,
97548,
97795,
98105,
98291,
98477,
98663,
98911,
99097,
99283,
99407,
99531,
99717,
99903,
100027,
100275,
100399,
100647,
100771,
100957,
101081,
101205,
101390,
101638,
101762,
102010,
102258,
102444,
102630,
102816,
103002,
103126,
103250,
103436,
103560,
103746,
103932,
104118,
104304,
104490,
104614,
104800,
104924,
105110,
105233,
105481,
105605,
105791,
106039,
106225,
106349,
106597,
106783,
106969,
107093,
107403,
107527,
107899,
108023,
108209,
108519,
108643,
108952,
109076,
109200,
109448,
109572,
109758,
109944,
110192,
110316,
110502,
110688,
110812,
110936,
111184,
111308,
111494,
111618,
111804,
111990,
112176,
112300,
112486,
112671,
112795,
113043,
113229,
113415,
113539,
113663,
113849,
113973,
114159,
114345,
114469,
114655,
114779,
115027,
115151,
115337,
115461,
115709,
115895,
116081,
116205,
116390,
116514,
116762,
116886,
117010,
117134,
117320,
117444,
117630,
117816,
117940,
118126,
118374,
118498,
118622,
118808,
118932,
119118,
119242,
119428,
119614,
119738,
119924,
120048,
120171,
120357,
120481,
120605,
120853,
121101,
121225,
121473,
121721,
121969,
122217,
122465,
122589,
122837,
123023,
123147,
123395,
123581,
123767,
123890,
124076,
124200,
124386,
124572,
124758,
125006,
125192,
125440,
125564,
125812,
125998,
126246,
126370,
126618,
126804,
126928,
127052,
127300,
127548,
127733,
127919,
128043,
128291,
128477,
128787,
128911,
129035,
129283,
129407,
129531,
129717,
129841,
130027,
130275,
130399,
130523,
130709,
130833,
131019,
131143,
131267,
131452,
131576,
131762,
131886,
132010,
132258,
132382,
132506,
132630,
132754,
133064,
133250,
133436,
133560,
133746,
133870,
134118,
134304,
134490,
134614,
134800,
134924,
135110,
135295,
135419,
135543,
135729,
135853,
136039,
136163,
136287,
136473,
136597,
136721,
136969,
137093,
137341,
137465,
137713,
137837,
138209,
138457,
138705,
138952,
139324,
139448,
139696,
139820,
140068,
140192,
140440,

2 Column Long Note Times:
977,
53415,
56143,
56638,
56886,

2 Column Release Times:
1163,
53601,
56390,
56762,
57010,

3 Column Hit Times:
110,
357,
605,
853,
1225,
1473,
1597,
1845,
2155,
2341,
2465,
2713,
2837,
3023,
3147,
3271,
3457,
3581,
3705,
3890,
4014,
4138,
4324,
4510,
4696,
4820,
5006,
5130,
5254,
5440,
5564,
5688,
5812,
6060,
6184,
6370,
6494,
6680,
6804,
6990,
7114,
7362,
7486,
7671,
7795,
7919,
8105,
8229,
8415,
8601,
8725,
8849,
9035,
9159,
9283,
9469,
9593,
9779,
9965,
10089,
10337,
10585,
10771,
10957,
11081,
11267,
11514,
11762,
11948,
12072,
12258,
12444,
12630,
12816,
13002,
13250,
13436,
13622,
13870,
13994,
14180,
14304,
14490,
14738,
14924,
15110,
15233,
15357,
15605,
15853,
16039,
16163,
16349,
16535,
16721,
16907,
17031,
17217,
17341,
17465,
17713,
17837,
18085,
18209,
18395,
18581,
18767,
18952,
19138,
19324,
19448,
19634,
19758,
19944,
20130,
20316,
20440,
20626,
20750,
20936,
21184,
21308,
21432,
21680,
21804,
21990,
22114,
22300,
22424,
22610,
22733,
22857,
23167,
23291,
23415,
23601,
23725,
23911,
24097,
24283,
24407,
24531,
24717,
24841,
24965,
25151,
25399,
25523,
25647,
25833,
26019,
26143,
26390,
26576,
26762,
26886,
27258,
27382,
27506,
27754,
27878,
28126,
28250,
28374,
28560,
28746,
28870,
28994,
29242,
29366,
29490,
29738,
29862,
30233,
30357,
30605,
30729,
30977,
31101,
31349,
31473,
31721,
31845,
32093,
32217,
32465,
32589,
32837,
32961,
33085,
33209,
33333,
33643,
33767,
33890,
34076,
34262,
34386,
34572,
34820,
34944,
35068,
35254,
35378,
35564,
35750,
35874,
36060,
36308,
36432,
36556,
36742,
36866,
37052,
37238,
37362,
37548,
37671,
37795,
37981,
38105,
38291,
38539,
38663,
38849,
39035,
39159,
39283,
39469,
39655,
39841,
39965,
40151,
40275,
40461,
40585,
40771,
40895,
41019,
41205,
41329,
41514,
41638,
41824,
42072,
42196,
42382,
42506,
42630,
42816,
43002,
43126,
43312,
43498,
43684,
43870,
43994,
44118,
44242,
44428,
44614,
44738,
44862,
45048,
45171,
45295,
45481,
45605,
45729,
45977,
46225,
46473,
46597,
46845,
47093,
47217,
47403,
47589,
47775,
47961,
48085,
48271,
48395,
48581,
48705,
48890,
49014,
49200,
49324,
49448,
49696,
50006,
50130,
50316,
50502,
50626,
50750,
50936,
51122,
51308,
51432,
51556,
51742,
51928,
52052,
52238,
52362,
52548,
52671,
52795,
52919,
53105,
53663,
54159,
54531,
54779,
55151,
56143,
56390,
57134,
57258,
57444,
57568,
57754,
57878,
58002,
58188,
58374,
58498,
58684,
58808,
58994,
59180,
59366,
59490,
59614,
59738,
59924,
60048,
60171,
60357,
60481,
60605,
60853,
60977,
61101,
61287,
61411,
61597,
61721,
61845,
62031,
62217,
62341,
62527,
62713,
62837,
63085,
63209,
63395,
63519,
63705,
63829,
64076,
64324,
64448,
64572,
64758,
64882,
65068,
65192,
65316,
65440,
65626,
65812,
65936,
66060,
66246,
66370,
66618,
66866,
67052,
67176,
67300,
67486,
67733,
67919,
68043,
68229,
68539,
68725,
68849,
68973,
69159,
69283,
69407,
69593,
69717,
69903,
70089,
70275,
70461,
70585,
70709,
70895,
71081,
71267,
71390,
71576,
71700,
71886,
72010,
72196,
72320,
72506,
72630,
72754,
72940,
73126,
73312,
73436,
73560,
73746,
73932,
74056,
74242,
74366,
74552,
74800,
74924,
75110,
75295,
75419,
75605,
75791,
75915,
76101,
76287,
76473,
76721,
76845,
77031,
77217,
77341,
77527,
77713,
77899,
78023,
78209,
78333,
78519,
78705,
78890,
79014,
79200,
79386,
79572,
79820,
79944,
80192,
80316,
80688,
80874,
80998,
81122,
81308,
81432,
81618,
81742,
81928,
82052,
82238,
82424,
82610,
82795,
82981,
83105,
83229,
83415,
83601,
83849,
84035,
84159,
84345,
84531,
84717,
84841,
85027,
85151,
85337,
85523,
85709,
85895,
86019,
86205,
86390,
86638,
86762,
86886,
87072,
87320,
87506,
87630,
87878,
88002,
88188,
88498,
88622,
88746,
88994,
89180,
89304,
89428,
89676,
89862,
90048,
90171,
90295,
90481,
90605,
90729,
90853,
91039,
91163,
91349,
91535,
91721,
91907,
92093,
92217,
92527,
92651,
92837,
93023,
93147,
93333,
93457,
93643,
93829,
93952,
94076,
94262,
94448,
94572,
94758,
94944,
95068,
95192,
95378,
95564,
95750,
95936,
96184,
96494,
96680,
96866,
97114,
97300,
97424,
97610,
97733,
97919,
98167,
98415,
98539,
98725,
98911,
99035,
99221,
99345,
99531,
99655,
99965,
100151,
100337,
100523,
100709,
100833,
101019,
101143,
101329,
101514,
101700,
101886,
102072,
102196,
102382,
102568,
102754,
102878,
103064,
103188,
103312,
103498,
103684,
103870,
103994,
104242,
104366,
104552,
104676,
104800,
104986,
105110,
105295,
105543,
105667,
105977,
106163,
106411,
106535,
106721,
106845,
107155,
107279,
107465,
107651,
107775,
107961,
108271,
108457,
108581,
108705,
108952,
109076,
109262,
109510,
109696,
109882,
110006,
110254,
110440,
110564,
110750,
110874,
111246,
111432,
111556,
111742,
111866,
112114,
112238,
112424,
112548,
112671,
112919,
113043,
113167,
113353,
113477,
113663,
113787,
113911,
114097,
114221,
114407,
114593,
114717,
114903,
115089,
115275,
115399,
115585,
115771,
116143,
116329,
116452,
116638,
116762,
116886,
117072,
117196,
117382,
117568,
117692,
117878,
118126,
118250,
118374,
118560,
118684,
118870,
118994,
119118,
119304,
119490,
119676,
119800,
119986,
120110,
120295,
120419,
120543,
120729,
120853,
120977,
121163,
121349,
121535,
121659,
121845,
122031,
122155,
122341,
122527,
122775,
122899,
123085,
123333,
123457,
123705,
123952,
124138,
124324,
124448,
124696,
124882,
125130,
125316,
125502,
125750,
125874,
126122,
126308,
126556,
126680,
126804,
126990,
127176,
127300,
127424,
127671,
127795,
128043,
128291,
128539,
128849,
128973,
129097,
129283,
129531,
129655,
129779,
129965,
130089,
130275,
130523,
130647,
130771,
130895,
131019,
131205,
131329,
131514,
131638,
131762,
131948,
132072,
132258,
132382,
132506,
132692,
133002,
133126,
133374,
133622,
133746,
133932,
134056,
134242,
134366,
134552,
134738,
134862,
135048,
135233,
135357,
135543,
135667,
135791,
135915,
136101,
136225,
136349,
136535,
136659,
136845,
136969,
137217,
137341,
137589,
137961,
138085,
138333,
138581,
138829,
138952,
139200,
139324,
139572,
139820,
139944,
140192,
140440,

3 Column Long Note Times:
53415,
55647,
56638,
56886,

3 Column Release Times:
53601,
55895,
56762,
57010,

4 Column Hit Times:
110,
605,
1349,
1473,
1597,
1845,
2093,
2217,
2341,
2527,
2713,
2837,
2961,
3209,
3395,
3581,
3705,
3829,
4200,
4324,
4448,
4696,
4820,
4944,
5192,
5378,
5564,
5688,
5812,
5936,
6060,
6308,
6432,
6680,
6804,
6928,
7176,
7300,
7548,
7671,
7795,
7919,
8043,
8291,
8415,
8539,
8725,
8911,
9035,
9159,
9345,
9531,
9655,
9779,
10151,
10275,
10523,
10771,
10895,
11143,
11267,
11390,
11576,
11762,
12010,
12196,
12568,
12754,
12878,
13002,
13188,
13374,
13498,
13746,
13870,
13994,
14242,
14428,
14614,
14800,
14986,
15295,
15481,
15667,
15791,
15977,
16225,
16411,
16597,
16721,
16845,
16969,
17217,
17403,
17527,
17713,
17899,
18023,
18209,
18333,
18519,
18705,
18829,
18952,
19200,
19324,
19448,
19696,
19820,
20006,
20192,
20316,
20502,
20688,
20874,
21060,
21184,
21370,
21494,
21680,
21928,
22176,
22362,
22548,
22795,
22919,
23167,
23291,
23415,
23663,
23787,
23973,
24159,
24283,
24531,
24655,
24903,
25027,
25151,
25337,
25461,
25647,
25771,
25895,
26267,
26390,
26576,
26762,
26886,
27134,
27258,
27382,
27630,
27754,
27878,
28126,
28250,
28374,
28560,
28746,
28870,
29118,
29242,
29428,
29738,
29862,
30110,
30233,
30357,
30729,
30853,
30977,
31225,
31349,
31597,
31721,
31845,
32093,
32217,
32341,
32589,
32713,
32837,
33085,
33333,
33643,
33829,
33952,
34076,
34324,
34448,
34572,
34758,
34882,
35068,
35316,
35440,
35564,
35812,
35936,
36060,
36246,
36370,
36556,
36804,
36928,
37052,
37300,
37424,
37548,
37671,
37857,
38043,
38229,
38415,
38539,
38725,
38911,
39035,
39159,
39345,
39531,
39655,
39779,
40027,
40151,
40399,
40523,
40709,
40833,
41019,
41143,
41267,
41514,
41638,
41762,
41948,
42258,
42568,
42754,
42878,
43002,
43188,
43374,
43498,
43622,
43808,
44118,
44242,
44366,
44490,
44676,
44862,
44986,
45233,
45481,
45605,
45729,
46225,
46473,
46597,
46721,
46969,
47217,
47341,
47465,
47713,
47837,
47961,
48147,
48457,
48581,
48705,
48952,
49076,
49200,
49448,
49572,
49944,
50192,
50316,
50440,
50688,
50874,
51060,
51184,
51308,
51494,
51680,
51804,
51928,
52114,
52300,
52486,
52671,
52795,
52919,
53043,
53167,
53663,
54159,
54531,
54779,
55151,
55275,
56390,
57134,
57258,
57444,
57568,
57692,
57878,
58002,
58126,
58374,
58622,
58870,
59056,
59304,
59490,
59614,
59800,
60110,
60357,
60481,
60605,
60791,
60915,
61101,
61349,
61473,
61597,
61721,
61907,
62155,
62465,
62651,
62775,
63085,
63209,
63333,
63581,
63890,
64014,
64200,
64324,
64448,
64634,
64944,
65068,
65192,
65378,
65502,
65750,
65936,
66060,
66308,
66494,
66680,
66804,
66928,
67052,
67300,
67424,
67610,
67795,
67919,
68043,
68291,
68415,
68601,
68725,
68911,
69035,
69159,
69283,
69531,
69779,
69965,
70213,
70399,
70647,
70771,
71019,
71143,
71390,
71514,
71762,
71886,
72072,
72196,
72382,
72506,
72630,
72816,
73002,
73126,
73250,
73374,
73622,
73746,
73994,
74118,
74242,
74428,
74614,
74738,
74986,
75110,
75233,
75481,
75729,
75915,
76039,
76225,
76349,
76473,
76659,
76845,
76969,
77217,
77341,
77465,
77713,
77961,
78085,
78209,
78395,
78581,
78767,
78952,
79200,
79324,
79510,
79696,
79882,
80068,
80192,
80378,
80502,
80688,
80812,
80936,
81184,
81308,
81432,
81680,
81804,
81928,
82114,
82300,
82424,
82548,
82671,
82919,
83291,
83415,
83663,
83787,
83911,
84035,
84221,
84407,
84531,
84655,
84903,
85027,
85151,
85275,
85461,
85647,
85771,
85895,
86081,
86329,
86514,
86700,
86886,
87010,
87196,
87382,
87506,
87630,
87754,
87940,
88126,
88250,
88622,
88746,
88994,
89180,
89304,
89490,
89614,
89738,
89924,
90110,
90357,
90481,
90667,
90853,
91101,
91287,
91473,
91659,
91845,
91969,
92093,
92279,
92403,
92589,
92713,
92837,
93147,
93271,
93457,
93581,
93767,
94014,
94200,
94324,
94572,
94696,
94882,
95006,
95192,
95316,
95502,
95626,
95812,
96060,
96246,
96370,
96556,
96680,
96804,
96990,
97176,
97300,
97486,
97671,
97919,
98043,
98229,
98415,
98601,
98787,
98973,
99159,
99283,
99469,
99655,
99841,
100027,
100151,
100399,
100523,
100647,
100771,
101019,
101143,
101267,
101514,
101638,
101886,
102134,
102320,
102506,
102630,
102878,
103002,
103250,
103374,
103498,
103808,
104056,
104180,
104366,
104490,
104738,
104862,
104986,
105171,
105357,
105481,
105729,
105853,
105977,
106225,
106473,
106659,
106907,
107031,
107217,
107465,
107589,
107961,
108147,
108333,
108457,
108581,
108767,
108890,
109138,
109386,
109572,
109696,
109820,
110068,
110192,
110440,
110626,
110936,
111060,
111184,
111432,
111556,
111680,
111928,
112052,
112300,
112424,
112548,
112671,
112919,
113043,
113167,
113291,
113601,
113787,
113911,
114035,
114283,
114407,
114531,
114779,
114903,
115027,
115213,
115399,
115523,
115647,
115833,
115957,
116143,
116267,
116514,
116638,
116824,
117010,
117134,
117382,
117630,
117754,
117878,
118064,
118188,
118374,
118622,
118746,
118870,
119056,
119242,
119366,
119552,
119738,
119862,
120110,
120295,
120605,
120729,
120853,
120977,
121101,
121349,
121597,
121845,
122093,
122341,
122589,
122713,
122961,
123085,
123271,
123519,
123643,
123829,
124014,
124324,
124510,
124634,
124820,
124944,
125068,
125316,
125564,
125688,
125936,
126060,
126308,
126494,
126680,
126866,
127052,
127176,
127548,
127671,
127795,
127919,
128167,
128291,
128415,
128539,
128849,
129035,
129159,
129283,
129469,
129593,
129779,
130027,
130151,
130275,
130461,
130585,
130771,
130895,
131019,
131143,
131267,
131514,
131700,
131824,
132010,
132134,
132258,
132444,
132568,
132754,
133002,
133188,
133312,
133498,
133684,
133994,
134242,
134428,
134738,
134862,
134986,
135171,
135357,
135481,
135605,
135853,
135977,
136101,
136225,
136411,
136535,
136721,
136845,
136969,
137217,
137465,
137589,
137961,
138209,
138457,
138581,
138705,
138952,
139200,
139448,
139572,
139696,
139944,
140192,
140316,
140440,

4 Column Long Note Times:
977,
53415,
55647,
56638,

4 Column Release Times:
1163,
53601,
55895,
56886,

