Artist : Various Artists
Song Name : Jumpstream Complexes Vol. 2A
Difficulty : 0
BPM : 190
Background Image : charts\Various Artists-Jumpstream Complexes Vol. 2A\Toki wo Kizamu Uta.jpg
Audio : charts\Various Artists-Jumpstream Complexes Vol. 2A\Toki wo Kizamu Uta.mp3

1 Column Hit Times:
77717,
78149,
78581,
81171,
82681,
83113,
83761,
83976,
85487,
85919,
86566,
86998,
87322,
88509,
88940,
91530,
91962,
92394,
94984,
95631,
96063,
98437,
99948,
100595,
101027,
101243,
101890,
102322,
102753,
103185,
105343,
105559,
107070,
107286,
108041,
108796,
109336,
109552,
111063,
111278,
111818,
112034,
112466,
116243,
116458,
116890,
117969,
118185,
118617,
118940,
119156,
119318,
119642,
119876,
120181,
120451,
120613,
120937,
121099,
121476,
121746,
121962,
122232,
122466,
122663,
123095,
123527,
123958,
124264,
124498,
124930,
125361,
125739,
126063,
126171,
126494,
126602,
126926,
127034,
127358,
127466,
127789,
128005,
128221,
128868,
129084,
129516,
129624,
130163,
130379,
130595,
130811,
130919,
131135,
131243,
131404,
131620,
131728,
131944,
132106,
132268,
132484,
132591,
132915,
133509,
133725,
133940,
134480,
135451,
135775,
135883,
136135,
136422,
136638,
136800,
137016,
137178,
137286,
137502,
137609,
137771,
137933,
138149,
138257,
138419,
138581,
138689,
138850,
139066,
139174,
139444,
139552,
139768,
139876,
139984,
140145,
140307,
140415,
140577,
140739,
140847,
141063,
141171,
141332,
141440,
141602,
141710,
141872,
142034,
142142,
142358,
142466,
142681,
142789,
142951,
143113,
143329,
143545,
143707,
143922,
144084,
144192,
144408,
144516,
144678,
144840,
145055,
145163,
145325,
145487,
145595,
145757,
145973,
146081,
146350,
146458,
146674,
146782,
146998,
147106,
147268,
147430,
147537,
147753,
147861,
148077,
148239,
148401,
148509,
148725,
148832,
148994,
149156,
149264,
149480,
149588,
149804,
149912,
150235,
150343,
150667,
150775,
150937,
151099,
151207,
151422,
151530,
151746,
151908,
152016,
152178,
152286,
152448,
152555,
152771,
152987,
153095,
153257,
153365,
153581,
153689,
153904,
154012,
154174,
154336,
154444,
154606,
154768,
154876,
155037,
155199,
155415,
155631,
155793,
155955,
156063,
156278,
156440,
156656,
156818,
156926,
157142,
157358,
157520,
157735,
157897,
158005,
158221,
158329,
158491,
158653,
158868,
158976,
159138,
159300,
159408,
159570,
159786,
159894,
160163,
160271,
160487,
160595,
160757,
161027,
161189,
161350,
161620,
161728,
161944,
162106,
162214,
162322,
162753,
163832,
164048,
164210,
164318,
164480,
164588,
164750,
165020,
165127,
165289,
165559,
165775,
165991,
166099,
166261,
166530,
166638,
166908,
167124,
167286,
167502,
167609,
167825,
167933,
168095,
168257,
168365,
168527,
168796,
169012,
169228,
169336,
169498,
169660,
169768,
169876,
170037,
170199,
170307,
170577,
170739,
170847,
170955,
171117,
171386,
171494,
171710,
171818,
172034,
172142,
172304,
172466,
172681,
172789,
172951,
173113,
173275,
173437,
173599,
173761,
173976,
174084,
174246,
174408,
174570,
174786,
174894,
175055,
175163,
175271,
175433,
175541,
175703,
175811,
176135,
176243,
176350,
176566,
176674,
176998,
177160,
177322,
177430,
177645,
177861,
178023,
178131,
178347,
178455,
178617,
178832,
178994,
179156,
179372,
179588,
179804,
179912,
180073,
180235,
180451,
180559,
180667,
180883,
181099,
181314,
181422,
181638,
181746,
181908,
182070,
182178,
182394,
182609,
182717,
182879,
183041,
183203,
183473,
183581,
183850,
184012,
184120,
184390,
184552,
184660,
184768,
184930,
185199,
185307,
185523,
185631,
185847,
185955,
186117,
186278,
186494,
186602,
186764,
186926,
187088,
187250,
187412,
187573,
187789,
187897,
188059,
188221,
188383,
188491,
188653,
188868,
188976,
189084,
189246,
189354,
189516,
189624,
189732,
189948,
190077,
190293,
190422,
190638,
190768,
190984,
191113,
191404,
191512,
191674,
191890,
192969,
195991,
197286,
198581,
199012,
199876,
200523,
200739,
201386,
202466,
203329,
204192,
204408,
205703,
205919,
206135,
206566,
206782,
206890,
207214,
207430,
207645,
207969,
208401,
208940,
209156,
209372,
209480,
209804,
210235,
210451,
210883,
211099,
212070,
212286,
212609,
212717,
212933,
213257,
213365,
213689,
213904,
214120,
214552,
214984,
215307,
215847,
215955,
216278,
216602,
216926,
222322,
223185,
223401,
224048,
224264,
224912,
225343,
225559,
225775,
226638,
227070,
227502,
227717,
228365,
228796,
229228,
229444,
230091,
230955,
231171,
232034,
232250,
232681,
232897,
233545,
233761,
233976,
234192,
234624,
235271,
235541,
235703,
236135,
236566,
236998,
237430,
237753,
237969,
238077,
238293,
238617,
238832,
238940,
239156,
239588,
240020,
240451,
240775,
240883,
241314,
241746,
242070,
242286,
242394,
242609,
242717,
242933,
243149,
243365,
243581,
243796,
244120,
244336,
244660,
244768,
245091,
245199,
245523,
245631,
245955,
246063,
246278,
246386,
246602,
246710,
246926,
247034,
247358,
247573,
247789,
247962,
248091,
248307,
248437,
249516,
249624,
249786,
249948,
250055,
250271,
250433,
250541,
250757,
251027,
251243,
251350,
251512,
251674,
251836,
251998,
252106,
252376,
252591,
252753,
252969,
253077,
253239,
253401,
253563,
253725,
253832,
253994,
254264,
254480,
254696,
254804,
254966,
255127,
255235,
255343,
255505,
255667,
255775,
256045,
256207,
256314,
256422,
256584,
256854,
256962,
257124,
257286,
257394,
257555,
257717,
257879,
258149,
258257,
258419,
258635,
258743,
258904,
259066,
259228,
259444,
259552,
259714,
259876,
260037,
260253,
260361,
260523,
260631,
260739,
260901,
261009,
261171,
261278,
261602,
261710,
261818,
262034,
262142,
262412,
262627,
262789,
262897,
263113,
263329,
263491,
263599,
263814,
263922,
264084,
264300,
264462,
264624,
264840,
265055,
265271,
265379,
265541,
265703,
265919,
266027,
266135,
266350,
266458,
266620,
266782,
266890,
267106,
267214,
267376,
267537,
267645,
267861,
268077,
268185,
268347,
268509,
268671,
268940,
269048,
269318,
269480,
269588,
269858,
270020,
270127,
270235,
270451,
270667,
270775,
270991,
271207,
271314,
271476,
271746,
271962,
272070,
272232,
272394,
272555,
272717,
272879,
273041,
273257,
273365,
273527,
273689,
273850,
273958,
274174,
274282,
274498,
274660,
274768,
275037,
275199,
275361,
275631,
275847,
276818,
276969,
277142,
277358,
277520,
277735,
277843,
278059,
278221,
278383,
278599,
278707,
278868,
278976,
279084,
279300,
279408,
279624,
279732,
279948,
280163,
280271,
280487,
280757,
280919,
281027,
281189,
281350,
281458,
281728,
281890,
282106,
282322,
282537,
282753,
282969,
283239,
283401,
283509,
283832,
283994,
284264,
284426,
284642,
284750,
284966,
285127,
285289,
285505,
285613,
285775,
285883,
285991,
286207,
286314,
286530,
286638,
286854,
287070,
287178,
287340,
287502,
287609,
287771,
287933,
288041,
288365,
288473,
288635,
288796,
288904,
289066,
289228,
289444,
289660,
289768,
290091,
290307,
290469,
290739,
290955,
291171,
291386,
292034,
292466,
293221,
293437,
294408,
294948,
295163,
295487,
295919,
296674,
296890,
297106,
297430,
297861,
297969,
298509,
298725,
298832,
299156,
299372,
299588,
299696,
300020,
300235,
300451,
300559,
301314,
301584,
301746,
302016,
302178,
302340,
302771,
302987,
304768,
304876,
305091,
305523,
305631,
305847,
306278,
306494,
306602,
306818,
307358,
307753,
308005,
308221,
308437,
308653,
308868,
309084,
309300,
309624,
309948,
310163,
310379,
310595,
310811,
311135,
311243,
311494,
311674,
311782,
311998,
312430,
312537,
312753,
313185,
313401,
313509,
313725,
314264,
314660,
314984,
315127,
315343,
315559,
315775,
315991,
316207,
316530,
316854,
317070,
317286,
317502,
317717,
318041,
318149,
318437,
318581,
318904,
319984,
320739,
321386,
321710,
322034,
322358,
322789,
323329,
323653,
324084,
324624,
324948,
325271,
325487,
325703,
326135,
326350,
326638,
326962,
327214,
327322,
327645,
327753,
328077,
328185,
328365,
328689,
328940,
329192,
329516,
329804,
329912,
330199,
330523,
330667,
330883,
331314,
331530,
331962,
332178,
332394,

1 Column Long Note Times:
76854,
79012,
81818,
84624,
89372,
90667,
92825,
96494,
99084,
113545,
113976,
114408,
163185,
194264,
194480,
198149,
201818,
205055,
208509,
211530,
211746,
215415,
217358,
248653,
293653,
293976,
300883,

1 Column Release Times:
77286,
80739,
82466,
85271,
90020,
91099,
94552,
98005,
99732,
113761,
114192,
115703,
163617,
194372,
194696,
198365,
202034,
205487,
208725,
211638,
211962,
215631,
221890,
249084,
293761,
294192,
301099,

2 Column Hit Times:
79012,
79444,
79876,
80415,
80955,
81386,
81818,
82466,
83545,
84192,
84840,
85271,
87861,
88293,
88725,
89372,
90020,
90451,
90883,
91314,
92825,
93473,
94228,
94768,
95199,
96494,
97142,
97573,
97789,
98653,
99084,
99516,
100379,
100811,
101458,
105775,
106638,
107502,
107933,
108149,
109228,
109768,
110307,
110955,
111494,
112034,
112250,
112789,
113005,
113761,
114516,
114732,
115703,
116135,
116674,
117106,
117430,
117861,
118401,
118832,
119156,
119444,
119696,
120020,
120307,
120505,
120739,
120991,
121243,
121422,
121602,
121908,
122106,
122394,
122609,
122771,
123041,
123203,
123473,
123635,
123904,
124066,
124390,
124552,
124822,
124984,
125253,
125415,
125685,
125847,
125991,
126278,
126386,
126710,
126818,
127142,
127250,
127573,
127681,
128329,
128545,
128761,
129300,
129516,
129732,
129840,
130055,
130271,
130379,
130595,
130703,
131027,
131296,
131512,
131674,
131836,
132052,
132160,
132376,
132537,
132699,
132807,
132969,
133185,
133401,
134048,
134264,
135235,
135559,
135667,
135991,
136207,
136350,
136476,
136638,
136746,
136908,
137070,
137178,
137394,
137502,
137717,
137879,
137987,
138149,
138311,
138581,
138689,
138958,
139120,
139282,
139444,
139606,
139714,
139876,
140091,
140253,
140469,
140685,
140847,
140955,
141171,
141278,
141494,
141602,
141818,
141980,
142196,
142304,
142466,
142573,
142789,
143005,
143113,
143275,
143383,
143545,
143653,
143814,
143976,
144084,
144300,
144408,
144624,
144786,
144894,
145055,
145217,
145487,
145595,
145865,
146027,
146189,
146350,
146512,
146620,
146782,
146890,
146998,
147160,
147322,
147645,
147753,
147915,
148077,
148293,
148509,
148617,
148725,
148886,
149048,
149372,
149480,
149642,
149804,
149966,
150073,
150235,
150397,
150505,
150667,
150775,
150991,
151207,
151314,
151530,
151638,
151800,
151962,
152178,
152340,
152609,
152717,
152879,
153041,
153257,
153419,
153527,
153689,
153796,
154066,
154228,
154444,
154660,
154768,
154984,
155145,
155307,
155415,
155577,
155685,
155847,
156117,
156278,
156386,
156548,
156710,
156926,
157088,
157196,
157358,
157466,
157627,
157789,
157897,
158113,
158221,
158437,
158599,
158707,
158868,
159030,
159300,
159408,
159678,
159840,
160002,
160163,
160325,
160433,
160595,
160703,
160811,
160973,
161081,
161243,
161350,
161512,
161674,
161836,
162106,
162268,
162537,
162861,
163077,
163617,
164048,
164156,
164372,
164588,
164804,
164912,
165127,
165235,
165397,
165559,
165721,
165829,
165991,
166153,
166314,
166422,
166638,
166746,
166854,
167016,
167232,
167394,
167502,
167663,
167771,
167987,
168203,
168365,
168473,
168635,
168796,
168904,
169120,
169228,
169390,
169606,
169768,
169930,
170091,
170199,
170307,
170469,
170685,
170901,
171009,
171171,
171278,
171494,
171602,
171818,
171926,
172196,
172412,
172573,
172681,
172897,
173059,
173167,
173383,
173491,
173707,
173814,
173976,
174138,
174354,
174462,
174678,
174840,
175055,
175163,
175325,
175487,
175703,
175865,
175973,
176135,
176350,
176458,
176674,
176836,
177052,
177268,
177537,
177645,
177807,
177915,
178077,
178239,
178401,
178563,
178671,
178886,
179156,
179264,
179372,
179534,
179642,
179804,
180020,
180181,
180343,
180451,
180775,
180937,
181045,
181207,
181314,
181476,
181584,
181800,
182016,
182178,
182286,
182502,
182609,
182771,
182987,
183095,
183257,
183365,
183581,
183743,
183904,
184012,
184120,
184282,
184498,
184714,
184822,
184984,
185091,
185307,
185415,
185631,
185739,
186009,
186225,
186386,
186494,
186710,
186872,
186980,
187196,
187304,
187520,
187627,
187789,
187951,
188167,
188275,
188437,
188599,
188707,
188814,
188976,
189138,
189300,
189462,
189624,
189786,
189948,
190034,
190163,
190379,
190509,
190725,
190897,
191070,
191199,
191296,
191566,
191674,
192106,
192537,
193185,
193617,
194048,
195559,
196854,
198796,
199444,
200091,
202034,
202681,
203976,
205811,
205919,
206243,
206674,
206998,
207214,
207322,
207645,
207753,
208509,
208725,
208940,
209048,
209588,
209804,
209912,
210127,
210559,
210991,
211314,
211530,
212825,
213041,
213473,
213689,
213796,
214120,
214228,
214444,
214768,
214876,
215415,
215631,
215847,
216063,
216278,
216386,
216710,
216926,
217034,
221890,
222106,
222537,
222753,
222969,
223832,
224480,
224696,
225127,
225991,
226207,
226422,
226854,
227502,
227933,
228149,
228581,
229012,
229228,
230091,
230307,
230523,
230739,
231386,
231602,
232681,
233545,
234408,
234840,
235055,
235271,
235433,
235595,
235703,
236135,
236566,
236998,
237322,
237537,
237645,
237861,
238185,
238401,
238509,
238725,
239048,
239156,
239480,
239696,
239804,
240020,
240343,
240559,
240667,
240883,
241314,
241638,
241854,
241962,
242178,
242502,
242825,
242933,
243257,
243365,
243689,
243796,
244012,
244120,
244228,
244444,
244552,
244876,
244984,
245307,
245415,
245739,
245847,
246063,
246171,
246494,
246710,
246818,
246926,
247142,
247250,
247466,
247681,
247789,
247876,
248005,
248178,
248350,
248523,
248653,
249084,
249516,
249732,
249894,
250055,
250163,
250379,
250595,
250703,
250865,
251027,
251135,
251243,
251458,
251620,
251728,
251944,
252106,
252214,
252322,
252484,
252699,
252861,
252969,
253131,
253347,
253455,
253671,
253832,
253940,
254102,
254264,
254372,
254588,
254696,
254858,
255073,
255235,
255397,
255559,
255667,
255775,
255937,
256153,
256368,
256476,
256638,
256746,
256962,
257178,
257286,
257448,
257663,
257771,
257987,
258149,
258365,
258527,
258689,
258904,
259012,
259174,
259282,
259390,
259606,
259822,
259930,
260145,
260307,
260469,
260631,
260793,
260955,
261171,
261332,
261440,
261602,
261818,
261926,
262142,
262304,
262466,
262573,
262735,
262951,
263113,
263275,
263383,
263545,
263707,
263868,
264030,
264138,
264354,
264624,
264732,
264840,
265002,
265109,
265271,
265487,
265649,
265811,
265919,
266243,
266404,
266566,
266674,
266782,
266944,
267052,
267268,
267484,
267645,
267753,
267969,
268077,
268239,
268455,
268563,
268725,
268832,
269048,
269210,
269372,
269480,
269588,
269750,
269966,
270181,
270289,
270451,
270559,
270775,
270883,
271045,
271153,
271422,
271584,
271692,
271854,
271962,
272124,
272340,
272448,
272663,
272771,
272987,
273095,
273257,
273419,
273635,
273743,
273904,
274066,
274228,
274390,
274552,
274660,
274822,
274930,
275145,
275253,
275415,
276386,
276710,
276926,
277099,
277196,
277412,
277627,
277789,
277951,
278167,
278275,
278491,
278653,
278868,
279030,
279192,
279300,
279516,
279732,
279840,
280055,
280163,
280379,
280541,
280649,
280865,
281081,
281296,
281458,
281566,
281890,
281998,
282160,
282322,
282430,
282537,
282699,
282861,
282969,
283131,
283293,
283401,
283563,
283671,
283832,
283940,
284102,
284318,
284534,
284696,
284858,
285073,
285181,
285397,
285559,
285775,
285937,
286099,
286207,
286422,
286638,
286746,
286962,
287070,
287286,
287448,
287663,
287879,
288041,
288203,
288365,
288581,
288796,
289012,
289174,
289336,
289444,
289606,
289768,
289930,
290091,
290199,
290415,
290847,
291494,
291710,
291926,
292250,
292681,
292897,
293113,
294624,
294840,
295055,
295271,
295379,
295703,
296135,
296350,
296566,
296782,
296998,
297214,
297645,
297861,
298077,
298185,
298401,
298617,
298940,
299048,
299588,
299804,
300020,
300127,
300343,
300667,
300775,
301368,
301530,
301800,
301962,
302070,
302232,
302448,
302609,
302717,
302879,
303041,
303473,
303904,
304336,
304768,
304984,
305307,
305415,
305739,
306063,
306278,
306710,
307034,
307142,
307358,
307573,
307717,
307897,
308113,
308653,
309084,
309408,
309516,
309840,
309948,
310379,
310703,
310919,
311243,
311458,
311566,
311890,
312214,
312322,
312645,
312969,
313185,
313617,
313940,
314048,
314264,
314480,
314624,
314804,
314948,
315127,
315559,
315991,
316314,
316422,
316746,
316854,
317286,
317609,
317825,
318149,
318401,
318581,
318796,
319012,
319228,
319660,
319876,
320091,
320307,
320523,
320955,
321171,
321494,
321818,
322250,
322573,
323113,
323545,
323868,
324408,
324840,
325163,
325379,
325919,
326566,
326890,
327214,
327430,
327537,
327861,
327969,
328293,
328617,
328940,
329048,
329372,
329696,
330127,
330235,
330451,
330559,
331099,
331530,
331638,
331746,
332070,
332394,

2 Column Long Note Times:
77717,
82681,
85919,
91530,
95631,
101890,
103185,
114192,
194912,
197825,
201171,
201386,
204624,
205271,
208185,
212178,
215091,
217358,
293545,
293761,
294192,
301099,

2 Column Release Times:
78365,
82897,
87645,
92178,
96278,
102537,
105343,
114408,
195127,
197933,
201278,
201602,
204840,
205487,
208293,
212394,
215199,
218868,
293653,
293976,
294408,
301314,

3 Column Hit Times:
77933,
78365,
78796,
79660,
80091,
80739,
82250,
84408,
86350,
86782,
87645,
88077,
89804,
90235,
91746,
92178,
92609,
93257,
93904,
94552,
96278,
96926,
97358,
98005,
99732,
100163,
101135,
101674,
105343,
105883,
106099,
106422,
106854,
107609,
107825,
108365,
108796,
109012,
109876,
110091,
110523,
110739,
111386,
111602,
111818,
112681,
113221,
113545,
114408,
114948,
115271,
115703,
115919,
116350,
116782,
116998,
117430,
117645,
118077,
118293,
118509,
118725,
119210,
119372,
119588,
119804,
120073,
120235,
120559,
120811,
121045,
121314,
121530,
121800,
122034,
122286,
122537,
122825,
122969,
123257,
123401,
123689,
123832,
124120,
124336,
124624,
124768,
125055,
125199,
125487,
125631,
125919,
126063,
126602,
126818,
127034,
127573,
127789,
128005,
128113,
128437,
128545,
128868,
128976,
129300,
129408,
129948,
130055,
130271,
130487,
130811,
130919,
131135,
131243,
131458,
131674,
131782,
131998,
132106,
132322,
132537,
132645,
132861,
132969,
133509,
133725,
133940,
134480,
134696,
134912,
135127,
135775,
135883,
136063,
136207,
136422,
136584,
136854,
136962,
137232,
137394,
137555,
137717,
137825,
138041,
138149,
138365,
138473,
138635,
138796,
138904,
139120,
139228,
139390,
139498,
139660,
139822,
139930,
140091,
140199,
140361,
140523,
140631,
140793,
141009,
141225,
141386,
141548,
141656,
141818,
141926,
142088,
142250,
142412,
142573,
142681,
142897,
143059,
143221,
143329,
143491,
143761,
143868,
144138,
144300,
144462,
144624,
144732,
144948,
145055,
145271,
145379,
145541,
145703,
145811,
146027,
146135,
146296,
146404,
146566,
146728,
146836,
147214,
147430,
147537,
147699,
147807,
148023,
148185,
148293,
148455,
148563,
148940,
149156,
149264,
149426,
149534,
149750,
149858,
150020,
150181,
150289,
150451,
150613,
150883,
150991,
151153,
151314,
151476,
151692,
151854,
151962,
152124,
152394,
152502,
152717,
152933,
153041,
153203,
153311,
153473,
153689,
153850,
153958,
154120,
154336,
154552,
154660,
154822,
154984,
155091,
155253,
155415,
155523,
155739,
155901,
156063,
156171,
156386,
156494,
156710,
156872,
157034,
157142,
157304,
157573,
157681,
157951,
158113,
158275,
158437,
158545,
158761,
158868,
159084,
159192,
159354,
159516,
159624,
159840,
159948,
160109,
160217,
160379,
160541,
160649,
160811,
160919,
161135,
161296,
161458,
161566,
161782,
161890,
162052,
162160,
162322,
162753,
163185,
164102,
164264,
164426,
164534,
164696,
164804,
164966,
165073,
165343,
165505,
165667,
165775,
165937,
166207,
166314,
166476,
166584,
166746,
166854,
167070,
167178,
167340,
167448,
167555,
167717,
167879,
168041,
168149,
168311,
168473,
168581,
168743,
168958,
169066,
169228,
169444,
169552,
169714,
169822,
169984,
170091,
170361,
170523,
170631,
170793,
170955,
171171,
171332,
171440,
171656,
171764,
171980,
172088,
172250,
172358,
172520,
172627,
172735,
172897,
173005,
173221,
173329,
173545,
173653,
173922,
174192,
174300,
174408,
174624,
174732,
174948,
175109,
175271,
175379,
175595,
175757,
175919,
176081,
176189,
176404,
176566,
176782,
176890,
177106,
177214,
177376,
177484,
177699,
177861,
177969,
178185,
178293,
178509,
178725,
178832,
178940,
179102,
179318,
179480,
179588,
179750,
180020,
180127,
180289,
180397,
180559,
180667,
180829,
180991,
181153,
181261,
181368,
181530,
181692,
181854,
181962,
182124,
182340,
182448,
182663,
182825,
182933,
183041,
183257,
183419,
183527,
183635,
183796,
183904,
184174,
184336,
184444,
184606,
184768,
184984,
185145,
185253,
185469,
185577,
185793,
185901,
186063,
186171,
186332,
186440,
186548,
186710,
186818,
187034,
187142,
187358,
187466,
187735,
188005,
188113,
188221,
188329,
188545,
188761,
188922,
189084,
189192,
189408,
189570,
189678,
189840,
189991,
190207,
190336,
190552,
190681,
190811,
190940,
191156,
191458,
191620,
192322,
193401,
195343,
195775,
196207,
196638,
197070,
197502,
199228,
199660,
200307,
200955,
201171,
202466,
202897,
203113,
203761,
205487,
205595,
206135,
206350,
206458,
206782,
207106,
207430,
207861,
208077,
209264,
209372,
209696,
210020,
210235,
210451,
210667,
210775,
211099,
211207,
211962,
212178,
212394,
212609,
212825,
213041,
213257,
213581,
214012,
214336,
214552,
214660,
215523,
215739,
216171,
216494,
216710,
216818,
217142,
217358,
221890,
222322,
223185,
223401,
223617,
224048,
224264,
224912,
225559,
225775,
226638,
227070,
227286,
227717,
228365,
228581,
229444,
229660,
229876,
230955,
231171,
231818,
232250,
232466,
232897,
233113,
233329,
233761,
234408,
234624,
235163,
235379,
235703,
236027,
236243,
236350,
236566,
236890,
237106,
237214,
237430,
237861,
238293,
238725,
239264,
239372,
239588,
239912,
240127,
240235,
240451,
240883,
241207,
241422,
241530,
241746,
242178,
242609,
242717,
243041,
243149,
243473,
243581,
243904,
244012,
244228,
244336,
244552,
244660,
244984,
245091,
245415,
245523,
245847,
245955,
246278,
246386,
246602,
246818,
247034,
247358,
247466,
247573,
247832,
248048,
248221,
248394,
248566,
249570,
249732,
249840,
250002,
250217,
250325,
250487,
250595,
250811,
250973,
251189,
251296,
251458,
251566,
251782,
251890,
252052,
252214,
252322,
252537,
252645,
252807,
252915,
253023,
253185,
253293,
253509,
253617,
253778,
253940,
254048,
254210,
254426,
254534,
254696,
254912,
255020,
255181,
255289,
255451,
255559,
255829,
255991,
256099,
256261,
256422,
256638,
256800,
256908,
257070,
257232,
257502,
257609,
257825,
257933,
258095,
258203,
258365,
258581,
258689,
258850,
258958,
259120,
259336,
259498,
259660,
259768,
259876,
260091,
260199,
260415,
260577,
260739,
260847,
261063,
261225,
261386,
261548,
261656,
261872,
262034,
262196,
262358,
262520,
262681,
262843,
263005,
263167,
263329,
263437,
263653,
263761,
263976,
264192,
264300,
264408,
264570,
264786,
264948,
265055,
265217,
265487,
265595,
265757,
265865,
266027,
266135,
266296,
266566,
266728,
266836,
266998,
267160,
267322,
267430,
267591,
267807,
267915,
268131,
268293,
268401,
268509,
268725,
268886,
268994,
269102,
269264,
269372,
269642,
269804,
269912,
270073,
270235,
270397,
270613,
270721,
270937,
271099,
271261,
271368,
271530,
271638,
271800,
271962,
272178,
272286,
272502,
272609,
272825,
272933,
273203,
273473,
273581,
273689,
274012,
274120,
274336,
274444,
274606,
274768,
274984,
275091,
275307,
275415,
275631,
275955,
276171,
276602,
276872,
277012,
277142,
277304,
277466,
277573,
277789,
278005,
278113,
278329,
278437,
278653,
278814,
279138,
279354,
279516,
279678,
279894,
280002,
280217,
280379,
280595,
280703,
280811,
280973,
281135,
281243,
281566,
281674,
281836,
282052,
282214,
282376,
282591,
282807,
283023,
283185,
283293,
283617,
283725,
283886,
284048,
284210,
284372,
284480,
284696,
284912,
285020,
285235,
285343,
285559,
285721,
286045,
286261,
286422,
286584,
286800,
286908,
287124,
287286,
287394,
287555,
287717,
287825,
287987,
288149,
288257,
288473,
288581,
288743,
288850,
289012,
289120,
289282,
289498,
289714,
289876,
289984,
290199,
290307,
290523,
290631,
290955,
291171,
291386,
292034,
292466,
293221,
293437,
293653,
293976,
294408,
294948,
295163,
295487,
295919,
296674,
296890,
297861,
298293,
298401,
298832,
299156,
299264,
299588,
300235,
300343,
300883,
300991,
301314,
301422,
301746,
301854,
302178,
302286,
302555,
302825,
303041,
304768,
305199,
305631,
305955,
306063,
306386,
306494,
306926,
307250,
307466,
307681,
307789,
308041,
308221,
308437,
308761,
308868,
309192,
309516,
309732,
310163,
310487,
310595,
310811,
311027,
311171,
311350,
311674,
312106,
312537,
312861,
312969,
313293,
313401,
313832,
314156,
314372,
314696,
315020,
315343,
315667,
315775,
316099,
316422,
316638,
317070,
317394,
317502,
317717,
317933,
318077,
318257,
318473,
318689,
319120,
319336,
319552,
319768,
320199,
320631,
320847,
321278,
321422,
321602,
321746,
321926,
322466,
322897,
323221,
323761,
324192,
324516,
324912,
325055,
325235,
325487,
325703,
325811,
326135,
326243,
326602,
326782,
326926,
327106,
327645,
328077,
328329,
328509,
328653,
328832,
329156,
329264,
329480,
329588,
329804,
329912,
330343,
330667,
330883,
331314,
331854,
332286,

3 Column Long Note Times:
77286,
81171,
82897,
85271,
88725,
91099,
94984,
98437,
102537,
163617,
194372,
198365,
201602,
204840,
208725,
211638,
214984,
215199,
220163,
249084,
297106,
297430,
300559,

3 Column Release Times:
77717,
81818,
84192,
85919,
89372,
91530,
95631,
99084,
103185,
164048,
194480,
198581,
201818,
205055,
208940,
211746,
215091,
215415,
221027,
249516,
297214,
297645,
300667,

4 Column Hit Times:
77717,
79228,
80307,
80523,
81602,
82034,
82897,
83329,
83868,
84624,
85055,
85703,
86135,
87214,
87430,
89156,
89588,
90667,
91099,
91530,
93041,
93689,
94120,
94336,
95415,
95847,
96710,
97681,
98221,
98868,
99300,
102106,
102537,
102969,
103401,
104480,
104912,
105343,
105775,
106207,
106638,
107070,
108581,
109012,
109444,
109876,
110307,
110739,
111171,
111386,
112250,
112466,
112897,
113329,
113976,
114192,
115055,
115487,
117214,
118293,
118725,
118940,
119264,
119516,
119750,
119948,
120127,
120379,
120667,
120883,
121171,
121368,
121674,
121854,
122178,
122340,
122717,
122897,
123149,
123329,
123581,
123761,
123958,
124192,
124444,
124696,
124876,
125127,
125307,
125559,
125793,
126063,
126278,
126494,
127142,
127358,
127789,
127897,
128221,
128329,
128653,
128761,
129084,
129192,
129516,
129732,
129948,
130163,
130379,
130487,
130703,
131027,
131243,
131350,
131566,
131674,
131890,
132106,
132214,
132430,
132537,
132753,
132969,
133185,
133401,
134048,
134264,
135559,
135667,
135991,
136278,
136422,
136530,
136692,
136854,
136962,
137124,
137340,
137448,
137663,
137933,
138095,
138203,
138365,
138527,
138743,
138904,
139012,
139228,
139336,
139660,
139876,
140037,
140307,
140415,
140631,
140739,
140955,
141063,
141386,
141602,
141764,
142034,
142142,
142358,
142520,
142735,
142897,
143167,
143329,
143437,
143599,
143761,
143868,
144030,
144246,
144354,
144570,
144840,
145002,
145109,
145271,
145433,
145649,
145811,
145919,
146135,
146243,
146566,
146782,
146944,
147052,
147214,
147322,
147484,
147645,
147861,
147969,
148131,
148347,
148509,
148671,
148778,
148940,
149048,
149210,
149372,
149588,
149696,
150020,
150127,
150235,
150451,
150559,
150721,
150829,
151045,
151261,
151368,
151584,
151746,
151962,
152070,
152232,
152394,
152502,
152663,
152825,
152933,
153149,
153473,
153635,
153743,
153904,
154120,
154228,
154390,
154552,
154714,
154930,
155199,
155361,
155469,
155631,
155847,
155955,
156171,
156332,
156494,
156602,
156764,
156980,
157142,
157250,
157412,
157573,
157681,
157843,
158059,
158167,
158383,
158653,
158814,
158922,
159084,
159246,
159462,
159624,
159732,
159948,
160055,
160379,
160595,
160865,
161027,
161135,
161404,
161566,
161674,
161890,
161998,
162322,
162537,
162861,
163077,
163401,
164048,
164264,
164480,
164642,
164858,
165020,
165181,
165343,
165451,
165613,
165775,
165883,
166045,
166207,
166368,
166530,
166692,
166962,
167070,
167286,
167502,
167717,
167933,
168041,
168257,
168419,
168581,
168689,
168850,
169012,
169174,
169282,
169444,
169660,
169876,
169984,
170145,
170415,
170523,
170739,
170955,
171063,
171225,
171386,
171548,
171710,
171872,
172034,
172250,
172466,
172681,
172843,
173113,
173221,
173437,
173545,
173761,
173868,
174030,
174192,
174408,
174516,
174624,
174840,
174948,
175217,
175379,
175487,
175649,
175919,
176027,
176135,
176296,
176512,
176620,
176782,
176890,
176998,
177214,
177430,
177591,
177753,
177861,
178077,
178293,
178401,
178617,
178778,
178940,
179048,
179210,
179426,
179588,
179696,
179858,
179966,
180127,
180343,
180505,
180721,
180883,
181099,
181314,
181530,
181746,
181854,
182070,
182232,
182394,
182555,
182825,
183041,
183149,
183311,
183473,
183689,
183796,
183958,
184228,
184336,
184552,
184768,
184876,
185037,
185199,
185361,
185523,
185685,
185847,
186063,
186278,
186494,
186656,
186926,
187034,
187250,
187358,
187573,
187681,
187843,
188005,
188221,
188329,
188437,
188653,
188761,
188868,
189084,
189192,
189300,
189516,
189732,
189840,
189948,
190120,
190250,
190466,
190595,
190854,
191027,
191243,
191350,
191674,
192753,
193832,
195127,
196422,
199012,
199876,
200739,
201602,
202034,
202250,
203329,
203545,
204192,
205055,
205487,
205703,
205919,
206027,
206350,
206566,
206782,
206998,
207537,
207645,
208617,
208832,
209156,
209372,
209588,
210020,
210235,
210343,
210667,
210883,
211099,
211422,
211854,
212394,
212502,
212825,
213149,
213473,
213689,
213904,
214336,
214552,
214768,
215199,
216063,
216278,
216494,
217142,
217250,
222322,
222537,
223185,
224048,
224588,
225127,
225343,
225775,
225991,
226638,
226854,
227502,
228041,
228796,
229228,
230091,
230307,
230955,
231494,
231818,
232034,
232681,
233545,
234408,
234840,
235055,
235163,
235325,
235487,
235649,
235811,
235919,
236135,
236458,
236674,
236782,
236998,
237430,
237861,
238293,
238725,
238940,
239156,
239588,
240020,
240451,
240991,
241099,
241314,
241746,
242178,
242609,
242825,
243041,
243257,
243473,
243689,
243904,
244336,
244444,
244768,
244876,
245199,
245307,
245631,
245739,
246063,
246171,
246494,
246926,
247142,
247250,
247681,
247789,
247919,
248135,
248264,
248480,
248609,
249516,
249678,
249948,
250109,
250271,
250487,
250649,
250811,
250919,
251081,
251243,
251404,
251674,
251782,
251998,
252160,
252430,
252537,
252753,
252969,
253185,
253401,
253509,
253725,
253886,
254048,
254156,
254318,
254480,
254642,
254750,
254912,
255127,
255343,
255451,
255613,
255883,
255991,
256207,
256422,
256530,
256692,
256854,
257016,
257178,
257340,
257502,
257717,
257933,
258041,
258149,
258311,
258473,
258581,
258796,
259012,
259120,
259228,
259444,
259660,
259876,
259984,
260091,
260307,
260415,
260685,
260847,
260955,
261117,
261386,
261494,
261602,
261764,
261980,
262088,
262250,
262358,
262466,
262681,
262897,
263059,
263221,
263329,
263545,
263761,
263868,
264084,
264246,
264408,
264516,
264678,
264894,
265055,
265163,
265325,
265433,
265595,
265811,
265973,
266189,
266350,
266512,
266782,
266998,
267214,
267322,
267537,
267699,
267861,
268023,
268293,
268509,
268617,
268778,
268940,
269156,
269264,
269426,
269696,
269804,
270020,
270235,
270343,
270505,
270667,
270829,
270991,
271099,
271314,
271530,
271746,
271908,
272016,
272178,
272394,
272502,
272717,
272825,
273041,
273149,
273311,
273473,
273689,
273796,
274120,
274336,
274552,
274714,
274876,
274984,
275199,
275415,
276494,
276764,
277055,
277142,
277250,
277358,
277573,
277681,
277897,
278005,
278221,
278437,
278545,
278761,
278922,
279084,
279246,
279462,
279570,
279786,
279948,
280109,
280325,
280433,
280595,
280811,
281027,
281243,
281404,
281512,
281674,
281782,
281944,
282106,
282268,
282484,
282645,
282753,
282915,
283077,
283185,
283455,
283617,
283778,
284048,
284156,
284264,
284480,
284588,
284804,
284912,
285127,
285343,
285451,
285667,
285829,
285991,
286153,
286368,
286476,
286692,
286854,
287016,
287232,
287502,
287717,
287933,
288149,
288257,
288419,
288689,
288958,
289228,
289390,
289552,
289660,
289876,
289984,
290145,
290361,
290523,
290739,
290955,
291494,
291710,
291926,
292250,
292681,
292897,
293113,
293545,
293761,
294192,
294408,
294624,
294840,
295055,
295271,
295379,
295703,
296135,
296350,
296566,
296782,
298077,
298293,
298509,
298617,
298940,
299372,
299480,
299804,
299912,
300127,
301099,
301207,
301314,
301530,
301638,
301962,
302178,
302394,
302502,
302663,
302933,
304984,
305199,
305415,
305631,
305847,
306171,
306494,
306710,
306926,
307142,
307358,
307789,
308077,
308221,
308329,
308545,
308976,
309084,
309300,
309732,
309948,
310055,
310271,
310811,
311207,
311530,
311674,
311890,
312106,
312322,
312537,
312753,
313077,
313401,
313617,
313832,
314048,
314264,
314588,
314696,
314912,
315127,
315235,
315451,
315883,
315991,
316207,
316638,
316854,
316962,
317178,
317717,
318113,
318365,
318581,
319444,
320415,
321063,
321458,
321782,
322142,
322681,
323005,
323437,
323976,
324300,
324732,
324876,
325199,
325487,
325595,
325919,
326027,
326350,
326458,
326674,
326998,
327214,
327430,
327861,
328401,
328725,
328940,
329048,
329228,
329552,
329804,
330020,
330163,
330487,
330667,
331099,
331530,
331962,
332178,
332394,

4 Column Long Note Times:
78365,
80955,
82466,
88077,
92178,
96278,
99732,
107502,
194696,
197717,
197933,
201278,
208077,
208293,
211962,
215631,
221027,
296998,
297214,
297645,
300451,
300667,
303041,

4 Column Release Times:
79012,
81171,
82681,
88725,
92825,
96494,
101458,
108365,
194912,
197825,
198149,
201386,
208185,
208509,
212178,
215847,
221890,
297106,
297430,
297861,
300559,
300883,
304768,

